angle,intensity
1.000000000000000000e+01,5.145564311687607528e+00
1.002000571591883471e+01,5.887487324584927961e+00
1.004001143183766764e+01,5.477309285473205946e+00
1.006001714775650235e+01,6.672185587834931653e+00
1.008002286367533529e+01,5.869694676225121199e+00
1.010002857959417000e+01,5.945695828207851363e+00
1.012003429551300293e+01,6.871494706305717237e+00
1.014004001143183764e+01,6.057018170818345482e+00
1.016004572735067235e+01,5.793970496408369364e+00
1.018005144326950528e+01,5.863269260708717567e+00
1.020005715918833999e+01,5.816584741907041334e+00
1.022006287510717293e+01,5.966812227125222634e+00
1.024006859102600764e+01,6.141554726029175626e+00
1.026007430694484057e+01,6.074776050130468619e+00
1.028008002286367528e+01,6.565042528076780570e+00
1.030008573878250999e+01,5.697087172847836278e+00
1.032009145470134293e+01,5.756891355383094933e+00
1.034009717062017764e+01,6.161229286536840100e+00
1.036010288653901057e+01,6.662176592853068513e+00
1.038010860245784528e+01,6.604288879218701780e+00
1.040011431837667999e+01,5.917872654844049229e+00
1.042012003429551292e+01,5.247468028497658921e+00
1.044012575021434763e+01,5.876429020236323630e+00
1.046013146613318057e+01,6.209192695484180291e+00
1.048013718205201528e+01,5.968678097064524124e+00
1.050014289797084821e+01,6.107590159194298707e+00
1.052014861388968292e+01,5.742479586259499058e+00
1.054015432980851585e+01,6.645459650841122112e+00
1.056016004572735056e+01,6.211818899233421121e+00
1.058016576164618527e+01,5.914286457695427934e+00
1.060017147756501821e+01,6.675393725064964201e+00
1.062017719348385292e+01,6.001410638918827090e+00
1.064018290940268585e+01,6.262258850649218722e+00
1.066018862532152056e+01,6.290846785315725498e+00
1.068019434124035527e+01,5.887303848531709960e+00
1.070020005715918820e+01,6.167290410175511717e+00
1.072020577307802292e+01,5.711838674365022683e+00
1.074021148899685585e+01,6.339992676768708257e+00
1.076021720491569056e+01,6.173871195978068549e+00
1.078022292083452349e+01,6.470744138211257379e+00
1.080022863675335820e+01,5.904789181504547457e+00
1.082023435267219291e+01,6.074573156119846828e+00
1.084024006859102585e+01,6.089863772030710720e+00
1.086024578450986056e+01,6.716817747209086420e+00
1.088025150042869349e+01,5.578264339749659406e+00
1.090025721634752820e+01,6.186669393717773247e+00
1.092026293226636113e+01,5.997476533582306146e+00
1.094026864818519584e+01,5.868132929473151904e+00
1.096027436410403055e+01,6.400294351867594322e+00
1.098028008002286349e+01,6.479285213564739188e+00
1.100028579594169820e+01,5.662633846059410558e+00
1.102029151186053113e+01,6.566973338263684568e+00
1.104029722777936584e+01,6.338157016263183507e+00
1.106030294369819877e+01,6.462139807370681943e+00
1.108030865961703348e+01,6.876556353991913895e+00
1.110031437553586819e+01,6.475071082176434345e+00
1.112032009145470113e+01,6.725833365327405389e+00
1.114032580737353584e+01,7.587844364993596713e+00
1.116033152329236877e+01,7.149514289451989413e+00
1.118033723921120348e+01,6.938958586162437214e+00
1.120034295513003642e+01,7.398278074863743115e+00
1.122034867104887113e+01,6.427860756237860684e+00
1.124035438696770584e+01,6.199991140817502355e+00
1.126036010288653877e+01,6.873220584698277236e+00
1.128036581880537348e+01,6.381122493317445077e+00
1.130037153472420641e+01,7.091493407712832209e+00
1.132037725064304112e+01,6.921420509074209804e+00
1.134038296656187583e+01,6.985377833960402683e+00
1.136038868248070877e+01,7.176922160687312591e+00
1.138039439839954348e+01,7.346951916267914662e+00
1.140040011431837641e+01,6.861917055147545241e+00
1.142040583023721112e+01,7.655941051323464919e+00
1.144041154615604405e+01,7.835738258206260909e+00
1.146041726207487876e+01,7.095872031524240953e+00
1.148042297799371170e+01,7.747169010229250752e+00
1.150042869391254641e+01,7.096155974481190398e+00
1.152043440983138112e+01,7.686959588821231648e+00
1.154044012575021405e+01,7.856079262191826729e+00
1.156044584166904876e+01,7.377780351789493096e+00
1.158045155758788169e+01,8.114384593283864078e+00
1.160045727350671640e+01,7.969310160219518657e+00
1.162046298942555111e+01,7.729487223844894395e+00
1.164046870534438405e+01,8.798882660584723681e+00
1.166047442126321876e+01,9.241496238234883975e+00
1.168048013718205169e+01,8.291407959445155740e+00
1.170048585310088640e+01,8.842474557301020610e+00
1.172049156901971934e+01,8.713304079193337159e+00
1.174049728493855405e+01,9.430410478447514677e+00
1.176050300085738698e+01,9.127139267016676882e+00
1.178050871677622169e+01,9.639661803830794184e+00
1.180051443269505640e+01,9.099721858134975250e+00
1.182052014861388933e+01,9.396831454919468030e+00
1.184052586453272404e+01,8.914948558158222625e+00
1.186053158045155698e+01,1.012137901356711467e+01
1.188053729637039169e+01,1.002996367859540783e+01
1.190054301228922640e+01,9.928609525752543519e+00
1.192054872820805933e+01,1.021861263943778297e+01
1.194055444412689404e+01,1.027354262924029094e+01
1.196056016004572697e+01,1.009777816832242792e+01
1.198056587596456168e+01,9.994956952011150975e+00
1.200057159188339639e+01,1.119910138531882993e+01
1.202057730780222933e+01,1.089558933550834396e+01
1.204058302372106226e+01,1.102189527623928456e+01
1.206058873963989697e+01,1.074058629982481960e+01
1.208059445555873168e+01,1.110947448036724339e+01
1.210060017147756461e+01,1.179144316379970903e+01
1.212060588739639932e+01,1.168671072083080631e+01
1.214061160331523226e+01,1.232687927898380664e+01
1.216061731923406697e+01,1.169424252125145713e+01
1.218062303515290168e+01,1.209226868038108194e+01
1.220062875107173461e+01,1.225398465717945840e+01
1.222063446699056932e+01,1.313643522434243671e+01
1.224064018290940226e+01,1.250445000318924471e+01
1.226064589882823697e+01,1.225129116929678474e+01
1.228065161474707168e+01,1.383823508584520212e+01
1.230065733066590461e+01,1.335258815582217196e+01
1.232066304658473754e+01,1.344520849121884254e+01
1.234066876250357225e+01,1.328214153287331101e+01
1.236067447842240696e+01,1.388565701915711692e+01
1.238068019434123990e+01,1.377497259817768338e+01
1.240068591026007461e+01,1.453855735157709717e+01
1.242069162617890754e+01,1.487559927934704262e+01
1.244069734209774225e+01,1.390097437333157693e+01
1.246070305801657696e+01,1.534553606438935702e+01
1.248070877393540989e+01,1.573215421037758155e+01
1.250071448985424460e+01,1.590015460131648339e+01
1.252072020577307754e+01,1.637066073876125927e+01
1.254072592169191225e+01,1.613636863791603204e+01
1.256073163761074696e+01,1.682901494416537247e+01
1.258073735352957989e+01,1.714105584164505913e+01
1.260074306944841460e+01,1.747586026814192905e+01
1.262074878536724754e+01,1.707066527637354270e+01
1.264075450128608225e+01,1.782717104896538274e+01
1.266076021720491518e+01,1.811827232902307117e+01
1.268076593312374989e+01,1.867554104526934822e+01
1.270077164904258282e+01,1.819494399377605021e+01
1.272077736496141753e+01,1.863605619639038480e+01
1.274078308088025224e+01,1.877665539372939207e+01
1.276078879679908518e+01,1.852900956758691819e+01
1.278079451271791989e+01,1.942779147504032977e+01
1.280080022863675282e+01,1.967477093857456794e+01
1.282080594455558753e+01,1.998300453032063118e+01
1.284081166047442224e+01,2.046274213490029581e+01
1.286081737639325517e+01,2.083057081076360362e+01
1.288082309231208988e+01,2.195303798544833995e+01
1.290082880823092282e+01,2.055773605111014035e+01
1.292083452414975753e+01,2.177783393440549276e+01
1.294084024006859224e+01,2.152855031520918772e+01
1.296084595598742517e+01,2.254833833107479535e+01
1.298085167190625810e+01,2.210202183335357518e+01
1.300085738782509281e+01,2.317706619843132643e+01
1.302086310374392752e+01,2.422066969398568403e+01
1.304086881966276046e+01,2.421276780525170480e+01
1.306087453558159517e+01,2.386055103394183874e+01
1.308088025150042810e+01,2.468481897741202857e+01
1.310088596741926281e+01,2.439959305761880870e+01
1.312089168333809752e+01,2.501554078361937528e+01
1.314089739925693046e+01,2.512957709122996164e+01
1.316090311517576517e+01,2.435547439474751741e+01
1.318090883109459810e+01,2.604742459914280772e+01
1.320091454701343281e+01,2.604457193403469617e+01
1.322092026293226752e+01,2.587105700941913966e+01
1.324092597885110045e+01,2.586948964659972461e+01
1.326093169476993339e+01,2.468231311033139974e+01
1.328093741068876810e+01,2.451316586165415856e+01
1.330094312660760281e+01,2.504331952992247778e+01
1.332094884252643574e+01,2.389262547960493066e+01
1.334095455844527045e+01,2.395601871228314650e+01
1.336096027436410338e+01,2.419377612182210413e+01
1.338096599028293809e+01,2.364603849623606280e+01
1.340097170620177280e+01,2.270906702480623807e+01
1.342097742212060574e+01,2.244807577943629084e+01
1.344098313803944045e+01,2.170905357354518372e+01
1.346098885395827338e+01,2.096322929931636736e+01
1.348099456987710809e+01,1.967402825442635361e+01
1.350100028579594280e+01,1.847183666150110071e+01
1.352100600171477573e+01,1.813386161361612992e+01
1.354101171763361044e+01,1.759930180479986461e+01
1.356101743355244338e+01,1.637710484112530196e+01
1.358102314947127809e+01,1.553676872935336206e+01
1.360102886539011102e+01,1.476159745696229919e+01
1.362103458130894573e+01,1.442036451336042191e+01
1.364104029722777867e+01,1.262026852608251914e+01
1.366104601314661338e+01,1.182855066469013217e+01
1.368105172906544809e+01,1.120061894482756770e+01
1.370105744498428102e+01,1.086947717881998443e+01
1.372106316090311573e+01,9.993225684420320221e+00
1.374106887682194866e+01,9.597692041413557362e+00
1.376107459274078337e+01,9.115182666947909240e+00
1.378108030865961808e+01,8.042114142003757848e+00
1.380108602457845102e+01,8.975021065178363955e+00
1.382109174049728573e+01,7.700185395028267266e+00
1.384109745641611866e+01,8.395599715114832051e+00
1.386110317233495337e+01,7.659537431611884273e+00
1.388110888825378808e+01,7.050811565077935938e+00
1.390111460417262101e+01,7.840630658060900871e+00
1.392112032009145395e+01,7.580381253860648982e+00
1.394112603601028866e+01,7.325533539663435789e+00
1.396113175192912337e+01,6.293392971091085641e+00
1.398113746784795630e+01,5.836274825144027290e+00
1.400114318376679101e+01,6.549774481807471460e+00
1.402114889968562395e+01,6.142610493224546886e+00
1.404115461560445866e+01,6.353148270174905576e+00
1.406116033152329337e+01,5.664523268240380105e+00
1.408116604744212630e+01,6.561084131031365452e+00
1.410117176336095923e+01,5.995547549757068495e+00
1.412117747927979394e+01,5.650270909518726015e+00
1.414118319519862865e+01,5.884628375078954754e+00
1.416118891111746336e+01,5.934832182886447427e+00
1.418119462703629630e+01,6.397003340927232884e+00
1.420120034295512923e+01,5.793999832628225377e+00
1.422120605887396394e+01,5.738320433020241751e+00
1.424121177479279865e+01,5.743838429821923164e+00
1.426121749071163336e+01,5.010750779016009737e+00
1.428122320663046629e+01,5.672249285488300430e+00
1.430122892254929923e+01,5.661539834179083464e+00
1.432123463846813394e+01,5.717474101046226664e+00
1.434124035438696865e+01,5.717953056519077037e+00
1.436124607030580158e+01,5.313674795970550591e+00
1.438125178622463629e+01,5.486151827226045441e+00
1.440125750214346922e+01,5.188801885774566358e+00
1.442126321806230393e+01,5.304881018455100516e+00
1.444126893398113864e+01,4.844376036593093460e+00
1.446127464989997158e+01,5.526080061286674727e+00
1.448128036581880451e+01,5.295186656416445814e+00
1.450128608173763922e+01,5.214042588776334419e+00
1.452129179765647393e+01,5.887486688260946899e+00
1.454129751357530864e+01,5.161909568796054337e+00
1.456130322949414158e+01,5.291517650582683530e+00
1.458130894541297451e+01,5.183549243745794399e+00
1.460131466133180922e+01,5.201342551874930109e+00
1.462132037725064393e+01,4.651118748869295771e+00
1.464132609316947686e+01,5.386279530192514819e+00
1.466133180908831157e+01,4.948343605804944367e+00
1.468133752500714451e+01,5.014977744453016584e+00
1.470134324092597922e+01,4.224443265716333329e+00
1.472134895684481393e+01,5.088550764009925231e+00
1.474135467276364686e+01,5.247719041725689593e+00
1.476136038868247979e+01,4.971210114631750443e+00
1.478136610460131450e+01,5.052519668164078048e+00
1.480137182052014921e+01,4.976724992439407913e+00
1.482137753643898392e+01,5.319823940514208260e+00
1.484138325235781686e+01,5.138857416044641191e+00
1.486138896827664979e+01,5.560524491140321324e+00
1.488139468419548450e+01,4.419719659007521173e+00
1.490140040011431921e+01,4.352148188924516603e+00
1.492140611603315392e+01,5.307670087261262992e+00
1.494141183195198685e+01,4.950041533862914456e+00
1.496141754787081979e+01,5.303727299542554618e+00
1.498142326378965450e+01,4.637444848536715014e+00
1.500142897970848921e+01,5.124842295703064821e+00
1.502143469562732214e+01,4.118279199705090932e+00
1.504144041154615508e+01,5.069525329975213879e+00
1.506144612746498979e+01,5.310567444301447004e+00
1.508145184338382450e+01,4.870813237906448379e+00
1.510145755930265921e+01,4.672902613875512756e+00
1.512146327522149214e+01,5.130363054941394552e+00
1.514146899114032507e+01,4.989160108794315818e+00
1.516147470705915978e+01,4.760238749596513941e+00
1.518148042297799449e+01,4.489857532331089196e+00
1.520148613889682920e+01,5.052108385155804626e+00
1.522149185481566214e+01,5.102735394599974939e+00
1.524149757073449507e+01,4.903543370660957024e+00
1.526150328665332978e+01,5.132386103460516935e+00
1.528150900257216449e+01,5.028782656817901042e+00
1.530151471849099742e+01,4.664977717901780174e+00
1.532152043440983036e+01,5.836470546854832797e+00
1.534152615032866507e+01,4.360518156560306835e+00
1.536153186624749978e+01,4.136146937582601879e+00
1.538153758216633449e+01,4.677366384118416320e+00
1.540154329808516742e+01,4.818785932662867033e+00
1.542154901400400036e+01,5.143940843539787977e+00
1.544155472992283507e+01,5.490925776050549878e+00
1.546156044584166978e+01,5.146414678964939426e+00
1.548156616176050449e+01,4.748885267329272963e+00
1.550157187767933742e+01,5.164758246983017997e+00
1.552157759359817035e+01,4.973240543847914807e+00
1.554158330951700506e+01,5.723475314640712241e+00
1.556158902543583977e+01,4.955592049867522775e+00
1.558159474135467271e+01,4.974825930525504702e+00
1.560160045727350742e+01,5.025581423540794290e+00
1.562160617319234035e+01,4.837924361760756575e+00
1.564161188911117506e+01,4.936809453055493790e+00
1.566161760503000977e+01,4.870783932418843776e+00
1.568162332094884270e+01,4.413262148061115830e+00
1.570162903686767564e+01,5.548329924514751710e+00
1.572163475278651035e+01,5.177776779577744293e+00
1.574164046870534506e+01,4.566158686458980043e+00
1.576164618462417977e+01,4.524046136465737611e+00
1.578165190054301270e+01,4.744005940240915820e+00
1.580165761646184563e+01,4.711451774448148555e+00
1.582166333238068034e+01,4.906991910994101147e+00
1.584166904829951505e+01,4.636503305069589409e+00
1.586167476421834799e+01,4.794162713127443354e+00
1.588168048013718270e+01,4.595758701896156317e+00
1.590168619605601563e+01,5.769023477286680190e+00
1.592169191197485034e+01,5.067942715817127741e+00
1.594169762789368505e+01,5.791875892775930623e+00
1.596170334381251799e+01,5.274653350492773285e+00
1.598170905973135092e+01,4.848398630629725758e+00
1.600171477565018563e+01,5.367235048837403433e+00
1.602172049156902034e+01,5.087507776978452689e+00
1.604172620748785505e+01,4.497319953505957812e+00
1.606173192340668976e+01,5.062169563230547453e+00
1.608173763932552092e+01,5.370763774854729000e+00
1.610174335524435563e+01,5.485818364826238636e+00
1.612174907116319034e+01,5.217589888651282592e+00
1.614175478708202505e+01,4.658338247810984711e+00
1.616176050300085620e+01,5.357686149959452138e+00
1.618176621891969091e+01,4.805121885789747083e+00
1.620177193483852562e+01,4.554654103973071244e+00
1.622177765075736033e+01,5.458607114752851430e+00
1.624178336667619504e+01,4.863896746322209808e+00
1.626178908259502620e+01,4.936424860459407427e+00
1.628179479851386091e+01,5.505164804366698306e+00
1.630180051443269562e+01,4.603431658544979044e+00
1.632180623035153033e+01,5.081487356345209427e+00
1.634181194627036149e+01,5.772385840021444281e+00
1.636181766218919620e+01,5.096410778219503612e+00
1.638182337810803091e+01,5.409924709262647013e+00
1.640182909402686562e+01,5.299624293896803451e+00
1.642183480994570033e+01,4.882319211781013912e+00
1.644184052586453504e+01,5.995552664705577683e+00
1.646184624178336620e+01,5.132249311166628303e+00
1.648185195770220091e+01,6.116325852028116294e+00
1.650185767362103562e+01,5.709792041522346651e+00
1.652186338953986677e+01,5.353386822888810848e+00
1.654186910545870148e+01,5.493233624414935790e+00
1.656187482137753619e+01,5.120572408100162676e+00
1.658188053729637090e+01,5.488426534975527460e+00
1.660188625321520561e+01,5.556300642917110011e+00
1.662189196913404032e+01,5.702255502755508410e+00
1.664189768505287148e+01,6.193133978801416362e+00
1.666190340097170619e+01,6.735321905483891314e+00
1.668190911689054090e+01,5.757975733383774219e+00
1.670191483280937561e+01,5.705937787109440329e+00
1.672192054872820677e+01,6.577317265259466694e+00
1.674192626464704148e+01,6.463912857436561410e+00
1.676193198056587619e+01,6.815683122426494656e+00
1.678193769648471090e+01,6.339918995411958136e+00
1.680194341240354561e+01,6.791969343995198471e+00
1.682194912832238032e+01,7.301558999352740997e+00
1.684195484424121148e+01,6.588271341013809845e+00
1.686196056016004619e+01,7.252752320073655667e+00
1.688196627607888090e+01,7.235098336577181932e+00
1.690197199199771205e+01,7.036616438100709914e+00
1.692197770791654676e+01,8.196284156564981771e+00
1.694198342383538147e+01,7.047985044416538614e+00
1.696198913975421618e+01,7.562335223681413865e+00
1.698199485567305089e+01,8.445522636692901486e+00
1.700200057159188560e+01,8.398323901820958781e+00
1.702200628751071676e+01,8.531996668886892010e+00
1.704201200342955147e+01,8.918724799182031759e+00
1.706201771934838618e+01,9.407504608822389258e+00
1.708202343526722089e+01,9.363248289955102166e+00
1.710202915118605205e+01,9.391798294042210671e+00
1.712203486710488676e+01,1.060271281642046404e+01
1.714204058302372147e+01,1.102113601655153374e+01
1.716204629894255618e+01,1.077716261239552153e+01
1.718205201486139089e+01,1.100743748632049801e+01
1.720205773078022204e+01,1.198062262458194027e+01
1.722206344669905675e+01,1.184547682521145262e+01
1.724206916261789146e+01,1.236364164732727389e+01
1.726207487853672617e+01,1.296785862068815121e+01
1.728208059445555733e+01,1.225514779761737394e+01
1.730208631037439204e+01,1.418304905665925375e+01
1.732209202629322675e+01,1.392247726164558941e+01
1.734209774221206146e+01,1.399314887158421072e+01
1.736210345813089617e+01,1.481116040169007420e+01
1.738210917404973088e+01,1.568962085820340846e+01
1.740211488996856204e+01,1.664043258045596119e+01
1.742212060588739675e+01,1.736729737352578695e+01
1.744212632180623146e+01,1.687315500048059747e+01
1.746213203772506262e+01,1.869489351647382591e+01
1.748213775364389733e+01,1.835513296364376146e+01
1.750214346956273204e+01,1.901222889083542000e+01
1.752214918548156675e+01,1.934097316602108307e+01
1.754215490140040146e+01,1.974066471646109022e+01
1.756216061731923617e+01,2.055389857254110098e+01
1.758216633323806732e+01,2.199710964112654210e+01
1.760217204915690203e+01,2.277162431946749166e+01
1.762217776507573674e+01,2.301852356376088338e+01
1.764218348099457145e+01,2.429460435001286100e+01
1.766218919691340261e+01,2.458050667372361886e+01
1.768219491283223732e+01,2.633882019606513580e+01
1.770220062875107203e+01,2.679462051078251150e+01
1.772220634466990674e+01,2.766413015323723812e+01
1.774221206058874145e+01,2.864075749293962758e+01
1.776221777650757616e+01,2.950933707387689964e+01
1.778222349242640732e+01,2.990715797767429507e+01
1.780222920834524203e+01,3.128253308015715817e+01
1.782223492426407674e+01,3.315175441229866493e+01
1.784224064018290790e+01,3.384164770337355321e+01
1.786224635610174261e+01,3.429476745731135878e+01
1.788225207202057732e+01,3.525396513621039674e+01
1.790225778793941203e+01,3.710751952218996763e+01
1.792226350385824674e+01,3.840322019907821272e+01
1.794226921977708145e+01,3.927817007393871052e+01
1.796227493569591260e+01,4.095007113506851226e+01
1.798228065161474731e+01,4.288556105339824853e+01
1.800228636753358202e+01,4.303915806206538974e+01
1.802229208345241318e+01,4.526351060792743652e+01
1.804229779937124789e+01,4.684551208467452454e+01
1.806230351529008260e+01,4.732523253338790425e+01
1.808230923120891731e+01,4.935127274914430728e+01
1.810231494712775202e+01,5.135047590783309346e+01
1.812232066304658673e+01,5.175784243695375153e+01
1.814232637896542144e+01,5.330192381527270129e+01
1.816233209488425260e+01,5.584875105339457235e+01
1.818233781080308731e+01,5.705129391677029105e+01
1.820234352672191847e+01,5.844948321935376612e+01
1.822234924264075318e+01,5.983559343311451073e+01
1.824235495855958789e+01,6.117986461340086635e+01
1.826236067447842260e+01,6.238676641352378738e+01
1.828236639039725731e+01,6.358659259469517622e+01
1.830237210631609202e+01,6.590907491735215729e+01
1.832237782223492673e+01,6.694236940400421076e+01
1.834238353815375788e+01,6.812870060388053162e+01
1.836238925407259259e+01,6.820991742579269612e+01
1.838239496999142730e+01,6.922538270580419351e+01
1.840240068591025846e+01,6.947236198471040325e+01
1.842240640182909317e+01,6.998097095978434368e+01
1.844241211774792788e+01,7.118355321091971177e+01
1.846241783366676259e+01,7.039138997102674011e+01
1.848242354958559730e+01,7.045194939516808574e+01
1.850242926550443201e+01,6.989404557128709428e+01
1.852243498142326672e+01,6.958196360642546097e+01
1.854244069734209788e+01,6.807011968691494985e+01
1.856244641326093259e+01,6.642497697859778327e+01
1.858245212917976374e+01,6.427505918597086065e+01
1.860245784509859845e+01,6.363206198626398447e+01
1.862246356101743316e+01,6.144863626459280681e+01
1.864246927693626787e+01,5.903119008383205824e+01
1.866247499285510258e+01,5.666343085894276044e+01
1.868248070877393729e+01,5.489400936505067818e+01
1.870248642469277200e+01,5.313758063928457887e+01
1.872249214061160316e+01,5.105735909106176962e+01
1.874249785653043787e+01,4.820810509699079205e+01
1.876250357244927258e+01,4.725807676820048187e+01
1.878250928836810374e+01,4.434125923427573923e+01
1.880251500428693845e+01,4.362784972232415726e+01
1.882252072020577316e+01,4.131121336890929285e+01
1.884252643612460787e+01,4.078227489738127076e+01
1.886253215204344258e+01,3.873818160543765998e+01
1.888253786796227729e+01,3.796247902698294752e+01
1.890254358388111200e+01,3.816385919621292544e+01
1.892254929979994316e+01,3.770174202974881439e+01
1.894255501571877787e+01,3.733366953149120349e+01
1.896256073163760902e+01,3.639441770688467415e+01
1.898256644755644373e+01,3.686409161550666624e+01
1.900257216347527844e+01,3.673674598530046609e+01
1.902257787939411315e+01,3.586095488790553532e+01
1.904258359531294786e+01,3.663467211177646732e+01
1.906258931123178257e+01,3.713873355423649514e+01
1.908259502715061728e+01,3.728007760310356389e+01
1.910260074306944844e+01,3.779539436938156882e+01
1.912260645898828315e+01,3.766775314454208967e+01
1.914261217490711431e+01,3.805502924854749836e+01
1.916261789082594902e+01,3.879564336613246667e+01
1.918262360674478373e+01,3.936845702135450153e+01
1.920262932266361844e+01,4.100989469191399905e+01
1.922263503858245315e+01,4.073770005976361119e+01
1.924264075450128786e+01,4.130055794436631800e+01
1.926264647042012257e+01,4.187228190030607777e+01
1.928265218633895373e+01,4.220602331844068544e+01
1.930265790225778844e+01,4.239480662039913028e+01
1.932266361817662315e+01,4.243569794333936329e+01
1.934266933409545430e+01,4.358232336537705010e+01
1.936267505001428901e+01,4.298292484933573832e+01
1.938268076593312372e+01,4.258322198638457223e+01
1.940268648185195843e+01,4.326233753359019829e+01
1.942269219777079314e+01,4.206858633858808361e+01
1.944269791368962785e+01,4.137986898032620786e+01
1.946270362960846256e+01,4.080030809448022922e+01
1.948270934552729372e+01,4.036566387779273413e+01
1.950271506144612843e+01,3.839060725380066685e+01
1.952272077736495959e+01,3.753351835575465856e+01
1.954272649328379430e+01,3.681603666764438287e+01
1.956273220920262901e+01,3.446353548019658319e+01
1.958273792512146372e+01,3.294347359845328072e+01
1.960274364104029843e+01,3.112332117435380141e+01
1.962274935695913314e+01,2.983013401936402076e+01
1.964275507287796785e+01,2.791419937601619949e+01
1.966276078879679901e+01,2.548419299285471595e+01
1.968276650471563372e+01,2.409764977410324605e+01
1.970277222063446487e+01,2.273596371027463547e+01
1.972277793655329958e+01,2.046333598451888491e+01
1.974278365247213429e+01,1.891360884754033123e+01
1.976278936839096900e+01,1.784089155443309949e+01
1.978279508430980371e+01,1.618963860005281674e+01
1.980280080022863842e+01,1.589362089126749034e+01
1.982280651614747313e+01,1.449296540889478635e+01
1.984281223206630784e+01,1.228943452572555195e+01
1.986281794798513900e+01,1.264390166603416432e+01
1.988282366390397371e+01,1.187169928625086612e+01
1.990282937982280487e+01,1.071176019279508296e+01
1.992283509574163958e+01,1.043507249194417597e+01
1.994284081166047429e+01,9.053577526265268460e+00
1.996284652757930900e+01,8.471022248233753160e+00
1.998285224349814371e+01,8.765274953361934962e+00
2.000285795941697842e+01,8.335289357159279433e+00
2.002286367533581313e+01,7.606263229783724711e+00
2.004286939125464428e+01,8.197031443693992614e+00
2.006287510717347899e+01,7.238211210373878934e+00
2.008288082309231015e+01,6.768915025497331150e+00
2.010288653901114486e+01,7.220056113977467049e+00
2.012289225492997957e+01,6.914066185347760296e+00
2.014289797084881428e+01,6.297160051792106472e+00
2.016290368676764899e+01,6.500623398978309098e+00
2.018290940268648370e+01,6.505155169479225563e+00
2.020291511860531841e+01,6.722322334226110030e+00
2.022292083452414957e+01,5.521011631405062126e+00
2.024292655044298428e+01,5.830536494498588240e+00
2.026293226636181899e+01,5.944856230471047276e+00
2.028293798228065015e+01,5.796998593225115570e+00
2.030294369819948486e+01,5.633445195954839946e+00
2.032294941411831957e+01,5.375613347690179289e+00
2.034295513003715428e+01,5.636610163929429262e+00
2.036296084595598899e+01,5.636907558504783644e+00
2.038296656187482370e+01,5.539828978181069452e+00
2.040297227779365841e+01,5.082685177193824622e+00
2.042297799371248956e+01,5.029965922962011504e+00
2.044298370963132427e+01,5.228812475203544530e+00
2.046298942555015543e+01,4.423909907807568764e+00
2.048299514146899014e+01,4.428557293940424522e+00
2.050300085738782485e+01,5.089912692597924782e+00
2.052300657330665956e+01,4.930262663006078405e+00
2.054301228922549427e+01,4.962924342865065341e+00
2.056301800514432898e+01,5.214666330892256951e+00
2.058302372106316369e+01,4.574502327205272501e+00
2.060302943698199485e+01,4.914541307509962209e+00
2.062303515290082956e+01,5.237497602648584660e+00
2.064304086881966072e+01,4.276453025745439618e+00
2.066304658473849543e+01,5.405688976344383612e+00
2.068305230065733014e+01,4.717163647504067470e+00
2.070305801657616485e+01,5.109668883741623979e+00
2.072306373249499956e+01,4.700531824851517548e+00
2.074306944841383427e+01,4.452315409017186809e+00
2.076307516433266898e+01,4.314305898086149504e+00
2.078308088025150369e+01,4.971778564969991265e+00
2.080308659617033484e+01,4.092640353220430072e+00
2.082309231208916955e+01,4.648911267544466597e+00
2.084309802800800071e+01,4.837988862890863828e+00
2.086310374392683542e+01,4.658326635842350072e+00
2.088310945984567013e+01,5.272765066390249444e+00
2.090311517576450484e+01,5.217811268369963784e+00
2.092312089168333955e+01,5.276679573538413770e+00
2.094312660760217426e+01,4.409093660126998770e+00
2.096313232352100897e+01,3.822316328754338244e+00
2.098313803943984013e+01,4.725519978688314637e+00
2.100314375535867484e+01,4.368373217926643015e+00
2.102314947127750600e+01,4.210047658816716165e+00
2.104315518719634071e+01,4.051799321144924804e+00
2.106316090311517542e+01,4.125538317930766752e+00
2.108316661903401013e+01,4.634350820825915207e+00
2.110317233495284484e+01,5.150898057552326215e+00
2.112317805087167955e+01,4.312926973156630872e+00
2.114318376679051426e+01,4.925681423803135672e+00
2.116318948270934541e+01,4.700694710305275414e+00
2.118319519862818012e+01,4.136657719469019945e+00
2.120320091454701483e+01,4.732455163717674829e+00
2.122320663046584599e+01,4.943155950815525834e+00
2.124321234638468070e+01,4.870319692816848622e+00
2.126321806230351541e+01,4.824625292697059642e+00
2.128322377822235012e+01,5.220411380580152638e+00
2.130322949414118483e+01,5.110581474057557472e+00
2.132323521006001954e+01,4.961539963765035921e+00
2.134324092597885425e+01,5.197479935657890238e+00
2.136324664189768541e+01,4.840288278304631042e+00
2.138325235781652012e+01,4.117286392878727774e+00
2.140325807373535127e+01,5.161640671613531239e+00
2.142326378965418598e+01,4.961403834380847755e+00
2.144326950557302069e+01,4.493036851041514623e+00
2.146327522149185540e+01,4.973139431458083237e+00
2.148328093741069011e+01,5.345360629085162074e+00
2.150328665332952482e+01,5.359235540250142371e+00
2.152329236924835953e+01,4.736181229978646101e+00
2.154329808516719069e+01,4.816648421724208262e+00
2.156330380108602540e+01,4.857028648572065066e+00
2.158330951700485656e+01,5.478801788274749285e+00
2.160331523292369127e+01,6.095086867710035605e+00
2.162332094884252598e+01,5.390866592598338336e+00
2.164332666476136069e+01,5.762012464423657221e+00
2.166333238068019540e+01,5.649045137432859853e+00
2.168333809659903011e+01,5.343278144196077939e+00
2.170334381251786482e+01,5.989276683880699892e+00
2.172334952843669598e+01,6.082980190560490108e+00
2.174335524435553069e+01,5.668941101116624637e+00
2.176336096027436540e+01,6.337088266993411878e+00
2.178336667619319655e+01,5.965317933192222810e+00
2.180337239211203126e+01,7.051269670763454123e+00
2.182337810803086597e+01,6.824520270277665723e+00
2.184338382394970068e+01,7.484982462903275291e+00
2.186338953986853539e+01,7.253145623951642307e+00
2.188339525578737010e+01,7.853236081295123405e+00
2.190340097170620481e+01,7.131217008936324930e+00
2.192340668762503597e+01,8.558134062973074663e+00
2.194341240354387068e+01,9.164085133167395369e+00
2.196341811946270184e+01,9.176229630999870324e+00
2.198342383538153655e+01,9.238100521146828115e+00
2.200342955130037126e+01,9.348303986575102087e+00
2.202343526721920597e+01,9.639338306754179797e+00
2.204344098313804068e+01,1.023757153240990370e+01
2.206344669905687539e+01,1.042378790302051428e+01
2.208345241497571010e+01,1.140104560398511424e+01
2.210345813089454126e+01,1.142708907385020112e+01
2.212346384681337597e+01,1.224764871394216925e+01
2.214346956273221068e+01,1.256570602202739551e+01
2.216347527865104183e+01,1.335071670085749851e+01
2.218348099456987654e+01,1.409684167555139744e+01
2.220348671048871125e+01,1.473322018911961528e+01
2.222349242640754596e+01,1.372097901209566295e+01
2.224349814232638067e+01,1.509554628114774033e+01
2.226350385824521538e+01,1.555985981297077281e+01
2.228350957416405009e+01,1.573606250177834198e+01
2.230351529008288125e+01,1.779241491314450840e+01
2.232352100600171596e+01,1.790569974472974479e+01
2.234352672192054712e+01,1.787616774941814057e+01
2.236353243783938183e+01,1.940855083960898853e+01
2.238353815375821654e+01,2.037707286613768076e+01
2.240354386967705125e+01,2.096706299195529510e+01
2.242354958559588596e+01,2.165906778571726932e+01
2.244355530151472067e+01,2.296257575051095401e+01
2.246356101743355538e+01,2.370284832063358493e+01
2.248356673335238654e+01,2.469050358389623057e+01
2.250357244927122125e+01,2.518266291368188448e+01
2.252357816519005240e+01,2.656784070313925383e+01
2.254358388110888711e+01,2.697945310825698328e+01
2.256358959702772182e+01,2.812133559562255058e+01
2.258359531294655653e+01,2.911903486169001098e+01
2.260360102886539124e+01,2.941593807553780948e+01
2.262360674478422595e+01,3.092639331988425866e+01
2.264361246070306066e+01,3.168167346731609157e+01
2.266361817662189182e+01,3.244090324703991257e+01
2.268362389254072653e+01,3.371844769192018276e+01
2.270362960845956124e+01,3.495329369124398511e+01
2.272363532437839240e+01,3.632435207425453427e+01
2.274364104029722711e+01,3.713777820336463265e+01
2.276364675621606182e+01,3.799850560323334037e+01
2.278365247213489653e+01,3.934186093404565554e+01
2.280365818805373124e+01,3.913164649127617167e+01
2.282366390397256595e+01,4.001042958362822333e+01
2.284366961989140066e+01,4.105560273445273367e+01
2.286367533581023181e+01,4.164672817078215417e+01
2.288368105172906652e+01,4.148644320602322466e+01
2.290368676764789768e+01,4.190394206117039744e+01
2.292369248356673239e+01,4.138053021247024787e+01
2.294369819948556710e+01,4.226285760678645431e+01
2.296370391540440181e+01,4.166945930035009837e+01
2.298370963132323652e+01,4.114546259621732105e+01
2.300371534724207123e+01,4.012309424735683905e+01
2.302372106316090594e+01,3.948576811050415358e+01
2.304372677907973710e+01,3.755904503048009957e+01
2.306373249499857181e+01,3.685848976955453793e+01
2.308373821091740652e+01,3.471732034970582959e+01
2.310374392683623768e+01,3.255055644520575697e+01
2.312374964275507239e+01,3.056986974647993804e+01
2.314375535867390710e+01,2.940864242913214710e+01
2.316376107459274181e+01,2.796359332360470518e+01
2.318376679051157652e+01,2.511463042093227926e+01
2.320377250643041123e+01,2.357358389510612540e+01
2.322377822234924594e+01,2.219433739654044047e+01
2.324378393826807709e+01,2.065012987487489937e+01
2.326378965418691180e+01,1.980014355689589323e+01
2.328379537010574296e+01,1.831319266168595306e+01
2.330380108602457767e+01,1.620870837177975332e+01
2.332380680194341238e+01,1.498823852747156238e+01
2.334381251786224709e+01,1.463158344007510081e+01
2.336381823378108180e+01,1.388523046364645452e+01
2.338382394969991651e+01,1.324072924614623759e+01
2.340382966561875122e+01,1.295215809456421141e+01
2.342383538153758238e+01,1.166525767092033306e+01
2.344384109745641709e+01,1.175638192013947503e+01
2.346384681337524825e+01,1.117604549139994319e+01
2.348385252929408296e+01,1.179369247391675124e+01
2.350385824521291767e+01,1.108807461377631043e+01
2.352386396113175238e+01,1.085543615683672236e+01
2.354386967705058709e+01,1.134226855761802533e+01
2.356387539296942180e+01,1.193261535580879595e+01
2.358388110888825651e+01,1.183054355563626459e+01
2.360388682480708766e+01,1.141315711013303869e+01
2.362389254072592237e+01,1.180534650939044639e+01
2.364389825664475708e+01,1.218786380598309549e+01
2.366390397256358824e+01,1.264386108799993735e+01
2.368390968848242295e+01,1.257410508733816101e+01
2.370391540440125766e+01,1.353335071285211022e+01
2.372392112032009237e+01,1.370589905985431756e+01
2.374392683623892708e+01,1.393341451101352746e+01
2.376393255215776179e+01,1.349136416453473686e+01
2.378393826807659650e+01,1.439559254764288454e+01
2.380394398399542766e+01,1.505542741074802038e+01
2.382394969991426237e+01,1.588339984640093761e+01
2.384395541583309353e+01,1.611865331648080257e+01
2.386396113175192824e+01,1.645220251777165998e+01
2.388396684767076295e+01,1.732579874870148373e+01
2.390397256358959766e+01,1.827999592607576318e+01
2.392397827950843237e+01,1.862791045045145211e+01
2.394398399542726708e+01,1.936875042883382037e+01
2.396398971134610179e+01,1.965660905293406557e+01
2.398399542726493294e+01,2.072900102777902731e+01
2.400400114318376765e+01,2.143102241132961794e+01
2.402400685910260236e+01,2.188043351988455498e+01
2.404401257502143352e+01,2.258776392582842973e+01
2.406401829094026823e+01,2.363332233247707492e+01
2.408402400685910294e+01,2.431739618462439978e+01
2.410402972277793765e+01,2.649980143597662163e+01
2.412403543869677236e+01,2.705513647633007679e+01
2.414404115461560707e+01,2.797477126726100494e+01
2.416404687053444178e+01,2.850113794047932458e+01
2.418405258645327294e+01,2.982022063908437204e+01
2.420405830237210765e+01,3.137993847606461628e+01
2.422406401829093880e+01,3.195775804067766757e+01
2.424406973420977351e+01,3.278978510670685154e+01
2.426407545012860822e+01,3.329351346434298620e+01
2.428408116604744293e+01,3.389734804641736332e+01
2.430408688196627764e+01,3.468068548302419885e+01
2.432409259788511235e+01,3.590250205046532983e+01
2.434409831380394706e+01,3.722964929429402048e+01
2.436410402972277822e+01,3.753786435792449083e+01
2.438410974564161293e+01,3.831226434580734974e+01
2.440411546156044409e+01,3.913416672930070916e+01
2.442412117747927880e+01,3.844123804779829356e+01
2.444412689339811351e+01,3.854562043092386148e+01
2.446413260931694822e+01,3.760113756252547290e+01
2.448413832523578293e+01,3.804813013172652347e+01
2.450414404115461764e+01,3.677006880147803969e+01
2.452414975707345235e+01,3.619258499788059424e+01
2.454415547299228351e+01,3.490402211093171303e+01
2.456416118891111822e+01,3.356203921252244982e+01
2.458416690482995293e+01,3.277501297515075862e+01
2.460417262074878408e+01,3.104748562694661729e+01
2.462417833666761879e+01,2.854251104553635088e+01
2.464418405258645350e+01,2.746343614413532208e+01
2.466418976850528821e+01,2.488060365425065967e+01
2.468419548442412292e+01,2.320770925989718592e+01
2.470420120034295763e+01,2.216723257990513574e+01
2.472420691626179234e+01,2.015687369993653988e+01
2.474421263218062350e+01,1.854017758164927088e+01
2.476421834809945821e+01,1.716387827774537556e+01
2.478422406401828937e+01,1.556938235582622099e+01
2.480422977993712408e+01,1.424269716136206299e+01
2.482423549585595879e+01,1.388230686130354741e+01
2.484424121177479350e+01,1.171343613202670753e+01
2.486424692769362821e+01,1.081806432309811683e+01
2.488425264361246292e+01,1.073762493866481371e+01
2.490425835953129763e+01,9.718325815326725348e+00
2.492426407545012879e+01,8.386171210747278337e+00
2.494426979136896350e+01,8.295716684051519962e+00
2.496427550728779821e+01,7.932576387490327008e+00
2.498428122320662936e+01,7.190542287204390703e+00
2.500428693912546407e+01,7.442662170026075330e+00
2.502429265504429878e+01,6.547850995745769787e+00
2.504429837096313349e+01,6.606240971091189351e+00
2.506430408688196820e+01,5.588605321199412224e+00
2.508430980280080291e+01,5.894273845172621762e+00
2.510431551871963762e+01,5.381625495026328920e+00
2.512432123463846878e+01,5.401911076737578199e+00
2.514432695055730349e+01,5.493204846312107037e+00
2.516433266647613465e+01,5.601755288812185540e+00
2.518433838239496936e+01,4.804173174532802904e+00
2.520434409831380407e+01,4.878184105976076879e+00
2.522434981423263878e+01,4.461823153073723347e+00
2.524435553015147349e+01,4.173269857689919426e+00
2.526436124607030820e+01,4.255067927511097636e+00
2.528436696198914291e+01,5.048791172390972193e+00
2.530437267790797407e+01,4.373241762132380472e+00
2.532437839382680878e+01,4.506974555695602902e+00
2.534438410974563993e+01,4.640944796832274122e+00
2.536438982566447464e+01,4.318435675548263575e+00
2.538439554158330935e+01,4.883971427961503409e+00
2.540440125750214406e+01,4.360007386452868339e+00
2.542440697342097877e+01,3.921981323140516729e+00
2.544441268933981348e+01,4.787641499110485199e+00
2.546441840525864819e+01,3.601218181239120852e+00
2.548442412117747935e+01,4.310980589425229326e+00
2.550442983709631406e+01,3.869289718069239825e+00
2.552443555301514877e+01,3.365686863395563222e+00
2.554444126893397993e+01,4.052389263922309581e+00
2.556444698485281464e+01,3.954771319819821773e+00
2.558445270077164935e+01,3.234251861294085373e+00
2.560445841669048406e+01,4.002632670776117507e+00
2.562446413260931877e+01,3.801432433043258730e+00
2.564446984852815348e+01,2.980231373281572615e+00
2.566447556444698819e+01,3.947666103999525333e+00
2.568448128036581934e+01,3.542847063410923258e+00
2.570448699628465405e+01,3.556077924908345622e+00
2.572449271220348521e+01,3.669138187594861655e+00
2.574449842812231992e+01,3.537800733182480784e+00
2.576450414404115463e+01,3.140085529365615358e+00
2.578450985995998934e+01,4.341232597984098440e+00
2.580451557587882405e+01,4.386865620527418130e+00
2.582452129179765876e+01,3.270973921889035463e+00
2.584452700771649347e+01,4.064945600215270183e+00
2.586453272363532463e+01,3.223727044034959022e+00
2.588453843955415934e+01,3.966308634022514656e+00
2.590454415547299405e+01,3.685026591529498852e+00
2.592454987139182521e+01,4.220370082830370961e+00
2.594455558731065992e+01,3.778338607282687889e+00
2.596456130322949463e+01,3.191530270605465347e+00
2.598456701914832934e+01,4.288312045229641711e+00
2.600457273506716405e+01,3.448808164837334989e+00
2.602457845098599520e+01,4.620060383643306068e+00
2.604458416690482991e+01,2.851547692892526520e+00
2.606458988282366462e+01,3.127847014513392754e+00
2.608459559874249933e+01,3.542661390548748734e+00
2.610460131466133404e+01,3.536577942111208905e+00
2.612460703058016520e+01,4.054393023550455943e+00
2.614461274649899991e+01,4.273119618361457484e+00
2.616461846241783462e+01,4.202863615973606137e+00
2.618462417833666933e+01,3.485190159970802615e+00
2.620462989425550404e+01,3.575430762585073197e+00
2.622463561017433520e+01,4.846813976887598407e+00
2.624464132609316991e+01,3.777627945602238579e+00
2.626464704201200462e+01,4.259054508629477098e+00
2.628465275793083933e+01,4.273716914966184888e+00
2.630465847384967049e+01,4.257604624801640369e+00
2.632466418976850520e+01,4.750362576124919300e+00
2.634466990568733991e+01,4.962561395430434175e+00
2.636467562160617462e+01,5.090351386955607182e+00
2.638468133752500933e+01,4.081207881225022760e+00
2.640468705344384048e+01,4.419459951301987211e+00
2.642469276936267519e+01,3.926297953503785187e+00
2.644469848528150990e+01,5.407071678875720266e+00
2.646470420120034461e+01,5.682940059111448505e+00
2.648470991711917932e+01,4.817024980459125416e+00
2.650471563303801048e+01,4.995138041784422001e+00
2.652472134895684519e+01,5.285763453559413350e+00
2.654472706487567990e+01,5.323692715074727744e+00
2.656473278079451461e+01,5.644296053061157892e+00
2.658473849671334932e+01,5.779538341216461816e+00
2.660474421263218048e+01,5.725960819399190882e+00
2.662474992855101519e+01,5.695243100645142498e+00
2.664475564446984990e+01,5.247328269243004328e+00
2.666476136038868461e+01,6.119635730344469948e+00
2.668476707630751577e+01,6.788548727659198256e+00
2.670477279222635048e+01,6.912101918216731811e+00
2.672477850814518519e+01,7.005627087282385368e+00
2.674478422406401990e+01,6.364197940886150207e+00
2.676478993998285461e+01,6.546451255929182977e+00
2.678479565590168576e+01,6.653653973623131712e+00
2.680480137182052047e+01,7.177002153494091097e+00
2.682480708773935518e+01,6.911622536644285830e+00
2.684481280365818989e+01,7.143167304221815783e+00
2.686481851957702460e+01,7.660471955317871284e+00
2.688482423549585576e+01,7.296109264785848758e+00
2.690482995141469047e+01,7.257982624065173027e+00
2.692483566733352518e+01,7.655169903993238378e+00
2.694484138325235989e+01,7.888833624249516063e+00
2.696484709917119105e+01,8.144740321331834565e+00
2.698485281509002576e+01,8.528515351242461406e+00
2.700485853100886047e+01,8.054819380363696268e+00
2.702486424692769518e+01,7.727638387940437781e+00
2.704486996284652989e+01,7.538299019634466802e+00
2.706487567876536104e+01,8.082110610878716628e+00
2.708488139468419575e+01,7.483097453876334626e+00
2.710488711060303046e+01,7.900249621002188860e+00
2.712489282652186517e+01,7.860420285199933410e+00
2.714489854244069988e+01,7.839337629449508071e+00
2.716490425835953104e+01,7.703889494142062588e+00
2.718490997427836575e+01,6.627399701358575257e+00
2.720491569019720046e+01,6.637797728626594562e+00
2.722492140611603517e+01,6.973783178425427387e+00
2.724492712203486633e+01,6.920398508275782845e+00
2.726493283795370104e+01,6.237989203482555922e+00
2.728493855387253575e+01,6.036054457117735694e+00
2.730494426979137046e+01,5.697730237677569143e+00
2.732494998571020517e+01,4.878832955602909749e+00
2.734495570162903633e+01,4.836958224375223381e+00
2.736496141754787104e+01,5.454615572815349367e+00
2.738496713346670575e+01,5.283393689492241307e+00
2.740497284938554046e+01,4.518370357136291204e+00
2.742497856530437517e+01,4.583415992090111857e+00
2.744498428122320632e+01,4.871087831394357970e+00
2.746498999714204103e+01,4.662452184704193314e+00
2.748499571306087574e+01,4.804849812769225181e+00
2.750500142897971045e+01,4.068005934494416387e+00
2.752500714489854516e+01,4.629869112053277114e+00
2.754501286081737632e+01,3.714562000604380465e+00
2.756501857673621103e+01,3.871903993635627206e+00
2.758502429265504574e+01,4.034580525462878597e+00
2.760503000857388045e+01,4.273967172567706641e+00
2.762503572449271161e+01,4.126033104814522012e+00
2.764504144041154632e+01,4.485339412250722191e+00
2.766504715633038103e+01,4.533179528653468182e+00
2.768505287224921574e+01,4.480311074613844369e+00
2.770505858816805045e+01,4.060948279379712034e+00
2.772506430408688161e+01,4.619701745554491978e+00
2.774507002000571632e+01,4.522633371201041363e+00
2.776507573592455103e+01,4.023363261890380294e+00
2.778508145184338574e+01,4.380167033861258830e+00
2.780508716776222045e+01,4.159668453624824735e+00
2.782509288368105160e+01,3.821359849051220170e+00
2.784509859959988631e+01,3.755087745413086875e+00
2.786510431551872102e+01,3.763556433416996860e+00
2.788511003143755573e+01,4.209424756075809348e+00
2.790511574735638689e+01,3.934587779235640070e+00
2.792512146327522160e+01,3.961573592711314262e+00
2.794512717919405631e+01,4.736154012228660726e+00
2.796513289511289102e+01,4.169388798597768009e+00
2.798513861103172573e+01,3.300660528594174359e+00
2.800514432695055689e+01,4.288745271928804392e+00
2.802515004286939160e+01,3.810538794091960391e+00
2.804515575878822631e+01,4.378197754658216923e+00
2.806516147470706102e+01,3.926374924824660440e+00
2.808516719062589573e+01,4.026793887695054863e+00
2.810517290654472689e+01,4.148215015049030896e+00
2.812517862246356160e+01,3.668498617213202362e+00
2.814518433838239631e+01,4.820074481715606041e+00
2.816519005430123102e+01,4.865297336483527246e+00
2.818519577022006217e+01,4.295295394934247390e+00
2.820520148613889688e+01,4.393541804926433869e+00
2.822520720205773159e+01,4.139095019248852481e+00
2.824521291797656630e+01,4.681170386616540391e+00
2.826521863389540101e+01,4.931455654316525106e+00
2.828522434981423217e+01,5.207003389685571193e+00
2.830523006573306688e+01,4.929604785471399353e+00
2.832523578165190159e+01,4.784069214393467107e+00
2.834524149757073630e+01,5.225940326861078233e+00
2.836524721348957101e+01,5.665693361465184097e+00
2.838525292940840217e+01,5.556546991408826131e+00
2.840525864532723688e+01,5.785447697103792031e+00
2.842526436124607159e+01,5.452575546004625018e+00
2.844527007716490630e+01,4.974901494796485579e+00
2.846527579308374101e+01,5.851468750469479119e+00
2.848528150900257216e+01,5.471418324394468513e+00
2.850528722492140687e+01,5.955694706833174479e+00
2.852529294084024158e+01,5.719660957902853227e+00
2.854529865675907629e+01,6.289796077696342635e+00
2.856530437267790745e+01,7.100961805125481696e+00
2.858531008859674216e+01,7.154887922980591952e+00
2.860531580451557687e+01,6.985797745974746675e+00
2.862532152043441158e+01,7.724847788712345675e+00
2.864532723635324629e+01,8.213067883397386026e+00
2.866533295227207745e+01,8.513044391331698435e+00
2.868533866819091216e+01,9.326962144426333978e+00
2.870534438410974687e+01,8.791937283334426922e+00
2.872535010002858158e+01,9.342812569518899934e+00
2.874535581594741629e+01,1.029835620891543968e+01
2.876536153186624745e+01,1.078198681868646425e+01
2.878536724778508216e+01,1.160519620787564143e+01
2.880537296370391687e+01,1.180124951340394546e+01
2.882537867962275158e+01,1.236025985263714588e+01
2.884538439554158273e+01,1.291607977416831865e+01
2.886539011146041744e+01,1.496695456007478064e+01
2.888539582737925215e+01,1.594847366536233757e+01
2.890540154329808686e+01,1.713077310973353917e+01
2.892540725921692157e+01,1.744626998852564270e+01
2.894541297513575273e+01,1.866326869885721251e+01
2.896541869105458744e+01,1.900526614693167460e+01
2.898542440697342215e+01,2.035561862097982555e+01
2.900543012289225686e+01,2.199005497039173918e+01
2.902543583881109157e+01,2.440612732803129958e+01
2.904544155472992273e+01,2.561409943039298298e+01
2.906544727064875744e+01,2.772450393324693607e+01
2.908545298656759215e+01,2.893506939822599833e+01
2.910545870248642686e+01,3.034343931958595419e+01
2.912546441840525802e+01,3.190714883127019164e+01
2.914547013432409273e+01,3.470262357996894309e+01
2.916547585024292744e+01,3.703718894847767018e+01
2.918548156616176215e+01,3.893181848361790287e+01
2.920548728208059686e+01,4.124222217277522873e+01
2.922549299799942801e+01,4.326416581606328293e+01
2.924549871391826272e+01,4.618688053532248716e+01
2.926550442983709743e+01,4.978280348373463937e+01
2.928551014575593214e+01,5.184466830741123999e+01
2.930551586167476685e+01,5.453723777579159560e+01
2.932552157759359801e+01,5.739248970757465429e+01
2.934552729351243272e+01,6.026901935557771139e+01
2.936553300943126743e+01,6.320381662115751453e+01
2.938553872535010214e+01,6.611405056760877130e+01
2.940554444126893330e+01,6.971671982477276686e+01
2.942555015718776801e+01,7.314773200318532531e+01
2.944555587310660272e+01,7.628094989351725985e+01
2.946556158902543743e+01,7.940035891103599397e+01
2.948556730494427214e+01,8.207031376650587617e+01
2.950557302086310330e+01,8.477147968090474706e+01
2.952557873678193801e+01,8.853676814555842611e+01
2.954558445270077272e+01,9.070964172628055167e+01
2.956559016861960743e+01,9.314558739779394614e+01
2.958559588453844214e+01,9.490685422466131627e+01
2.960560160045727329e+01,9.628616890604992307e+01
2.962560731637610800e+01,9.723743111807871742e+01
2.964561303229494271e+01,9.890209351860519860e+01
2.966561874821377742e+01,9.866772540673780156e+01
2.968562446413261213e+01,9.923670328755062542e+01
2.970563018005144329e+01,9.787314915430505380e+01
2.972563589597027800e+01,9.570274361398989527e+01
2.974564161188911271e+01,9.479371425495884296e+01
2.976564732780794742e+01,9.166807476527682752e+01
2.978565304372677858e+01,8.828357655018299965e+01
2.980565875964561329e+01,8.500367525184114470e+01
2.982566447556444800e+01,8.151604694770810511e+01
2.984567019148328271e+01,7.750163441508885853e+01
2.986567590740211742e+01,7.426110553445957407e+01
2.988568162332094857e+01,6.942280422498079417e+01
2.990568733923978328e+01,6.496410662443904016e+01
2.992569305515861799e+01,6.018601520366601676e+01
2.994569877107745270e+01,5.630356617509802675e+01
2.996570448699628741e+01,5.127234159356413556e+01
2.998571020291511857e+01,4.744197559594807956e+01
3.000571591883395328e+01,4.351581815890529015e+01
3.002572163475278799e+01,4.018624107466713724e+01
3.004572735067162270e+01,3.593235813248223565e+01
3.006573306659045386e+01,3.338073090500652995e+01
3.008573878250928857e+01,3.092742428662159782e+01
3.010574449842812328e+01,2.785363737939090356e+01
3.012575021434695799e+01,2.608630423288770217e+01
3.014575593026579270e+01,2.439873537083678201e+01
3.016576164618462386e+01,2.260531223177003923e+01
3.018576736210345857e+01,2.192062418119004263e+01
3.020577307802229328e+01,2.057703479727687679e+01
3.022577879394112799e+01,1.830842693355382522e+01
3.024578450985996270e+01,1.836327897014477628e+01
3.026579022577879385e+01,1.778642692999907027e+01
3.028579594169762856e+01,1.798982867169367239e+01
3.030580165761646327e+01,1.792046664203917317e+01
3.032580737353529798e+01,1.663101946540702158e+01
3.034581308945412914e+01,1.663865211145040846e+01
3.036581880537296385e+01,1.645658554939935669e+01
3.038582452129179856e+01,1.589574216630890646e+01
3.040583023721063327e+01,1.661365130956273717e+01
3.042583595312946798e+01,1.735085445343248622e+01
3.044584166904829914e+01,1.754990612106258396e+01
3.046584738496713385e+01,1.741789134794177585e+01
3.048585310088596856e+01,1.812113910039825271e+01
3.050585881680480327e+01,1.825038902687641240e+01
3.052586453272363798e+01,1.889540644889786591e+01
3.054587024864246914e+01,1.877415233277659823e+01
3.056587596456130385e+01,1.991069341729246389e+01
3.058588168048013856e+01,2.020925881116720646e+01
3.060588739639897327e+01,2.055347471682371818e+01
3.062589311231780798e+01,2.082742963885496579e+01
3.064589882823663913e+01,2.264699243152248798e+01
3.066590454415547384e+01,2.315260154099127021e+01
3.068591026007430855e+01,2.330771476654219043e+01
3.070591597599314326e+01,2.354184622302705066e+01
3.072592169191197442e+01,2.463984722065562494e+01
3.074592740783080913e+01,2.478732505557223931e+01
3.076593312374964384e+01,2.613205356979947425e+01
3.078593883966847855e+01,2.634083131542569234e+01
3.080594455558731326e+01,2.681166543470506980e+01
3.082595027150614442e+01,2.756900553472830495e+01
3.084595598742497913e+01,2.720794297678044060e+01
3.086596170334381384e+01,2.817175002335077494e+01
3.088596741926264855e+01,2.800878452713794786e+01
3.090597313518148326e+01,2.767102917636855608e+01
3.092597885110031442e+01,2.711830143668415616e+01
3.094598456701914913e+01,2.646653815460130588e+01
3.096599028293798384e+01,2.623803324469730214e+01
3.098599599885681855e+01,2.681851629905755985e+01
3.100600171477564970e+01,2.555642678069553142e+01
3.102600743069448441e+01,2.441599708678257130e+01
3.104601314661331912e+01,2.378574823020798590e+01
3.106601886253215383e+01,2.192028690778361266e+01
3.108602457845098854e+01,2.154261928899057210e+01
3.110603029436981970e+01,2.036360088751422381e+01
3.112603601028865441e+01,1.960937266159272951e+01
3.114604172620748912e+01,1.846478524331948279e+01
3.116604744212632383e+01,1.719679772997794132e+01
3.118605315804515854e+01,1.625727237788794355e+01
3.120605887396398970e+01,1.489921496833723857e+01
3.122606458988282441e+01,1.403993841082042771e+01
3.124607030580165912e+01,1.278217870589134364e+01
3.126607602172049383e+01,1.157121215624790267e+01
3.128608173763932498e+01,1.158692255748876931e+01
3.130608745355815969e+01,1.153715328610826418e+01
3.132609316947699440e+01,1.027779549714577101e+01
3.134609888539582911e+01,8.946457028287676749e+00
3.136610460131466382e+01,9.050956371730293881e+00
3.138611031723349498e+01,9.070579405374381565e+00
3.140611603315232969e+01,8.096862736027247820e+00
3.142612174907116440e+01,7.242171705719627539e+00
3.144612746498999911e+01,7.347957075155058249e+00
3.146613318090883382e+01,7.508949418017039079e+00
3.148613889682766498e+01,7.102052901293554044e+00
3.150614461274649969e+01,6.345001617721544029e+00
3.152615032866533440e+01,6.363416566628350424e+00
3.154615604458416911e+01,6.814664400479902184e+00
3.156616176050300382e+01,6.439286247940708918e+00
3.158616747642183498e+01,6.656625925450589065e+00
3.160617319234066969e+01,7.063889976740495236e+00
3.162617890825950440e+01,6.691607810002952128e+00
3.164618462417833911e+01,5.726896389914262642e+00
3.166619034009717026e+01,6.644630681370751191e+00
3.168619605601600497e+01,5.825269390735316577e+00
3.170620177193483968e+01,6.268114169232601007e+00
3.172620748785367439e+01,6.184149428776593460e+00
3.174621320377250910e+01,6.270498247624312960e+00
3.176621891969134026e+01,6.897373410819822581e+00
3.178622463561017497e+01,7.107318852821806310e+00
3.180623035152900968e+01,6.220461771910368753e+00
3.182623606744784439e+01,6.744359213363142480e+00
3.184624178336667910e+01,7.328122534847073766e+00
3.186624749928551026e+01,8.171368986513828148e+00
3.188625321520434497e+01,7.980041876875672457e+00
3.190625893112317968e+01,7.671144440473080195e+00
3.192626464704201439e+01,8.689959707381676779e+00
3.194627036296084555e+01,8.564695978446767555e+00
3.196627607887968026e+01,8.525874023398955615e+00
3.198628179479851497e+01,9.332300867375153075e+00
3.200628751071734968e+01,9.854059397391800701e+00
3.202629322663618439e+01,1.019937101927247447e+01
3.204629894255501199e+01,1.132970686972953445e+01
3.206630465847385381e+01,1.080572015765244664e+01
3.208631037439268141e+01,1.163484196967340267e+01
3.210631609031152323e+01,1.125117890993254832e+01
3.212632180623035083e+01,1.304559984710433262e+01
3.214632752214918554e+01,1.261990835243964071e+01
3.216633323806802025e+01,1.446736292534187029e+01
3.218633895398685496e+01,1.489374646737462271e+01
3.220634466990568967e+01,1.591164076011456707e+01
3.222635038582451728e+01,1.530561298196549203e+01
3.224635610174335909e+01,1.641360127195846985e+01
3.226636181766218670e+01,1.746253336486799412e+01
3.228636753358102851e+01,1.849959656066534563e+01
3.230637324949985612e+01,1.884863208927376022e+01
3.232637896541869083e+01,1.971351681919684040e+01
3.234638468133752554e+01,1.983292547799354466e+01
3.236639039725636025e+01,2.062123000928728089e+01
3.238639611317519496e+01,2.105899356685458912e+01
3.240640182909402967e+01,2.243679873925033519e+01
3.242640754501286438e+01,2.292138263593608372e+01
3.244641326093169198e+01,2.466984223383281716e+01
3.246641897685053380e+01,2.504932933092625547e+01
3.248642469276936140e+01,2.518589497805092492e+01
3.250643040868819611e+01,2.620981772113190544e+01
3.252643612460703082e+01,2.706865516782686143e+01
3.254644184052586553e+01,2.782009393444899814e+01
3.256644755644470024e+01,2.769258335951481698e+01
3.258645327236353495e+01,2.746599419553000132e+01
3.260645898828236966e+01,2.907375188063832638e+01
3.262646470420119726e+01,2.955704666012578130e+01
3.264647042012003908e+01,3.006964477260455482e+01
3.266647613603886668e+01,3.057232086824952688e+01
3.268648185195770850e+01,3.178338909171148430e+01
3.270648756787653610e+01,3.242649127788975250e+01
3.272649328379537081e+01,3.309273158862805531e+01
3.274649899971420552e+01,3.441444069971534248e+01
3.276650471563304023e+01,3.454269228577089024e+01
3.278651043155187494e+01,3.513974121342742052e+01
3.280651614747070255e+01,3.630819676152691500e+01
3.282652186338954436e+01,3.792658441501860267e+01
3.284652757930837197e+01,3.851453309122279478e+01
3.286653329522721378e+01,3.922133943897514285e+01
3.288653901114604139e+01,4.084583885890758381e+01
3.290654472706487610e+01,4.160127195751995544e+01
3.292655044298371081e+01,4.250379437414243000e+01
3.294655615890254552e+01,4.237414310163977404e+01
3.296656187482138023e+01,4.373210345655708409e+01
3.298656759074020783e+01,4.405148789399896003e+01
3.300657330665904965e+01,4.389192791739672828e+01
3.302657902257787725e+01,4.415624958523503096e+01
3.304658473849671907e+01,4.340411500286610647e+01
3.306659045441554667e+01,4.361723001976118042e+01
3.308659617033438138e+01,4.211263487720088960e+01
3.310660188625321609e+01,4.147124372850900897e+01
3.312660760217205080e+01,3.973312504602930062e+01
3.314661331809088551e+01,3.775574584769918829e+01
3.316661903400971312e+01,3.555615726772080620e+01
3.318662474992855493e+01,3.449503702430137508e+01
3.320663046584738254e+01,3.243814420556004308e+01
3.322663618176622435e+01,3.049792696287184413e+01
3.324664189768505196e+01,2.876238645746598621e+01
3.326664761360388667e+01,2.591514046408251914e+01
3.328665332952272138e+01,2.404471170072288189e+01
3.330665904544155609e+01,2.231573726649100564e+01
3.332666476136039080e+01,2.047043878057248278e+01
3.334667047727922551e+01,1.898551462516639532e+01
3.336667619319806022e+01,1.675421538198671101e+01
3.338668190911688782e+01,1.559795222668015668e+01
3.340668762503572964e+01,1.318628924021012949e+01
3.342669334095455724e+01,1.274976075469503556e+01
3.344669905687339195e+01,1.144133435133166898e+01
3.346670477279222666e+01,1.058982693957107202e+01
3.348671048871106137e+01,9.919938462361585607e+00
3.350671620462989608e+01,9.130055921107876671e+00
3.352672192054873079e+01,8.798229284826502905e+00
3.354672763646756550e+01,8.504938988711099768e+00
3.356673335238639311e+01,6.747974909506542218e+00
3.358673906830523492e+01,7.833016150721923587e+00
3.360674478422406253e+01,6.426908897142348920e+00
3.362675050014290434e+01,6.844559557071629996e+00
3.364675621606173195e+01,5.793569012919148165e+00
3.366676193198056666e+01,6.208517277963460756e+00
3.368676764789940137e+01,6.243187251699980678e+00
3.370677336381823608e+01,5.546206058765719149e+00
3.372677907973707079e+01,4.708762726363060480e+00
3.374678479565589839e+01,5.472512811388269505e+00
3.376679051157474021e+01,4.826137994596196634e+00
3.378679622749356781e+01,5.374560045862629032e+00
3.380680194341240963e+01,4.633137061954046843e+00
3.382680765933123723e+01,4.301784358749088710e+00
3.384681337525007194e+01,4.312770747458986698e+00
3.386681909116890665e+01,4.134275414515878211e+00
3.388682480708774136e+01,4.098350400636160629e+00
3.390683052300657607e+01,3.504565715775556534e+00
3.392683623892540368e+01,3.750708553137036549e+00
3.394684195484424549e+01,3.787623388787565659e+00
3.396684767076307310e+01,4.395184128897738240e+00
3.398685338668191491e+01,4.464760856449935034e+00
3.400685910260074252e+01,4.056981159421917837e+00
3.402686481851957723e+01,4.081154929161790790e+00
3.404687053443841194e+01,4.250467275088917418e+00
3.406687625035724665e+01,3.593374776750693833e+00
3.408688196627608136e+01,3.442771055946905356e+00
3.410688768219490896e+01,3.645810988271755981e+00
3.412689339811375078e+01,3.846916375863079551e+00
3.414689911403257838e+01,3.585309048376772445e+00
3.416690482995142020e+01,4.016719452138367785e+00
3.418691054587024780e+01,3.956087326724521347e+00
3.420691626178908251e+01,4.226609970364256341e+00
3.422692197770791722e+01,4.464075262069424177e+00
3.424692769362675193e+01,4.867600772051819291e+00
3.426693340954558664e+01,3.895514533318523931e+00
3.428693912546442135e+01,4.063139749076311702e+00
3.430694484138325606e+01,4.691707138067956251e+00
3.432695055730208367e+01,4.420501228893940926e+00
3.434695627322092548e+01,4.001029931391894223e+00
3.436696198913975309e+01,4.878339995255418060e+00
3.438696770505858780e+01,5.358808656424976391e+00
3.440697342097742251e+01,4.406098937491162104e+00
3.442697913689625722e+01,5.172024834518224701e+00
3.444698485281509193e+01,5.477464389922890753e+00
3.446699056873392664e+01,4.933229414842024596e+00
3.448699628465276135e+01,5.218265981130467246e+00
3.450700200057158895e+01,4.973867600363274022e+00
3.452700771649043077e+01,5.628881029946533943e+00
3.454701343240925837e+01,4.942765470504539849e+00
3.456701914832810019e+01,6.167026927310054418e+00
3.458702486424692779e+01,6.143283235981664703e+00
3.460703058016576250e+01,5.674607161385393894e+00
3.462703629608459721e+01,5.305537754863268063e+00
3.464704201200343192e+01,5.078899856499138110e+00
3.466704772792226663e+01,4.953979897590423676e+00
3.468705344384109424e+01,5.374483362995889024e+00
3.470705915975993605e+01,6.106778302353992771e+00
3.472706487567876366e+01,5.222908864371397897e+00
3.474707059159760547e+01,4.629690188539250961e+00
3.476707630751643308e+01,5.724878601798481625e+00
3.478708202343526779e+01,5.172608956163357696e+00
3.480708773935410250e+01,4.198824206666587067e+00
3.482709345527293721e+01,5.552672388091957956e+00
3.484709917119177192e+01,4.114661527673759700e+00
3.486710488711059952e+01,4.912140180724660965e+00
3.488711060302944134e+01,3.969708541909562349e+00
3.490711631894826894e+01,4.876577882299955036e+00
3.492712203486711076e+01,4.106312491809667620e+00
3.494712775078593836e+01,3.760359294097521676e+00
3.496713346670477307e+01,3.793283186485621794e+00
3.498713918262360778e+01,3.267512570257223192e+00
3.500714489854244249e+01,4.143222057128774338e+00
3.502715061446127720e+01,3.071737615906893648e+00
3.504715633038010481e+01,3.171884273780420038e+00
3.506716204629894662e+01,3.442817999979939536e+00
3.508716776221777423e+01,3.602843784607437261e+00
3.510717347813661604e+01,2.876160664148467383e+00
3.512717919405544365e+01,3.357375936243263581e+00
3.514718490997427836e+01,2.480466255858423619e+00
3.516719062589311307e+01,2.055586681637501023e+00
3.518719634181194778e+01,2.043760370913972668e+00
3.520720205773078249e+01,2.430410113082452916e+00
3.522720777364961720e+01,2.022470417708302826e+00
3.524721348956845191e+01,2.815697853688282848e+00
3.526721920548727951e+01,2.992443478535713908e+00
3.528722492140612133e+01,2.812211991586964999e+00
3.530723063732494893e+01,2.835070745895253541e+00
3.532723635324378364e+01,1.945960912634687290e+00
3.534724206916261835e+01,2.617597664247171441e+00
3.536724778508145306e+01,2.954343234188236522e+00
3.538725350100028777e+01,2.557601202146676744e+00
3.540725921691912248e+01,2.257531509584766560e+00
3.542726493283795719e+01,2.582367944489496914e+00
3.544727064875678479e+01,2.699322066796524311e+00
3.546727636467562661e+01,2.599961760472912164e+00
3.548728208059445421e+01,1.680278964637658579e+00
3.550728779651329603e+01,2.691465828822221518e+00
3.552729351243212363e+01,2.379877171252409163e+00
3.554729922835095834e+01,2.248382043378375439e+00
3.556730494426979305e+01,2.312696314401275544e+00
3.558731066018862776e+01,1.765573175996512756e+00
3.560731637610746247e+01,2.163144521654150054e+00
3.562732209202629008e+01,2.262805492055701251e+00
3.564732780794513189e+01,2.228238720269714701e+00
3.566733352386395950e+01,2.177880434457746262e+00
3.568733923978280131e+01,2.114255782631261127e+00
3.570734495570162892e+01,1.420001338118754841e+00
3.572735067162046363e+01,1.546454194026596340e+00
3.574735638753929834e+01,1.839374151045845895e+00
3.576736210345813305e+01,2.219686306532332232e+00
3.578736781937696776e+01,2.133291113019211593e+00
3.580737353529579536e+01,2.737923314610275050e+00
3.582737925121463718e+01,1.847450316523199909e+00
3.584738496713346478e+01,2.494632007415622965e+00
3.586739068305230660e+01,2.204929499328191156e+00
3.588739639897113420e+01,1.733034600266415870e+00
3.590740211488996891e+01,1.473279709506183588e+00
3.592740783080880362e+01,1.759616101205062622e+00
3.594741354672763833e+01,1.628755639635118158e+00
3.596741926264647304e+01,2.133554549659764543e+00
3.598742497856530065e+01,2.549570434020155041e+00
3.600743069448414246e+01,2.360549564626475139e+00
3.602743641040297007e+01,2.343300765345323722e+00
3.604744212632181188e+01,1.959304416593365072e+00
3.606744784224063949e+01,1.665431034918705588e+00
3.608745355815947420e+01,2.529431983422309127e+00
3.610745927407830891e+01,2.014029285583107676e+00
3.612746498999714362e+01,1.844088012871137661e+00
3.614747070591597833e+01,2.713060345687709152e+00
3.616747642183481304e+01,1.396571180956286629e+00
3.618748213775364775e+01,1.721403615531128084e+00
3.620748785367247535e+01,2.106185647764258206e+00
3.622749356959131717e+01,2.307887221634258967e+00
3.624749928551014477e+01,2.178500372106377370e+00
3.626750500142897948e+01,1.558224882701902514e+00
3.628751071734781419e+01,1.875846184938968264e+00
3.630751643326664890e+01,2.850868511171107844e+00
3.632752214918548361e+01,1.923528332800105822e+00
3.634752786510431832e+01,2.576362306602387076e+00
3.636753358102315303e+01,2.079150205240527072e+00
3.638753929694198064e+01,2.701087454171291924e+00
3.640754501286082245e+01,2.261832019055876941e+00
3.642755072877965006e+01,2.673471434879996167e+00
3.644755644469849187e+01,2.418910925519859312e+00
3.646756216061731948e+01,2.061226294408817772e+00
3.648756787653615419e+01,1.519076371574558992e+00
3.650757359245498890e+01,2.087518055446405896e+00
3.652757930837382361e+01,1.889976665659117039e+00
3.654758502429265832e+01,1.926626779228566289e+00
3.656759074021148592e+01,2.635087826391701249e+00
3.658759645613032774e+01,2.928472555275199785e+00
3.660760217204915534e+01,1.934336372232488444e+00
3.662760788796799716e+01,1.731301001634081960e+00
3.664761360388682476e+01,1.768572817303807998e+00
3.666761931980565947e+01,1.532218584268042694e+00
3.668762503572449418e+01,2.188219619791197612e+00
3.670763075164332889e+01,2.214370554682338010e+00
3.672763646756216360e+01,2.442390040403544127e+00
3.674764218348099121e+01,2.092230123382773144e+00
3.676764789939983302e+01,3.102879754501009835e+00
3.678765361531866063e+01,1.722845258127369439e+00
3.680765933123750244e+01,1.629864767691064031e+00
3.682766504715633005e+01,2.323781149424434034e+00
3.684767076307516476e+01,1.949437291973233233e+00
3.686767647899399947e+01,1.804232661799094029e+00
3.688768219491283418e+01,2.951898776031705474e+00
3.690768791083166889e+01,1.532769108091999399e+00
3.692769362675049649e+01,2.199843880624351655e+00
3.694769934266933831e+01,2.297334178077818478e+00
3.696770505858816591e+01,1.955928318587065062e+00
3.698771077450700773e+01,1.458507917751452609e+00
3.700771649042583533e+01,1.568659766342396233e+00
3.702772220634467004e+01,1.963390812660791074e+00
3.704772792226350475e+01,2.049843143548096158e+00
3.706773363818233946e+01,1.639845373739508894e+00
3.708773935410117417e+01,1.755272426958755183e+00
3.710774507002000888e+01,2.224685919690675640e+00
3.712775078593884359e+01,2.536353371802799739e+00
3.714775650185767120e+01,2.402713798062388939e+00
3.716776221777651301e+01,1.946462053988250229e+00
3.718776793369534062e+01,1.934246850307584920e+00
3.720777364961417533e+01,2.728600684939052279e+00
3.722777936553301004e+01,3.065606450751746870e+00
3.724778508145184475e+01,3.204565422093057059e+00
3.726779079737067946e+01,3.014719129991786151e+00
3.728779651328951417e+01,3.118356273704141479e+00
3.730780222920834888e+01,2.247353153980052198e+00
3.732780794512717648e+01,3.343261628830369148e+00
3.734781366104601830e+01,2.325699014007133858e+00
3.736781937696484590e+01,3.682810816974803281e+00
3.738782509288368772e+01,3.622033322609032879e+00
3.740783080880251532e+01,2.920970462365715115e+00
3.742783652472135003e+01,2.696730968216003443e+00
3.744784224064018474e+01,2.472917145349993184e+00
3.746784795655901945e+01,3.788124948630591238e+00
3.748785367247785416e+01,3.592849863214515160e+00
3.750785938839668177e+01,2.978381873762761423e+00
3.752786510431552358e+01,3.222836881431318190e+00
3.754787082023435119e+01,2.976816385832648848e+00
3.756787653615319300e+01,2.861737870742556478e+00
3.758788225207202061e+01,3.501984061925485392e+00
3.760788796799085532e+01,3.141138935264412346e+00
3.762789368390969003e+01,3.256487613091649358e+00
3.764789939982852474e+01,3.024459408901261526e+00
3.766790511574735945e+01,3.240815729910364595e+00
3.768791083166618705e+01,3.663821935922198847e+00
3.770791654758502887e+01,2.953651676608184395e+00
3.772792226350385647e+01,2.838150196945453452e+00
3.774792797942269829e+01,3.322847683019248599e+00
3.776793369534152589e+01,2.476897626387430940e+00
3.778793941126036060e+01,3.563637825421305916e+00
3.780794512717919531e+01,2.756286023553277342e+00
3.782795084309803002e+01,3.028928971771898571e+00
3.784795655901686473e+01,2.996141529153146799e+00
3.786796227493569234e+01,3.551908515479107908e+00
3.788796799085453415e+01,2.408185988731163185e+00
3.790797370677336176e+01,3.042409060811777533e+00
3.792797942269220357e+01,2.441660977254456633e+00
3.794798513861103118e+01,2.925957567754041921e+00
3.796799085452986589e+01,3.039683741408295781e+00
3.798799657044870060e+01,2.877359350248598346e+00
3.800800228636753531e+01,2.515727817111370612e+00
3.802800800228637002e+01,2.729251792173358115e+00
3.804801371820520473e+01,2.896547241411001394e+00
3.806801943412403944e+01,2.292554878047842415e+00
3.808802515004286704e+01,2.972852135852740219e+00
3.810803086596170886e+01,2.911943846385058876e+00
3.812803658188053646e+01,3.340533809501070817e+00
3.814804229779937117e+01,2.919913961760626897e+00
3.816804801371820588e+01,2.599751148841257908e+00
3.818805372963704059e+01,1.952185583843060179e+00
3.820805944555587530e+01,2.949277278984689055e+00
3.822806516147471001e+01,2.655783167679636847e+00
3.824807087739354472e+01,2.866651490063413465e+00
3.826807659331237232e+01,2.821927223326973877e+00
3.828808230923121414e+01,2.154168354388592110e+00
3.830808802515004174e+01,2.929863042010765639e+00
3.832809374106888356e+01,3.202702234792135449e+00
3.834809945698771116e+01,3.597248633536830553e+00
3.836810517290654587e+01,3.617502888527909910e+00
3.838811088882538058e+01,2.851060706814859458e+00
3.840811660474421529e+01,3.184941250208788155e+00
3.842812232066305000e+01,2.244570899747295734e+00
3.844812803658187761e+01,3.243349318037973550e+00
3.846813375250071942e+01,3.323171747952354149e+00
3.848813946841954703e+01,3.464470214088808397e+00
3.850814518433838884e+01,3.741419905776742105e+00
3.852815090025721645e+01,3.393266143944051016e+00
3.854815661617605116e+01,3.065015838705445361e+00
3.856816233209488587e+01,2.937461856764630230e+00
3.858816804801372058e+01,3.680946422901797632e+00
3.860817376393255529e+01,3.687020781667205149e+00
3.862817947985138289e+01,3.585236455661147126e+00
3.864818519577022471e+01,2.860105182203058316e+00
3.866819091168905231e+01,4.015593913935378012e+00
3.868819662760789413e+01,2.905121375280632634e+00
3.870820234352672173e+01,3.632171437305293349e+00
3.872820805944555644e+01,3.642215038801319693e+00
3.874821377536439115e+01,4.055529763668553223e+00
3.876821949128322586e+01,4.452066285229473230e+00
3.878822520720206057e+01,3.958791593982190271e+00
3.880823092312088818e+01,3.749342683180760361e+00
3.882823663903972999e+01,3.622238176999978521e+00
3.884824235495855760e+01,4.958284370037871369e+00
3.886824807087739941e+01,4.339397249022508340e+00
3.888825378679622702e+01,5.081914810236588309e+00
3.890825950271506173e+01,4.841146214544743920e+00
3.892826521863389644e+01,4.287905948596534067e+00
3.894827093455273115e+01,5.157824479611526236e+00
3.896827665047156586e+01,4.861750443972788993e+00
3.898828236639040057e+01,5.824483634538991872e+00
3.900828808230923528e+01,5.788027173736065123e+00
3.902829379822806288e+01,6.647159454186285288e+00
3.904829951414690470e+01,5.821718221939716109e+00
3.906830523006573230e+01,6.672937089207797712e+00
3.908831094598456701e+01,6.934636534288435072e+00
3.910831666190340172e+01,7.668094355287641939e+00
3.912832237782223643e+01,7.127283224378697213e+00
3.914832809374107114e+01,7.959002572541551856e+00
3.916833380965990585e+01,9.577805841249137586e+00
3.918833952557874056e+01,9.287929122034750407e+00
3.920834524149756817e+01,8.922563697191677079e+00
3.922835095741640998e+01,1.110721532502559761e+01
3.924835667333523759e+01,1.071859484010233388e+01
3.926836238925407940e+01,1.166464294194535611e+01
3.928836810517290701e+01,1.062310388213267842e+01
3.930837382109174172e+01,1.365538045152027280e+01
3.932837953701057643e+01,1.339123668897935104e+01
3.934838525292941114e+01,1.408707451862440507e+01
3.936839096884824585e+01,1.406612926617638948e+01
3.938839668476707345e+01,1.566212179013227868e+01
3.940840240068591527e+01,1.764344824609352358e+01
3.942840811660474287e+01,1.840159249499330585e+01
3.944841383252358469e+01,1.670727296987623944e+01
3.946841954844241229e+01,2.053245702640052173e+01
3.948842526436124700e+01,2.184963955002222136e+01
3.950843098028008171e+01,2.362484381365797859e+01
3.952843669619891642e+01,2.087346887130625106e+01
3.954844241211775113e+01,2.611366646749735310e+01
3.956844812803657874e+01,2.681263952891760027e+01
3.958845384395542055e+01,2.860493789713924428e+01
3.960845955987424816e+01,2.472022997580865677e+01
3.962846527579308997e+01,3.127711683919702068e+01
3.964847099171191758e+01,3.232706631196245439e+01
3.966847670763075229e+01,3.322619975592969865e+01
3.968848242354958700e+01,2.941703757411144693e+01
3.970848813946842171e+01,3.541536336484388414e+01
3.972849385538725642e+01,3.807419553282529279e+01
3.974849957130608402e+01,3.958197302213160640e+01
3.976850528722492584e+01,3.259294596189372584e+01
3.978851100314375344e+01,4.112159479282101415e+01
3.980851671906259526e+01,4.373341114600171409e+01
3.982852243498142286e+01,4.597705386590179444e+01
3.984852815090025757e+01,3.862863389028363770e+01
3.986853386681909228e+01,4.937232281228937580e+01
3.988853958273792699e+01,5.072373221403768895e+01
3.990854529865676170e+01,5.370635204537530427e+01
3.992855101457559641e+01,4.486406395552402415e+01
3.994855673049443112e+01,5.827157921084834413e+01
3.996856244641325873e+01,6.155745091048942186e+01
3.998856816233210054e+01,6.451982452928452005e+01
4.000857387825092815e+01,5.388769955314272408e+01
4.002857959416976286e+01,6.900748619242440896e+01
4.004858531008859757e+01,7.161739957340446949e+01
4.006859102600743228e+01,7.490900464021112271e+01
4.008859674192626699e+01,6.278342150306103520e+01
4.010860245784510170e+01,7.799881548748501814e+01
4.012860817376393641e+01,7.947362174272532798e+01
4.014861388968276401e+01,8.037754677188885921e+01
4.016861960560160583e+01,6.850128940839017844e+01
4.018862532152043343e+01,8.160663346310155930e+01
4.020863103743927525e+01,8.117207144835805366e+01
4.022863675335810285e+01,7.989040186924943043e+01
4.024864246927693756e+01,6.610495040457328741e+01
4.026864818519577227e+01,7.698724942376216518e+01
4.028865390111460698e+01,7.456469751148230785e+01
4.030865961703344169e+01,7.089543133422075982e+01
4.032866533295226930e+01,5.767472400818468259e+01
4.034867104887111111e+01,6.519979162881574553e+01
4.036867676478993872e+01,6.052142814373584656e+01
4.038868248070878053e+01,5.597292163921697750e+01
4.040868819662760814e+01,4.493032674842271490e+01
4.042869391254644285e+01,4.805341271547495552e+01
4.044869962846527756e+01,4.333496410717511083e+01
4.046870534438411227e+01,4.009199888819707525e+01
4.048871106030294698e+01,3.099945336330142709e+01
4.050871677622177458e+01,3.286986750806353541e+01
4.052872249214061640e+01,3.107459506339510114e+01
4.054872820805944400e+01,2.740711717654514956e+01
4.056873392397828582e+01,2.143685867110411181e+01
4.058873963989711342e+01,2.249816408580051075e+01
4.060874535581594813e+01,2.136433349888987365e+01
4.062875107173478284e+01,1.931585758932128272e+01
4.064875678765361755e+01,1.467928005284328918e+01
4.066876250357245226e+01,1.704226435991531474e+01
4.068876821949127986e+01,1.522532865352306608e+01
4.070877393541012168e+01,1.515370532671652626e+01
4.072877965132894929e+01,1.248670544030764873e+01
4.074878536724779110e+01,1.358089466646615584e+01
4.076879108316661871e+01,1.316954097739075280e+01
4.078879679908545342e+01,1.250954125509779757e+01
4.080880251500428813e+01,1.000655506011033680e+01
4.082880823092312284e+01,1.159158868567182843e+01
4.084881394684195755e+01,1.168751370677172119e+01
4.086881966276079226e+01,1.104905358882826505e+01
4.088882537867962697e+01,1.052164328659092085e+01
4.090883109459845457e+01,1.091090637404645847e+01
4.092883681051729639e+01,1.140607096203128101e+01
4.094884252643612399e+01,1.108569882534386863e+01
4.096884824235495870e+01,1.021525313324293727e+01
4.098885395827379341e+01,1.091417658352309239e+01
4.100885967419262812e+01,1.148924931678060446e+01
4.102886539011146283e+01,1.151467281758465688e+01
4.104887110603029754e+01,1.074462307512438919e+01
4.106887682194913225e+01,1.222853902624657607e+01
4.108888253786795985e+01,1.109724421551747930e+01
4.110888825378680167e+01,1.176111471538881581e+01
4.112889396970562927e+01,1.036382404864089679e+01
4.114889968562447109e+01,1.135672472206804073e+01
4.116890540154329869e+01,1.155075256581280385e+01
4.118891111746213340e+01,1.069337284162156365e+01
4.120891683338096811e+01,1.033861889937542067e+01
4.122892254929980282e+01,1.127903715628598214e+01
4.124892826521863753e+01,9.781367796270600934e+00
4.126893398113746514e+01,9.876768518406844777e+00
4.128893969705630695e+01,9.056112556544855252e+00
4.130894541297513456e+01,9.528777581486393089e+00
4.132895112889397637e+01,8.676137009915027676e+00
4.134895684481280398e+01,8.985670755581915969e+00
4.136896256073163869e+01,8.064050768547042836e+00
4.138896827665047340e+01,8.161189410668097111e+00
4.140897399256930811e+01,7.102310837781238284e+00
4.142897970848814282e+01,6.932762384086375462e+00
4.144898542440697042e+01,6.366615466997713746e+00
4.146899114032581224e+01,6.785844770372634116e+00
4.148899685624463984e+01,6.633107470689060925e+00
4.150900257216348166e+01,6.364827209727671686e+00
4.152900828808230926e+01,6.529323594317271606e+00
4.154901400400114397e+01,5.897446574048690771e+00
4.156901971991997868e+01,6.212217753726963387e+00
4.158902543583881339e+01,5.863771943849197754e+00
4.160903115175764810e+01,5.590571446139302125e+00
4.162903686767647571e+01,5.736177077924810241e+00
4.164904258359531752e+01,6.208147089681581576e+00
4.166904829951414513e+01,5.952238433762512493e+00
4.168905401543298694e+01,5.984633813865189111e+00
4.170905973135181455e+01,6.423990561482928463e+00
4.172906544727064926e+01,5.681631269337288792e+00
4.174907116318948397e+01,5.910275209230962723e+00
4.176907687910831868e+01,5.580948396297971570e+00
4.178908259502715339e+01,6.070837401362224384e+00
4.180908831094598810e+01,5.158902296804203758e+00
4.182909402686482281e+01,5.973559301664833399e+00
4.184909974278365041e+01,5.606058155810737631e+00
4.186910545870249223e+01,6.520833913352965361e+00
4.188911117462131983e+01,6.101258202027143085e+00
4.190911689054015454e+01,7.031609768980690234e+00
4.192912260645898925e+01,7.380807136549018210e+00
4.194912832237782396e+01,6.562560531634748173e+00
4.196913403829665867e+01,7.167151091665093787e+00
4.198913975421549338e+01,7.335863580811843754e+00
4.200914547013432809e+01,7.399601739785509835e+00
4.202915118605316280e+01,8.096682440895671462e+00
4.204915690197199041e+01,8.822148406112306773e+00
4.206916261789082512e+01,8.758624021798864234e+00
4.208916833380965983e+01,8.586586572858532662e+00
4.210917404972849454e+01,9.662117749541273781e+00
4.212917976564732925e+01,9.809622575111140108e+00
4.214918548156616396e+01,1.075331780081675959e+01
4.216919119748499867e+01,1.121849454516874722e+01
4.218919691340383338e+01,1.219244458633846762e+01
4.220920262932266809e+01,1.309002048490307857e+01
4.222920834524150280e+01,1.430458258499424673e+01
4.224921406116033040e+01,1.478841520408767707e+01
4.226921977707916511e+01,1.580728255985422237e+01
4.228922549299799982e+01,1.655159000790914803e+01
4.230923120891683453e+01,1.756989805454806941e+01
4.232923692483566924e+01,1.923566768937958216e+01
4.234924264075450395e+01,2.094789042544477553e+01
4.236924835667333866e+01,2.207329702605604282e+01
4.238925407259217337e+01,2.403747115418681091e+01
4.240925978851100808e+01,2.585871650157002932e+01
4.242926550442983569e+01,2.747479032029309920e+01
4.244927122034867040e+01,2.943094550884904592e+01
4.246927693626750511e+01,3.220296734748176704e+01
4.248928265218633982e+01,3.420985649134529893e+01
4.250928836810517453e+01,3.606242873542124983e+01
4.252929408402400924e+01,3.874622583348251226e+01
4.254929979994284395e+01,4.132584443367940708e+01
4.256930551586167866e+01,4.426590455354687492e+01
4.258931123178051337e+01,4.627298415894257744e+01
4.260931694769934097e+01,4.924327151232201061e+01
4.262932266361817568e+01,5.255625734608616995e+01
4.264932837953701039e+01,5.508908518295412193e+01
4.266933409545584510e+01,5.818764548254650038e+01
4.268933981137467981e+01,6.018374421552537967e+01
4.270934552729351452e+01,6.346843456342015344e+01
4.272935124321234923e+01,6.614593079358085959e+01
4.274935695913118394e+01,6.915820491279274052e+01
4.276936267505001865e+01,7.054745512369373728e+01
4.278936839096885336e+01,7.313837535326715056e+01
4.280937410688768097e+01,7.517013968925593304e+01
4.282937982280651568e+01,7.779491667096084484e+01
4.284938553872535039e+01,7.902770293854842976e+01
4.286939125464418510e+01,8.029737924020184892e+01
4.288939697056301981e+01,8.158403106986213515e+01
4.290940268648185452e+01,8.259528622634239525e+01
4.292940840240068923e+01,8.246874444278108740e+01
4.294941411831952394e+01,8.309333829891542678e+01
4.296941983423835865e+01,8.213586737362379608e+01
4.298942555015718625e+01,8.090461358667310776e+01
4.300943126607602096e+01,7.943692498717339845e+01
4.302943698199485567e+01,7.695958948758018892e+01
4.304944269791369038e+01,7.486270618452002168e+01
4.306944841383252509e+01,7.202640982020409410e+01
4.308945412975135980e+01,6.918802436310906501e+01
4.310945984567019451e+01,6.586082908367990285e+01
4.312946556158902922e+01,6.164379359291557137e+01
4.314947127750786393e+01,5.752703920026807083e+01
4.316947699342669864e+01,5.374723930745157929e+01
4.318948270934552625e+01,4.995795807255215237e+01
4.320948842526436096e+01,4.636832742668062224e+01
4.322949414118319567e+01,4.276885788892943197e+01
4.324949985710203038e+01,3.875711209312997596e+01
4.326950557302086509e+01,3.591186067577705643e+01
4.328951128893969980e+01,3.362267463715961213e+01
4.330951700485853451e+01,3.111236037506045449e+01
4.332952272077736922e+01,2.849178844250298681e+01
4.334952843669620393e+01,2.616706951093755862e+01
4.336953415261503153e+01,2.477779687399991460e+01
4.338953986853386624e+01,2.283902343792332701e+01
4.340954558445270095e+01,2.145733561946397572e+01
4.342955130037153566e+01,2.110341618258782503e+01
4.344955701629037037e+01,1.955087497633251203e+01
4.346956273220920508e+01,1.888892710576828193e+01
4.348956844812803979e+01,1.933825240527528067e+01
4.350957416404687450e+01,1.861445448186405116e+01
4.352957987996570921e+01,1.811813988509841167e+01
4.354958559588453681e+01,1.863022818003560133e+01
4.356959131180337153e+01,1.879950251035496933e+01
4.358959702772220624e+01,1.922542845114046628e+01
4.360960274364104095e+01,1.989626878593236725e+01
4.362960845955987566e+01,2.044601498043233789e+01
4.364961417547871037e+01,2.089151961486294695e+01
4.366961989139754508e+01,2.145987216228789407e+01
4.368962560731637979e+01,2.267038026776210558e+01
4.370963132323521450e+01,2.395526974360085148e+01
4.372963703915404921e+01,2.522264281059903013e+01
4.374964275507287681e+01,2.665105654278794844e+01
4.376964847099171152e+01,2.903952643367711417e+01
4.378965418691054623e+01,2.951335391952833831e+01
4.380965990282938094e+01,3.151834057290626134e+01
4.382966561874821565e+01,3.441287461593964281e+01
4.384967133466705036e+01,3.579388002319077344e+01
4.386967705058588507e+01,3.752125310550846393e+01
4.388968276650471978e+01,4.003928459528884076e+01
4.390968848242355449e+01,4.238203446671577979e+01
4.392969419834238209e+01,4.423532607951604234e+01
4.394969991426121680e+01,4.598465379760298077e+01
4.396970563018005151e+01,4.862106169079206097e+01
4.398971134609888622e+01,5.008342312658858475e+01
4.400971706201772093e+01,5.204017480298105625e+01
4.402972277793655564e+01,5.358826515390435219e+01
4.404972849385539035e+01,5.529921615729210771e+01
4.406973420977422506e+01,5.597150216283090884e+01
4.408973992569305977e+01,5.709487747348837416e+01
4.410974564161189448e+01,5.700130740056762590e+01
4.412975135753072209e+01,5.755781152634834541e+01
4.414975707344955680e+01,5.687716995383848229e+01
4.416976278936839151e+01,5.705096599222589759e+01
4.418976850528722622e+01,5.568658222606217123e+01
4.420977422120606093e+01,5.413693575350213649e+01
4.422977993712489564e+01,5.387933048260416768e+01
4.424978565304373035e+01,5.240014808901355536e+01
4.426979136896256506e+01,4.986632824714770607e+01
4.428979708488139977e+01,4.788926399893601626e+01
4.430980280080022737e+01,4.523041839447866153e+01
4.432980851671906208e+01,4.334239124098791507e+01
4.434981423263789679e+01,4.127430522085398934e+01
4.436981994855673150e+01,3.852293296189794347e+01
4.438982566447556621e+01,3.612789314825325704e+01
4.440983138039440092e+01,3.426734234536033341e+01
4.442983709631323563e+01,3.230835400852454597e+01
4.444984281223207034e+01,3.017803360162171344e+01
4.446984852815090505e+01,2.803371463965956423e+01
4.448985424406973266e+01,2.528405906623365951e+01
4.450985995998856737e+01,2.339518079204933798e+01
4.452986567590740208e+01,2.251155413951202888e+01
4.454987139182623679e+01,2.047316857376251065e+01
4.456987710774507150e+01,1.944465724766283898e+01
4.458988282366390621e+01,1.833691147207165173e+01
4.460988853958274092e+01,1.733992260327904233e+01
4.462989425550157563e+01,1.606602777909228053e+01
4.464989997142041034e+01,1.536682721906193549e+01
4.466990568733924505e+01,1.583976020161840026e+01
4.468991140325807265e+01,1.438400101645438767e+01
4.470991711917690736e+01,1.434425530509032143e+01
4.472992283509574207e+01,1.430749622596274939e+01
4.474992855101457678e+01,1.353514202460321059e+01
4.476993426693341149e+01,1.360686215476687622e+01
4.478993998285224620e+01,1.360328989236191433e+01
4.480994569877108091e+01,1.341190104647310122e+01
4.482995141468991562e+01,1.406673490589536613e+01
4.484995713060875033e+01,1.341204989176683782e+01
4.486996284652757794e+01,1.452545212406140607e+01
4.488996856244641265e+01,1.447625092976526773e+01
4.490997427836524736e+01,1.497697475587824556e+01
4.492997999428408207e+01,1.634489253909802642e+01
4.494998571020291678e+01,1.643968487018133828e+01
4.496999142612175149e+01,1.758792346668409934e+01
4.498999714204058620e+01,1.877590976378145271e+01
4.501000285795942091e+01,1.928356303191549159e+01
4.503000857387825562e+01,2.075568639494878553e+01
4.505001428979709033e+01,2.179307521173708651e+01
4.507002000571591793e+01,2.368938188231372521e+01
4.509002572163475264e+01,2.535564610302606070e+01
4.511003143755358735e+01,2.827213088061228063e+01
4.513003715347242206e+01,2.983141020673703281e+01
4.515004286939125677e+01,3.147263966380160127e+01
4.517004858531009148e+01,3.420277647620743267e+01
4.519005430122892619e+01,3.662620998031948716e+01
4.521006001714776090e+01,3.904363111816952880e+01
4.523006573306659561e+01,4.187009706551306465e+01
4.525007144898542322e+01,4.404595869195822644e+01
4.527007716490425793e+01,4.685401776999295009e+01
4.529008288082309264e+01,5.051789287909489445e+01
4.531008859674192735e+01,5.300393590000865629e+01
4.533009431266076206e+01,5.519687414697938266e+01
4.535010002857959677e+01,5.807990619476284877e+01
4.537010574449843148e+01,6.005570226216623553e+01
4.539011146041726619e+01,6.313084967960720917e+01
4.541011717633610090e+01,6.461543708579252154e+01
4.543012289225492850e+01,6.625515338406640353e+01
4.545012860817376321e+01,6.788615355297834242e+01
4.547013432409259792e+01,6.835473869795917778e+01
4.549014004001143263e+01,6.919766939973301589e+01
4.551014575593026734e+01,6.848296196451136097e+01
4.553015147184910205e+01,6.860299424485896225e+01
4.555015718776793676e+01,6.748231974016540846e+01
4.557016290368677147e+01,6.729867006818673758e+01
4.559016861960560618e+01,6.485879713001105529e+01
4.561017433552444089e+01,6.265587068684573779e+01
4.563018005144326850e+01,6.078726697650377275e+01
4.565018576736210321e+01,5.849634273759888003e+01
4.567019148328093792e+01,5.551233229627711552e+01
4.569019719919977263e+01,5.185957154760679089e+01
4.571020291511860734e+01,5.009202695567132224e+01
4.573020863103744205e+01,4.686428139827085460e+01
4.575021434695627676e+01,4.394631433467442605e+01
4.577022006287511147e+01,4.142533732442905148e+01
4.579022577879394618e+01,3.791522145259845900e+01
4.581023149471277378e+01,3.493175295184622797e+01
4.583023721063160849e+01,3.240704765291967959e+01
4.585024292655044320e+01,2.935421397185361769e+01
4.587024864246927791e+01,2.726575983349820831e+01
4.589025435838811262e+01,2.543832366752965157e+01
4.591026007430694733e+01,2.335787493480622601e+01
4.593026579022578204e+01,2.056193055029523720e+01
4.595027150614461675e+01,1.911719297021496544e+01
4.597027722206345146e+01,1.771305484127621099e+01
4.599028293798228617e+01,1.616824092977172356e+01
4.601028865390111378e+01,1.436554377236020308e+01
4.603029436981994849e+01,1.320671140197198312e+01
4.605030008573878320e+01,1.285859928285634624e+01
4.607030580165761791e+01,1.143572947525296790e+01
4.609031151757645262e+01,1.049788362084404447e+01
4.611031723349528733e+01,1.016223418026406655e+01
4.613032294941412204e+01,8.744407074511812539e+00
4.615032866533295675e+01,8.770177346350353176e+00
4.617033438125179146e+01,8.100410694508223486e+00
4.619034009717061906e+01,7.701617639873900245e+00
4.621034581308945377e+01,7.562416305417707818e+00
4.623035152900828848e+01,7.019735960621323656e+00
4.625035724492712319e+01,6.632560018357517961e+00
4.627036296084595790e+01,6.615502964230348226e+00
4.629036867676479261e+01,6.373933825015267729e+00
4.631037439268362732e+01,6.472907637876412323e+00
4.633038010860246203e+01,5.071235706891486394e+00
4.635038582452129674e+01,5.462891185574446418e+00
4.637039154044012434e+01,5.936731517082603382e+00
4.639039725635895905e+01,5.851940084952958365e+00
4.641040297227779376e+01,6.154384254545400168e+00
4.643040868819662847e+01,5.943145341418555105e+00
4.645041440411546319e+01,5.002433808611702837e+00
4.647042012003429790e+01,5.759478939785717344e+00
4.649042583595313261e+01,5.740363017488020247e+00
4.651043155187196732e+01,5.147316691320275694e+00
4.653043726779080203e+01,5.090490366223505703e+00
4.655044298370963674e+01,4.499301837391682213e+00
4.657044869962846434e+01,4.608315491432285249e+00
4.659045441554729905e+01,4.984603069887302951e+00
4.661046013146613376e+01,4.809840533207106361e+00
4.663046584738496847e+01,5.505887633340240228e+00
4.665047156330380318e+01,5.027091059460182976e+00
4.667047727922263789e+01,5.383910260280122984e+00
4.669048299514147260e+01,5.058881600133040557e+00
4.671048871106030731e+01,4.445731902958941717e+00
4.673049442697914202e+01,5.504255721362495635e+00
4.675050014289796962e+01,4.882983606266548371e+00
4.677050585881680433e+01,5.136444274185455683e+00
4.679051157473563904e+01,6.153437107409682305e+00
4.681051729065447375e+01,6.565365623298035302e+00
4.683052300657330846e+01,5.892540257428807493e+00
4.685052872249214317e+01,7.065482007834921419e+00
4.687053443841097788e+01,6.816789205184749179e+00
4.689054015432981259e+01,7.150010043691335859e+00
4.691054587024864730e+01,7.554945095621917517e+00
4.693055158616748201e+01,7.213524537978328155e+00
4.695055730208630962e+01,8.038050726544097913e+00
4.697056301800514433e+01,7.783342646515023944e+00
4.699056873392397904e+01,7.432884075255243417e+00
4.701057444984281375e+01,8.136182986505197334e+00
4.703058016576164846e+01,8.303014848363730493e+00
4.705058588168048317e+01,8.294136126911606510e+00
4.707059159759931788e+01,9.321373570870782999e+00
4.709059731351815259e+01,9.315275626794582209e+00
4.711060302943698730e+01,9.162036805714928178e+00
4.713060874535581490e+01,9.998057786306118189e+00
4.715061446127464961e+01,9.052466332520918257e+00
4.717062017719348432e+01,9.025402106577281813e+00
4.719062589311231903e+01,8.933547013149798488e+00
4.721063160903115374e+01,9.608003804849758467e+00
4.723063732494998845e+01,9.225678516249317340e+00
4.725064304086882316e+01,8.471418379324981984e+00
4.727064875678765787e+01,9.183343837029832812e+00
4.729065447270649258e+01,8.765961369473279419e+00
4.731066018862532019e+01,8.707203499131679791e+00
4.733066590454415490e+01,7.656921432556965001e+00
4.735067162046298961e+01,7.986083754403374257e+00
4.737067733638182432e+01,7.996103559799543348e+00
4.739068305230065903e+01,8.113580146052340680e+00
4.741068876821949374e+01,7.554986410957448939e+00
4.743069448413832845e+01,6.845848134228761594e+00
4.745070020005716316e+01,6.096568782854404844e+00
4.747070591597599787e+01,6.329108347850369576e+00
4.749071163189483258e+01,6.261059794165811709e+00
4.751071734781366018e+01,5.281277189106755365e+00
4.753072306373249489e+01,6.222118346551962276e+00
4.755072877965132960e+01,5.310275952557869772e+00
4.757073449557016431e+01,5.347737562560666902e+00
4.759074021148899902e+01,5.566065170410142926e+00
4.761074592740783373e+01,5.018635762557985380e+00
4.763075164332666844e+01,4.951342334986101434e+00
4.765075735924550315e+01,3.918921696641560537e+00
4.767076307516433786e+01,4.077335925189912835e+00
4.769076879108316547e+01,3.852676172667306886e+00
4.771077450700200018e+01,5.067984531018526084e+00
4.773078022292083489e+01,3.788280830258363707e+00
4.775078593883966960e+01,4.117445915051157534e+00
4.777079165475850431e+01,3.747347832850840277e+00
4.779079737067733902e+01,4.102828545918042025e+00
4.781080308659617373e+01,4.068574800269074920e+00
4.783080880251500844e+01,4.017410264481913629e+00
4.785081451843384315e+01,3.286728777897244491e+00
4.787082023435267075e+01,4.298821629474547379e+00
4.789082595027150546e+01,4.065757607826039788e+00
4.791083166619034017e+01,3.868968820322577606e+00
4.793083738210917488e+01,3.775808570390619678e+00
4.795084309802800959e+01,4.403519945684397641e+00
4.797084881394684430e+01,4.208410163372526824e+00
4.799085452986567901e+01,4.223275951570922615e+00
4.801086024578451372e+01,4.807791852949178768e+00
4.803086596170334843e+01,5.188388157855148286e+00
4.805087167762218314e+01,4.462424533883760702e+00
4.807087739354101075e+01,4.575443519077306398e+00
4.809088310945984546e+01,5.202049223011309564e+00
4.811088882537868017e+01,6.031465949963354056e+00
4.813089454129751488e+01,6.307337195734187496e+00
4.815090025721634959e+01,5.185807724468116220e+00
4.817090597313518430e+01,5.743537820043561837e+00
4.819091168905401901e+01,6.561328850378504995e+00
4.821091740497285372e+01,6.775035570741986923e+00
4.823092312089168843e+01,7.471315671992336149e+00
4.825092883681051603e+01,7.999632604464334662e+00
4.827093455272935074e+01,8.840856366324853610e+00
4.829094026864818545e+01,8.615446860564830445e+00
4.831094598456702016e+01,9.254090413344581378e+00
4.833095170048585487e+01,1.028841430795503875e+01
4.835095741640468958e+01,1.131945379152178077e+01
4.837096313232352429e+01,1.156556584777215946e+01
4.839096884824235900e+01,1.285259712622679729e+01
4.841097456416119371e+01,1.326222716777015620e+01
4.843098028008002842e+01,1.427981923424937705e+01
4.845098599599885603e+01,1.644296205141915124e+01
4.847099171191769074e+01,1.637609734507810799e+01
4.849099742783652545e+01,1.799311136233460928e+01
4.851100314375536016e+01,2.031909892867021483e+01
4.853100885967419487e+01,2.159974843369364095e+01
4.855101457559302958e+01,2.260489272133652960e+01
4.857102029151186429e+01,2.376431161132847336e+01
4.859102600743069900e+01,2.490233201652524997e+01
4.861103172334953371e+01,2.670137787701454357e+01
4.863103743926836131e+01,2.765847644213674528e+01
4.865104315518719602e+01,2.923925346287104077e+01
4.867104887110603073e+01,2.952667033758235249e+01
4.869105458702486544e+01,3.120769637017856013e+01
4.871106030294370015e+01,3.151900888556400915e+01
4.873106601886253486e+01,3.289042119483211479e+01
4.875107173478136957e+01,3.171829517123697428e+01
4.877107745070020428e+01,3.235814901036344082e+01
4.879108316661903899e+01,3.212954672742202433e+01
4.881108888253786660e+01,3.214972913978213143e+01
4.883109459845670131e+01,3.136977755690105951e+01
4.885110031437553602e+01,3.104742476378788041e+01
4.887110603029437073e+01,3.070439983859921540e+01
4.889111174621320544e+01,2.927226614656355252e+01
4.891111746213204015e+01,2.815210081755841998e+01
4.893112317805087486e+01,2.729773033515773051e+01
4.895112889396970957e+01,2.571020321857960766e+01
4.897113460988854428e+01,2.416345413291408661e+01
4.899114032580737899e+01,2.320641404587325241e+01
4.901114604172620659e+01,2.199501522255072317e+01
4.903115175764504130e+01,2.004915401820731446e+01
4.905115747356387601e+01,1.862783385475589526e+01
4.907116318948271072e+01,1.815771337834568300e+01
4.909116890540154543e+01,1.649379121293193862e+01
4.911117462132038014e+01,1.448675459581568248e+01
4.913118033723921485e+01,1.410368784998413183e+01
4.915118605315804956e+01,1.280229791270541639e+01
4.917119176907688427e+01,1.149236008106926121e+01
4.919119748499571187e+01,1.080538960023086403e+01
4.921120320091454658e+01,9.877829357940298038e+00
4.923120891683338129e+01,9.542335453810267154e+00
4.925121463275221600e+01,8.522129158784064629e+00
4.927122034867105071e+01,7.924389827693700816e+00
4.929122606458988542e+01,7.495165359879204736e+00
4.931123178050872014e+01,7.257947294947928896e+00
4.933123749642755485e+01,6.830706179302953984e+00
4.935124321234638956e+01,6.172006322038661175e+00
4.937124892826522427e+01,6.716831865771174748e+00
4.939125464418405187e+01,5.565893461430063915e+00
4.941126036010288658e+01,5.081837241715826181e+00
4.943126607602172129e+01,5.275970116427815881e+00
4.945127179194055600e+01,4.703429496988102088e+00
4.947127750785939071e+01,4.523318265498765811e+00
4.949128322377822542e+01,5.478153874928795020e+00
4.951128893969706013e+01,3.765168458080071723e+00
4.953129465561589484e+01,4.655123434693392070e+00
4.955130037153472955e+01,5.184886597590206314e+00
4.957130608745355715e+01,4.717826934146552631e+00
4.959131180337239186e+01,4.545065965534476504e+00
4.961131751929122657e+01,4.769917305406089270e+00
4.963132323521006128e+01,3.845532535720397771e+00
4.965132895112889599e+01,4.333236891667580082e+00
4.967133466704773070e+01,4.410549582003143065e+00
4.969134038296656541e+01,4.762985990641416478e+00
4.971134609888540012e+01,4.485008898037385450e+00
4.973135181480423483e+01,4.634235644847863433e+00
4.975135753072306244e+01,4.335664228834200884e+00
4.977136324664189715e+01,4.321079231877016369e+00
4.979136896256073186e+01,4.689876598916876915e+00
4.981137467847956657e+01,4.708179163322739669e+00
4.983138039439840128e+01,4.367943018148746859e+00
4.985138611031723599e+01,4.069533359300481656e+00
4.987139182623607070e+01,4.695090240124280001e+00
4.989139754215490541e+01,5.072938245874501817e+00
4.991140325807374012e+01,4.866045402980646806e+00
4.993140897399257483e+01,6.262891344750418199e+00
4.995141468991140243e+01,5.601646934171306214e+00
4.997142040583023714e+01,6.163951493768465184e+00
4.999142612174907185e+01,6.129134635354102301e+00
5.001143183766790656e+01,7.202794382034023002e+00
5.003143755358674127e+01,6.099993512681178842e+00
5.005144326950557598e+01,7.502385827155132247e+00
5.007144898542441069e+01,7.511924391264327205e+00
5.009145470134324540e+01,7.505052610916029820e+00
5.011146041726208011e+01,7.873835291958798166e+00
5.013146613318090772e+01,8.763152828327671173e+00
5.015147184909974243e+01,9.856780361139380275e+00
5.017147756501857714e+01,1.068543741910847977e+01
5.019148328093741185e+01,1.025870456071987924e+01
5.021148899685624656e+01,1.100095002357516449e+01
5.023149471277508127e+01,1.245480150008434350e+01
5.025150042869391598e+01,1.243608554430782931e+01
5.027150614461275069e+01,1.431581243925324642e+01
5.029151186053158540e+01,1.533933804665790746e+01
5.031151757645042011e+01,1.585693991624573584e+01
5.033152329236924771e+01,1.642210302481922213e+01
5.035152900828808242e+01,1.780139198131199052e+01
5.037153472420691713e+01,1.787713017140254834e+01
5.039154044012575184e+01,1.899263985995290938e+01
5.041154615604458655e+01,1.905892577010693145e+01
5.043155187196342126e+01,2.131866046088589783e+01
5.045155758788225597e+01,2.148906718118191606e+01
5.047156330380109068e+01,2.208046555596537175e+01
5.049156901971992539e+01,2.302263033115090707e+01
5.051157473563875300e+01,2.482583053786365213e+01
5.053158045155758771e+01,2.488987542344318626e+01
5.055158616747642242e+01,2.618023118042329145e+01
5.057159188339525713e+01,2.602261056198502587e+01
5.059159759931409184e+01,2.695689081764048467e+01
5.061160331523292655e+01,2.752029773818413361e+01
5.063160903115176126e+01,2.805428703441285165e+01
5.065161474707059597e+01,2.848364235096755692e+01
5.067162046298943068e+01,2.930863456124336253e+01
5.069162617890825828e+01,2.964289251417650917e+01
5.071163189482709299e+01,3.001818768446514696e+01
5.073163761074592770e+01,3.021018255955403475e+01
5.075164332666476241e+01,3.076822171750355039e+01
5.077164904258359712e+01,3.050819728363876493e+01
5.079165475850243183e+01,3.111663367238350375e+01
5.081166047442126654e+01,3.110154348570259586e+01
5.083166619034010125e+01,3.191182678771099290e+01
5.085167190625893596e+01,3.109631328956345797e+01
5.087167762217777067e+01,3.146033609586740454e+01
5.089168333809659828e+01,3.120297436900040466e+01
5.091168905401543299e+01,3.185122194987142663e+01
5.093169476993426770e+01,3.158942739162146296e+01
5.095170048585310241e+01,3.101896271877882327e+01
5.097170620177193712e+01,3.109639936168704466e+01
5.099171191769077183e+01,3.155101438975341210e+01
5.101171763360960654e+01,3.100357912233285873e+01
5.103172334952844125e+01,3.109151806041567312e+01
5.105172906544727596e+01,3.028960168946610310e+01
5.107173478136610356e+01,2.967751494362534714e+01
5.109174049728493827e+01,2.939241675554644928e+01
5.111174621320377298e+01,2.924913088257310179e+01
5.113175192912260769e+01,2.692461122523467054e+01
5.115175764504144240e+01,2.673237887937052193e+01
5.117176336096027711e+01,2.562714504116644676e+01
5.119176907687911182e+01,2.517067368773522418e+01
5.121177479279794653e+01,2.368677098504504386e+01
5.123178050871678124e+01,2.218351361485784423e+01
5.125178622463561595e+01,2.121372137450790518e+01
5.127179194055444356e+01,1.988309323815902019e+01
5.129179765647327827e+01,1.844357731002630985e+01
5.131180337239211298e+01,1.735685851513943945e+01
5.133180908831094769e+01,1.580505156771598152e+01
5.135181480422978240e+01,1.511262359739298589e+01
5.137182052014861711e+01,1.360004552970526248e+01
5.139182623606745182e+01,1.272702322690206245e+01
5.141183195198628653e+01,1.243646259304193968e+01
5.143183766790512124e+01,1.122368839653655215e+01
5.145184338382394884e+01,1.133971291353851996e+01
5.147184909974278355e+01,9.137776748504528257e+00
5.149185481566161826e+01,9.434576853228218596e+00
5.151186053158045297e+01,9.278834076802596087e+00
5.153186624749928768e+01,8.476318205241756942e+00
5.155187196341812239e+01,7.245174871880953660e+00
5.157187767933695710e+01,8.052586457224016669e+00
5.159188339525579181e+01,7.836384418936063412e+00
5.161188911117462652e+01,7.395010335692216330e+00
5.163189482709345413e+01,7.007792568802205579e+00
5.165190054301228884e+01,7.173134074990864306e+00
5.167190625893112355e+01,6.689477251806652980e+00
5.169191197484995826e+01,7.077792585213616761e+00
5.171191769076879297e+01,6.301017670171825458e+00
5.173192340668762768e+01,7.478991715394339934e+00
5.175192912260646239e+01,7.686178887089280209e+00
5.177193483852529710e+01,8.041580127485079998e+00
5.179194055444413181e+01,8.238904059253000511e+00
5.181194627036296652e+01,8.204611861259852645e+00
5.183195198628179412e+01,8.329243069397518795e+00
5.185195770220062883e+01,9.673033042271665494e+00
5.187196341811946354e+01,9.419260255960184125e+00
5.189196913403829825e+01,9.727754888815582035e+00
5.191197484995713296e+01,1.038550263013495112e+01
5.193198056587596767e+01,1.205899763219903242e+01
5.195198628179480238e+01,1.156141463626874177e+01
5.197199199771363709e+01,1.244746114176260221e+01
5.199199771363247180e+01,1.334302007274352420e+01
5.201200342955129940e+01,1.409339887956587489e+01
5.203200914547013411e+01,1.443622202363025231e+01
5.205201486138896882e+01,1.564444862014028814e+01
5.207202057730780353e+01,1.553839883727205162e+01
5.209202629322663824e+01,1.620925040689914809e+01
5.211203200914547295e+01,1.704112913440639687e+01
5.213203772506430766e+01,1.769640725200112286e+01
5.215204344098314237e+01,1.911661473273792922e+01
5.217204915690197708e+01,1.842214155196912628e+01
5.219205487282081180e+01,1.810840802326259080e+01
5.221206058873963940e+01,1.854384057187033363e+01
5.223206630465847411e+01,1.846713269146665937e+01
5.225207202057730882e+01,1.837456738099872666e+01
5.227207773649614353e+01,1.811401785744772752e+01
5.229208345241497824e+01,1.807529388757644284e+01
5.231208916833381295e+01,1.806228270915984879e+01
5.233209488425264766e+01,1.676790070858757176e+01
5.235210060017148237e+01,1.622338862078260036e+01
5.237210631609031708e+01,1.488165560675791710e+01
5.239211203200914468e+01,1.510502837078177762e+01
5.241211774792797939e+01,1.451059618888393388e+01
5.243212346384681410e+01,1.295074174081045548e+01
5.245212917976564881e+01,1.227862753420656716e+01
5.247213489568448352e+01,1.060874233072996375e+01
5.249214061160331823e+01,1.010169000420691887e+01
5.251214632752215294e+01,9.514667573396421218e+00
5.253215204344098765e+01,8.525322118698095863e+00
5.255215775935982236e+01,7.907852094545241073e+00
5.257216347527864997e+01,7.201441015766278042e+00
5.259216919119748468e+01,6.491112587600529338e+00
5.261217490711631939e+01,5.830528502069482144e+00
5.263218062303515410e+01,5.607292656736243330e+00
5.265218633895398881e+01,4.800507448408993127e+00
5.267219205487282352e+01,5.369551663797178520e+00
5.269219777079165823e+01,5.033156014238541864e+00
5.271220348671049294e+01,5.334445515823983186e+00
5.273220920262932765e+01,3.490858946596162582e+00
5.275221491854816236e+01,4.387440184353804895e+00
5.277222063446698996e+01,4.179502855232724912e+00
5.279222635038582467e+01,3.002363968752979062e+00
5.281223206630465938e+01,3.220310313606658426e+00
5.283223778222349409e+01,4.214415540812424865e+00
5.285224349814232880e+01,2.694396239225615552e+00
5.287224921406116351e+01,2.870192492719900734e+00
5.289225492997999822e+01,3.881078463002926249e+00
5.291226064589883293e+01,2.496015022157424657e+00
5.293226636181766764e+01,2.757682207008860686e+00
5.295227207773649525e+01,2.027013588319943604e+00
5.297227779365532996e+01,2.674309787365920954e+00
5.299228350957416467e+01,2.729980673547782288e+00
5.301228922549299938e+01,2.773959790822789540e+00
5.303229494141183409e+01,2.818248115809677934e+00
5.305230065733066880e+01,2.980413549365183101e+00
5.307230637324950351e+01,2.287462949876305718e+00
5.309231208916833822e+01,2.363859278852752155e+00
5.311231780508717293e+01,2.603050653112892743e+00
5.313232352100600764e+01,2.609069501844786032e+00
5.315232923692483524e+01,2.406666663881256607e+00
5.317233495284366995e+01,2.361849488305771239e+00
5.319234066876250466e+01,2.503767255508594580e+00
5.321234638468133937e+01,2.353587014973054004e+00
5.323235210060017408e+01,2.397588150420851605e+00
5.325235781651900879e+01,2.900507604551306073e+00
5.327236353243784350e+01,2.709525546814827379e+00
5.329236924835667821e+01,3.252266160503441306e+00
5.331237496427551292e+01,2.427364990412402612e+00
5.333238068019434053e+01,2.390242427108035805e+00
5.335238639611317524e+01,2.919239634549301243e+00
5.337239211203200995e+01,2.133943551181582965e+00
5.339239782795084466e+01,1.977264844533319632e+00
5.341240354386967937e+01,2.662890452505126238e+00
5.343240925978851408e+01,2.082357730669374352e+00
5.345241497570734879e+01,2.702604664808617052e+00
5.347242069162618350e+01,2.223378070648362570e+00
5.349242640754501821e+01,2.592384832114615456e+00
5.351243212346384581e+01,2.373204301901822078e+00
5.353243783938268052e+01,3.045148009944190992e+00
5.355244355530151523e+01,2.727772881446711928e+00
5.357244927122034994e+01,3.097174642347833906e+00
5.359245498713918465e+01,2.795816428680508281e+00
5.361246070305801936e+01,3.268157756609034514e+00
5.363246641897685407e+01,3.690009027228302152e+00
5.365247213489568878e+01,3.084468037834409593e+00
5.367247785081452349e+01,3.438288751437965196e+00
5.369248356673335820e+01,3.928498617199612131e+00
5.371248928265218581e+01,3.487656126353424924e+00
5.373249499857102052e+01,3.921270528087156926e+00
5.375250071448985523e+01,4.407255654823165614e+00
5.377250643040868994e+01,3.924364628857501813e+00
5.379251214632752465e+01,4.641473438784146310e+00
5.381251786224635936e+01,3.843098203780930699e+00
5.383252357816519407e+01,4.769449003554693256e+00
5.385252929408402878e+01,5.147843716522483071e+00
5.387253501000286349e+01,4.385390867951111105e+00
5.389254072592169109e+01,5.339033397589503238e+00
5.391254644184052580e+01,6.111184362662724467e+00
5.393255215775936051e+01,5.904467048073639646e+00
5.395255787367819522e+01,6.327886143978657785e+00
5.397256358959702993e+01,6.481762593751557944e+00
5.399256930551586464e+01,6.471654079519497671e+00
5.401257502143469935e+01,6.051630270525926392e+00
5.403258073735353406e+01,6.652226530047669506e+00
5.405258645327236877e+01,7.650412782989260307e+00
5.407259216919120348e+01,7.167791545854034219e+00
5.409259788511003109e+01,7.063898986855361883e+00
5.411260360102886580e+01,7.523556321453794382e+00
5.413260931694770051e+01,7.156501909747105650e+00
5.415261503286653522e+01,7.572023563810916791e+00
5.417262074878536993e+01,7.017826558765420053e+00
5.419262646470420464e+01,6.902582072683641101e+00
5.421263218062303935e+01,6.899053526062626673e+00
5.423263789654187406e+01,6.718406437271900344e+00
5.425264361246070877e+01,7.110910978987833531e+00
5.427264932837953637e+01,5.891503773391765009e+00
5.429265504429837108e+01,6.074964344154544449e+00
5.431266076021720579e+01,6.143940140676940942e+00
5.433266647613604050e+01,5.398771765013699486e+00
5.435267219205487521e+01,5.284371680845834085e+00
5.437267790797370992e+01,5.021297993258587056e+00
5.439268362389254463e+01,4.678434534831021452e+00
5.441268933981137934e+01,4.652859884142994673e+00
5.443269505573021405e+01,4.116862291019170783e+00
5.445270077164904166e+01,4.637326481642636722e+00
5.447270648756787637e+01,3.800485839224947426e+00
5.449271220348671108e+01,3.965994038463936278e+00
5.451271791940554579e+01,3.221592118823641826e+00
5.453272363532438050e+01,3.101378773745706141e+00
5.455272935124321521e+01,2.938254918918910885e+00
5.457273506716204992e+01,2.774277295521661912e+00
5.459274078308088463e+01,3.242306842367057573e+00
5.461274649899971934e+01,2.808513173716333799e+00
5.463275221491855405e+01,2.722904197675979798e+00
5.465275793083738165e+01,2.227814426363154965e+00
5.467276364675621636e+01,2.385839932378487127e+00
5.469276936267505107e+01,1.709956040832114610e+00
5.471277507859388578e+01,1.762411828204480280e+00
5.473278079451272049e+01,2.529122607253087018e+00
5.475278651043155520e+01,2.126212689183859528e+00
5.477279222635038991e+01,1.861676196559997942e+00
5.479279794226922462e+01,1.922725433635518622e+00
5.481280365818805933e+01,2.266230770598200550e+00
5.483280937410688693e+01,2.060328488917988476e+00
5.485281509002572164e+01,2.162261971138525141e+00
5.487282080594455635e+01,1.722517147770762147e+00
5.489282652186339106e+01,2.227152972678743570e+00
5.491283223778222577e+01,2.141520426184850834e+00
5.493283795370106048e+01,2.671395322257917648e+00
5.495284366961989519e+01,2.272055539841985272e+00
5.497284938553872990e+01,1.398396490111553314e+00
5.499285510145756461e+01,1.903153782350920586e+00
5.501286081737639222e+01,2.492548967139080140e+00
5.503286653329522693e+01,1.906419031467918135e+00
5.505287224921406164e+01,2.148481569616698117e+00
5.507287796513289635e+01,1.391582922536619193e+00
5.509288368105173106e+01,2.025872737285417724e+00
5.511288939697056577e+01,1.780867525270832363e+00
5.513289511288940048e+01,1.845019287128245367e+00
5.515290082880823519e+01,1.709684974129176860e+00
5.517290654472706990e+01,2.137754163134743202e+00
5.519291226064590461e+01,1.673054009233751804e+00
5.521291797656473221e+01,2.615145209586879460e+00
5.523292369248356692e+01,2.182168120616878149e+00
5.525292940840240163e+01,1.606639088233580370e+00
5.527293512432123634e+01,1.364875446427570971e+00
5.529294084024007105e+01,2.446541105929135984e+00
5.531294655615890576e+01,1.489187650490932047e+00
5.533295227207774047e+01,2.654860283856042891e+00
5.535295798799657518e+01,2.301929924171742137e+00
5.537296370391540989e+01,1.621110692190113056e+00
5.539296941983423750e+01,2.680513711644803454e+00
5.541297513575307221e+01,2.202979373763745308e+00
5.543298085167190692e+01,2.123390926776266951e+00
5.545298656759074163e+01,2.107681411401821414e+00
5.547299228350957634e+01,2.812448919468422126e+00
5.549299799942841105e+01,2.370071097088090717e+00
5.551300371534724576e+01,3.315250293632050038e+00
5.553300943126608047e+01,2.995577764604017812e+00
5.555301514718491518e+01,2.382689095978490101e+00
5.557302086310374989e+01,3.548983054222784705e+00
5.559302657902257749e+01,2.515785459637709831e+00
5.561303229494141220e+01,2.438459626491867205e+00
5.563303801086024691e+01,3.516472836728756768e+00
5.565304372677908162e+01,3.907135652935971315e+00
5.567304944269791633e+01,3.570516361052356480e+00
5.569305515861675104e+01,4.582524245904913585e+00
5.571306087453558575e+01,3.705854656194448538e+00
5.573306659045442046e+01,4.389124995544444019e+00
5.575307230637325517e+01,4.950747508547483022e+00
5.577307802229208278e+01,4.300134474965041420e+00
5.579308373821091749e+01,4.724726270602669587e+00
5.581308945412975220e+01,3.473382677375735916e+00
5.583309517004858691e+01,3.849670534868831595e+00
5.585310088596742162e+01,4.721592499159076084e+00
5.587310660188625633e+01,4.444607567170478113e+00
5.589311231780509104e+01,4.350195936719269518e+00
5.591311803372392575e+01,4.251879900453620742e+00
5.593312374964276046e+01,3.863087391155830552e+00
5.595312946556158806e+01,4.762891741580686400e+00
5.597313518148042277e+01,4.199865363093401527e+00
5.599314089739925748e+01,4.257567544840235030e+00
5.601314661331809219e+01,4.492632966316442378e+00
5.603315232923692690e+01,3.796131804605892057e+00
5.605315804515576161e+01,3.703148366609320341e+00
5.607316376107459632e+01,3.569157282028966094e+00
5.609316947699343103e+01,4.186381858045544746e+00
5.611317519291226574e+01,4.019188379564567981e+00
5.613318090883110045e+01,3.686420976084965773e+00
5.615318662474992806e+01,3.792550586545937463e+00
5.617319234066876277e+01,3.437389743857963254e+00
5.619319805658759748e+01,4.191119536113022903e+00
5.621320377250643219e+01,4.428093905704584721e+00
5.623320948842526690e+01,3.400729908601189955e+00
5.625321520434410161e+01,3.798863243612587759e+00
5.627322092026293632e+01,3.337590821635703975e+00
5.629322663618177103e+01,3.552586001743518018e+00
5.631323235210060574e+01,3.429600854912281171e+00
5.633323806801943334e+01,3.674264589706363715e+00
5.635324378393826805e+01,4.430949410913401110e+00
5.637324949985710276e+01,4.017325443180843614e+00
5.639325521577593747e+01,3.011888859496829607e+00
5.641326093169477218e+01,3.727095780121823854e+00
5.643326664761360689e+01,3.943393082808777095e+00
5.645327236353244160e+01,3.601760227458181696e+00
5.647327807945127631e+01,3.318558123256289072e+00
5.649328379537011102e+01,3.760737367210047033e+00
5.651328951128894573e+01,4.398993813146277354e+00
5.653329522720777334e+01,4.377936374958972365e+00
5.655330094312660805e+01,3.916743788369267953e+00
5.657330665904544276e+01,3.719096844884563158e+00
5.659331237496427747e+01,4.565389658946777729e+00
5.661331809088311218e+01,3.629820304752546800e+00
5.663332380680194689e+01,4.803601172609102576e+00
5.665332952272078160e+01,4.751962519951462127e+00
5.667333523863961631e+01,5.057822566817822718e+00
5.669334095455845102e+01,5.085451170159759116e+00
5.671334667047727862e+01,6.408544834255264888e+00
5.673335238639611333e+01,6.343601032523692673e+00
5.675335810231494804e+01,6.839055264819492663e+00
5.677336381823378275e+01,7.473279822089433644e+00
5.679336953415261746e+01,8.061475975955836759e+00
5.681337525007145217e+01,7.589062062360756755e+00
5.683338096599028688e+01,8.873771731157003018e+00
5.685338668190912159e+01,9.367307770305270509e+00
5.687339239782795630e+01,9.712745893333371683e+00
5.689339811374678391e+01,1.014233201876495372e+01
5.691340382966561862e+01,1.050388037767665672e+01
5.693340954558445333e+01,1.131529641572122635e+01
5.695341526150328804e+01,1.255662988381422629e+01
5.697342097742212275e+01,1.190395288315171562e+01
5.699342669334095746e+01,1.273667794556741839e+01
5.701343240925979217e+01,1.249911582458402215e+01
5.703343812517862688e+01,1.365945182391444845e+01
5.705344384109746159e+01,1.361993401423075056e+01
5.707344955701629630e+01,1.402866935406622595e+01
5.709345527293512390e+01,1.314239718722663497e+01
5.711346098885395861e+01,1.328924280442696571e+01
5.713346670477279332e+01,1.419727462446935817e+01
5.715347242069162803e+01,1.336765602784953799e+01
5.717347813661046274e+01,1.268361806227786559e+01
5.719348385252929745e+01,1.194431120210926522e+01
5.721348956844813216e+01,1.168036440598108427e+01
5.723349528436696687e+01,1.148873081572277854e+01
5.725350100028580158e+01,1.134113986563929899e+01
5.727350671620462919e+01,1.077134672010345184e+01
5.729351243212346390e+01,1.012965356446085075e+01
5.731351814804229861e+01,9.368966623508271141e+00
5.733352386396113332e+01,9.451903884272836009e+00
5.735352957987996803e+01,8.677414992221176959e+00
5.737353529579880274e+01,8.367909667256430595e+00
5.739354101171763745e+01,7.709099188087536803e+00
5.741354672763647216e+01,6.889424848445839800e+00
5.743355244355530687e+01,6.660142830619065535e+00
5.745355815947414158e+01,6.154589006150411379e+00
5.747356387539296918e+01,6.345152658582256855e+00
5.749356959131180389e+01,5.671312470630382130e+00
5.751357530723063860e+01,4.987474128996454148e+00
5.753358102314947331e+01,5.491386625844968172e+00
5.755358673906830802e+01,4.595095784322954735e+00
5.757359245498714273e+01,4.010821801404909515e+00
5.759359817090597744e+01,3.929632475629923238e+00
5.761360388682481215e+01,4.312791539283663766e+00
5.763360960274364686e+01,3.641539378206084976e+00
5.765361531866247446e+01,4.134015760031300779e+00
5.767362103458130917e+01,4.094205116085395169e+00
5.769362675050014388e+01,3.607772698642802478e+00
5.771363246641897859e+01,3.554646397973976857e+00
5.773363818233781330e+01,3.872503297432835723e+00
5.775364389825664801e+01,3.946787830207228787e+00
5.777364961417548272e+01,3.363397094277160271e+00
5.779365533009431743e+01,4.189110416500019696e+00
5.781366104601315214e+01,3.869299118077843769e+00
5.783366676193197975e+01,4.208733652903479339e+00
5.785367247785081446e+01,3.186379196979376438e+00
5.787367819376964917e+01,4.592569978251067830e+00
5.789368390968848388e+01,3.843369440488396460e+00
5.791368962560731859e+01,3.858576053668570260e+00
5.793369534152615330e+01,4.234148715970925458e+00
5.795370105744498801e+01,4.078004934202811071e+00
5.797370677336382272e+01,4.353080202431001133e+00
5.799371248928265743e+01,5.015850315827018235e+00
5.801371820520149214e+01,4.244119727929972719e+00
5.803372392112031974e+01,4.502138585872632603e+00
5.805372963703915445e+01,4.348429470790178719e+00
5.807373535295798916e+01,4.568154598055518711e+00
5.809374106887682387e+01,4.654080781896751340e+00
5.811374678479565858e+01,4.927706371202029700e+00
5.813375250071449329e+01,5.304091955340450859e+00
5.815375821663332800e+01,5.472357830441120896e+00
5.817376393255216271e+01,4.536632361757491516e+00
5.819376964847099742e+01,4.746520622183560079e+00
5.821377536438982503e+01,4.566251649111848110e+00
5.823378108030865974e+01,5.544342381264233843e+00
5.825378679622749445e+01,5.875238887506210261e+00
5.827379251214632916e+01,5.979063617308016276e+00
5.829379822806516387e+01,5.747014174620977300e+00
5.831380394398399858e+01,5.036705218294349251e+00
5.833380965990283329e+01,5.345663697045313967e+00
5.835381537582166800e+01,5.593087574010789709e+00
5.837382109174050271e+01,5.142534918240174946e+00
5.839382680765933742e+01,4.551827445785399107e+00
5.841383252357816502e+01,5.593262988290844007e+00
5.843383823949699973e+01,5.449209949026709410e+00
5.845384395541583444e+01,5.451267899804395967e+00
5.847384967133466915e+01,5.742997253577359018e+00
5.849385538725350386e+01,4.820458111351841879e+00
5.851386110317233857e+01,5.069197389707229107e+00
5.853386681909117328e+01,4.583330445673066578e+00
5.855387253501000799e+01,5.171071766045191254e+00
5.857387825092884270e+01,5.329315176295441603e+00
5.859388396684767031e+01,5.184699059796235687e+00
5.861388968276650502e+01,4.377636957396157769e+00
5.863389539868533973e+01,4.808938154474463822e+00
5.865390111460417444e+01,5.262873307224172237e+00
5.867390683052300915e+01,5.078548455978087794e+00
5.869391254644184386e+01,5.175161328230039715e+00
5.871391826236067857e+01,5.383108325097873958e+00
5.873392397827951328e+01,5.890920384426067358e+00
5.875392969419834799e+01,5.184039627300134789e+00
5.877393541011717559e+01,6.275587747719044707e+00
5.879394112603601030e+01,5.341690871262591678e+00
5.881394684195484501e+01,5.172694438725898181e+00
5.883395255787367972e+01,5.877127337438767363e+00
5.885395827379251443e+01,5.519698651472131345e+00
5.887396398971134914e+01,6.554562833472224348e+00
5.889396970563018385e+01,5.849586261217027960e+00
5.891397542154901856e+01,6.293103291127563281e+00
5.893398113746785327e+01,7.534924506442302494e+00
5.895398685338668798e+01,7.976111505659956080e+00
5.897399256930551559e+01,7.645763877141773079e+00
5.899399828522435030e+01,8.410214428347032367e+00
5.901400400114318501e+01,8.874973636509867703e+00
5.903400971706201972e+01,9.791233360180321199e+00
5.905401543298085443e+01,9.233714202302717666e+00
5.907402114889968914e+01,1.040652889933959102e+01
5.909402686481852385e+01,1.145782455990307724e+01
5.911403258073735856e+01,1.264647629765282133e+01
5.913403829665619327e+01,1.259036545335025536e+01
5.915404401257502087e+01,1.404100223182674689e+01
5.917404972849385558e+01,1.489443014764380280e+01
5.919405544441269029e+01,1.623912281067209662e+01
5.921406116033152500e+01,1.677104934451844187e+01
5.923406687625035971e+01,1.868472193705989426e+01
5.925407259216919442e+01,1.997452965405858905e+01
5.927407830808802913e+01,2.149279681413307941e+01
5.929408402400686384e+01,2.176102951038643596e+01
5.931408973992569855e+01,2.380652443268464680e+01
5.933409545584453326e+01,2.446577660449473868e+01
5.935410117176336087e+01,2.526775876819416311e+01
5.937410688768219558e+01,2.617718071213425901e+01
5.939411260360103029e+01,2.656920847264963115e+01
5.941411831951986500e+01,2.807904465965942720e+01
5.943412403543869971e+01,2.879212727819489714e+01
5.945412975135753442e+01,2.887361797654916629e+01
5.947413546727636913e+01,2.834117607915291615e+01
5.949414118319520384e+01,2.975681492061769973e+01
5.951414689911403855e+01,2.835848613198864854e+01
5.953415261503286615e+01,2.859495183416848363e+01
5.955415833095170086e+01,2.863285322728202686e+01
5.957416404687053557e+01,2.799936465696923449e+01
5.959416976278937028e+01,2.726537073975575964e+01
5.961417547870820499e+01,2.763462964786254616e+01
5.963418119462703970e+01,2.678975110732637432e+01
5.965418691054587441e+01,2.601958112092830078e+01
5.967419262646470912e+01,2.643783738914864401e+01
5.969419834238354383e+01,2.571446010873264498e+01
5.971420405830237144e+01,2.511852042671212004e+01
5.973420977422120615e+01,2.449352587820523652e+01
5.975421549014004086e+01,2.401328421247937683e+01
5.977422120605887557e+01,2.351856028595633319e+01
5.979422692197771028e+01,2.244472655175407283e+01
5.981423263789654499e+01,2.256805604567501433e+01
5.983423835381537970e+01,2.116454424619076491e+01
5.985424406973421441e+01,2.035564722390045489e+01
5.987424978565304912e+01,2.016093413939131551e+01
5.989425550157188383e+01,1.888734744968957457e+01
5.991426121749071143e+01,1.834900237299024184e+01
5.993426693340954614e+01,1.670524373009213548e+01
5.995427264932838085e+01,1.542624030797142609e+01
5.997427836524721556e+01,1.436580167418693676e+01
5.999428408116605027e+01,1.379154270225185108e+01
6.001428979708488498e+01,1.264161634158751113e+01
6.003429551300371969e+01,1.207936944543620683e+01
6.005430122892255440e+01,1.190065761144001044e+01
6.007430694484138911e+01,1.094556277797216559e+01
6.009431266076021672e+01,9.881356787505069406e+00
6.011431837667905143e+01,9.651183724630154614e+00
6.013432409259788614e+01,8.114982133460570068e+00
6.015432980851672085e+01,8.001101031736697067e+00
6.017433552443555556e+01,7.601216875960111530e+00
6.019434124035439027e+01,6.609958148226580121e+00
6.021434695627322498e+01,6.889279238121373439e+00
6.023435267219205969e+01,5.552626375244057222e+00
6.025435838811089440e+01,5.272379732312118428e+00
6.027436410402972911e+01,5.841021511072415962e+00
6.029436981994855671e+01,5.097936494319727174e+00
6.031437553586739142e+01,5.027973361295908106e+00
6.033438125178622613e+01,4.516497955513668394e+00
6.035438696770506084e+01,4.498089689650135448e+00
6.037439268362389555e+01,4.318514660227570801e+00
6.039439839954273026e+01,5.174753734610648692e+00
6.041440411546156497e+01,5.034614963399048015e+00
6.043440983138039968e+01,4.095867228891947320e+00
6.045441554729923439e+01,4.075307973441202769e+00
6.047442126321806199e+01,4.251685796811878859e+00
6.049442697913689670e+01,4.443515302784082799e+00
6.051443269505573141e+01,3.885987673676467580e+00
6.053443841097456612e+01,4.635000443387289337e+00
6.055444412689340083e+01,4.879864304555071364e+00
6.057444984281223554e+01,4.438687564199748969e+00
6.059445555873107025e+01,4.153362713134387540e+00
6.061446127464990496e+01,4.382171656190966047e+00
6.063446699056873967e+01,5.206059700340517793e+00
6.065447270648756728e+01,4.836165235097899640e+00
6.067447842240640199e+01,4.890042959851863102e+00
6.069448413832523670e+01,4.674109513135307203e+00
6.071448985424407141e+01,4.570609917722136650e+00
6.073449557016290612e+01,4.255095906265109917e+00
6.075450128608174083e+01,4.728309498370842689e+00
6.077450700200057554e+01,4.631861135735179325e+00
6.079451271791941025e+01,5.052140497071798464e+00
6.081451843383824496e+01,4.949111301987038303e+00
6.083452414975707967e+01,3.799288000079954486e+00
6.085452986567590727e+01,4.903393629323419489e+00
6.087453558159474198e+01,5.079605678299353499e+00
6.089454129751357669e+01,3.953347946552277392e+00
6.091454701343241140e+01,4.621143038631167599e+00
6.093455272935124611e+01,3.922851801491465284e+00
6.095455844527008082e+01,4.647539398094357566e+00
6.097456416118891553e+01,4.901001755900113999e+00
6.099456987710775024e+01,4.749277415832946936e+00
6.101457559302658495e+01,4.207157027950126249e+00
6.103458130894541256e+01,4.320144630183408552e+00
6.105458702486424727e+01,4.614681912243147721e+00
6.107459274078308198e+01,3.998502309959310885e+00
6.109459845670191669e+01,4.237196911797995291e+00
6.111460417262075140e+01,5.083437834349393114e+00
6.113460988853958611e+01,4.400947355721616105e+00
6.115461560445842082e+01,5.188385324124846321e+00
6.117462132037725553e+01,4.900905959045049443e+00
6.119462703629609024e+01,5.684192017092767557e+00
6.121463275221492495e+01,5.032619075795220276e+00
6.123463846813375255e+01,6.103607083947974132e+00
6.125464418405258726e+01,4.795396026248960553e+00
6.127464989997142197e+01,5.314495481821932543e+00
6.129465561589025668e+01,5.010602251402536567e+00
6.131466133180909139e+01,5.131069787004170379e+00
6.133466704772792610e+01,5.658979571454286983e+00
6.135467276364676081e+01,5.897843781105596150e+00
6.137467847956559552e+01,5.006203600314075075e+00
6.139468419548443023e+01,5.002572590674344788e+00
6.141468991140325784e+01,5.542315165219115158e+00
6.143469562732209255e+01,5.445398744839788918e+00
6.145470134324092726e+01,5.358257900846844279e+00
6.147470705915976197e+01,4.361353466521954658e+00
6.149471277507859668e+01,5.318443847767607480e+00
6.151471849099743139e+01,5.689791578343150746e+00
6.153472420691626610e+01,5.021146343202186557e+00
6.155472992283510081e+01,5.900779405332717609e+00
6.157473563875393552e+01,5.895345517753791675e+00
6.159474135467276312e+01,6.028534452874385607e+00
6.161474707059159783e+01,6.092809195936153444e+00
6.163475278651043254e+01,6.244453069810131041e+00
6.165475850242926725e+01,5.600502050232783802e+00
6.167476421834810196e+01,7.115200474653834206e+00
6.169476993426693667e+01,6.687872762858699360e+00
6.171477565018577138e+01,7.126064636078700332e+00
6.173478136610460609e+01,7.650335871375865793e+00
6.175478708202344080e+01,7.524342218357291223e+00
6.177479279794227551e+01,7.641258143574158446e+00
6.179479851386110312e+01,7.114654265072630324e+00
6.181480422977993783e+01,7.284764024516547032e+00
6.183480994569877254e+01,7.253021695517635870e+00
6.185481566161760725e+01,7.886064715620683785e+00
6.187482137753644196e+01,8.359723747030322727e+00
6.189482709345527667e+01,7.737057867445557235e+00
6.191483280937411138e+01,7.759035950678933702e+00
6.193483852529294609e+01,7.600917973246277271e+00
6.195484424121178080e+01,7.512800508865298710e+00
6.197484995713060840e+01,8.147827739036848982e+00
6.199485567304944311e+01,7.931445999108144740e+00
6.201486138896827782e+01,7.258104623354491025e+00
6.203486710488711253e+01,7.666874889753339417e+00
6.205487282080594724e+01,7.301443110734501474e+00
6.207487853672478195e+01,7.351252669928227235e+00
6.209488425264361666e+01,7.110854045119349820e+00
6.211488996856245137e+01,6.328717412632876460e+00
6.213489568448128608e+01,6.787190152575345969e+00
6.215490140040011369e+01,6.404429195239423223e+00
6.217490711631894840e+01,5.527310430137527320e+00
6.219491283223778311e+01,6.022652065650625275e+00
6.221491854815661782e+01,5.464500977138412097e+00
6.223492426407545253e+01,5.098410570072241299e+00
6.225492997999428724e+01,5.228843975274783062e+00
6.227493569591312195e+01,5.505313499533703414e+00
6.229494141183195666e+01,5.428675847717170377e+00
6.231494712775079137e+01,4.073215602545839253e+00
6.233495284366962608e+01,3.998977571641991524e+00
6.235495855958845368e+01,4.307431520559829252e+00
6.237496427550728839e+01,2.846301438723723543e+00
6.239496999142612310e+01,3.698698744040358921e+00
6.241497570734495781e+01,3.344197766862483157e+00
6.243498142326379252e+01,3.336372253521203035e+00
6.245498713918262723e+01,2.896279225335042007e+00
6.247499285510146194e+01,2.910414139167269099e+00
6.249499857102029665e+01,2.672885113480721664e+00
6.251500428693913136e+01,2.246450068458652360e+00
6.253501000285795897e+01,2.924487208893275625e+00
6.255501571877679368e+01,3.335692250766514100e+00
6.257502143469562839e+01,2.304682022952018183e+00
6.259502715061446310e+01,2.320795259119140752e+00
6.261503286653329781e+01,2.728610689000583900e+00
6.263503858245213252e+01,3.081956178325583551e+00
6.265504429837096723e+01,2.838454981502716024e+00
6.267505001428980194e+01,2.443721561209497573e+00
6.269505573020863665e+01,2.602617287994875461e+00
6.271506144612747136e+01,2.499286679079431028e+00
6.273506716204629896e+01,2.584589411526721836e+00
6.275507287796513367e+01,2.054909400321311974e+00
6.277507859388396838e+01,2.079332761510618521e+00
6.279508430980280309e+01,2.717401953191516562e+00
6.281509002572163780e+01,3.319294544867744001e+00
6.283509574164047251e+01,1.928029612933557235e+00
6.285510145755930722e+01,3.087903336184796288e+00
6.287510717347814193e+01,2.786426092640780006e+00
6.289511288939697664e+01,2.627812905748439842e+00
6.291511860531580425e+01,2.170747153786339645e+00
6.293512432123463896e+01,2.600696646846428539e+00
6.295513003715347367e+01,3.214586530822463484e+00
6.297513575307230838e+01,3.098369648069679627e+00
6.299514146899114309e+01,3.799354289293329856e+00
6.301514718490997780e+01,3.049388264891333744e+00
6.303515290082881251e+01,3.425505615922599834e+00
6.305515861674764722e+01,3.476945473848025880e+00
6.307516433266648193e+01,3.882499968661646150e+00
6.309517004858530953e+01,3.755091782091013020e+00
6.311517576450414424e+01,3.600462583233043024e+00
6.313518148042297895e+01,3.578674115014870871e+00
6.315518719634181366e+01,4.411493561964154431e+00
6.317519291226064837e+01,4.309959635826833946e+00
6.319519862817948308e+01,4.313288870204257996e+00
6.321520434409831779e+01,4.322586300474913656e+00
6.323521006001715250e+01,4.764247881431900034e+00
6.325521577593598721e+01,4.579719758067404278e+00
6.327522149185482192e+01,4.500021084245861225e+00
6.329522720777364952e+01,4.356518421836448773e+00
6.331523292369248423e+01,3.904342809143344972e+00
6.333523863961131894e+01,4.566915643987145224e+00
6.335524435553015365e+01,3.397525533185371316e+00
6.337525007144898836e+01,4.176528495110328976e+00
6.339525578736782307e+01,4.210614751624069285e+00
6.341526150328665778e+01,4.435912745464499096e+00
6.343526721920549249e+01,4.126721298781965253e+00
6.345527293512432720e+01,4.039154827857368346e+00
6.347527865104315481e+01,4.299631694656714131e+00
6.349528436696198952e+01,3.791961125451213555e+00
6.351529008288082423e+01,4.639803529827141837e+00
6.353529579879965894e+01,4.813123447911731745e+00
6.355530151471849365e+01,3.936403185127391957e+00
6.357530723063732836e+01,3.907673952393778016e+00
6.359531294655616307e+01,4.365953116540950418e+00
6.361531866247499778e+01,4.470694301799695403e+00
6.363532437839383249e+01,4.346769697364937457e+00
6.365533009431266720e+01,4.383502443179143171e+00
6.367533581023149480e+01,4.375906237066361726e+00
6.369534152615032951e+01,3.771302291784246474e+00
6.371534724206916422e+01,4.154937705350471688e+00
6.373535295798799893e+01,3.815589999745771621e+00
6.375535867390683364e+01,4.612506058129976161e+00
6.377536438982566835e+01,4.252506947949392213e+00
6.379537010574450306e+01,4.625778436542063332e+00
6.381537582166333777e+01,4.141242228676537351e+00
6.383538153758217248e+01,4.092641560917219756e+00
6.385538725350100009e+01,4.360712458758684740e+00
6.387539296941983480e+01,4.659272283856489949e+00
6.389539868533866951e+01,4.648146504944635105e+00
6.391540440125750422e+01,5.779026689821820995e+00
6.393541011717633893e+01,5.713078726214583014e+00
6.395541583309517364e+01,6.294567016529924786e+00
6.397542154901400835e+01,6.079582248168087233e+00
6.399542726493284306e+01,6.746056054506203381e+00
6.401543298085167066e+01,7.271404031819159286e+00
6.403543869677051248e+01,6.832904864704021364e+00
6.405544441268934008e+01,7.082638127820874985e+00
6.407545012860816769e+01,7.728817207023502611e+00
6.409545584452700950e+01,7.931758719312297146e+00
6.411546156044585132e+01,8.225325697361830279e+00
6.413546727636467892e+01,8.953215830728220581e+00
6.415547299228350653e+01,8.570244453279739716e+00
6.417547870820234834e+01,9.854187644824360603e+00
6.419548442412119016e+01,1.015253002393266968e+01
6.421549014004001776e+01,1.078275093394838002e+01
6.423549585595884537e+01,1.199396461912677481e+01
6.425550157187768718e+01,1.194002693169430707e+01
6.427550728779651479e+01,1.311511036701657673e+01
6.429551300371534239e+01,1.362010650437114023e+01
6.431551871963418421e+01,1.431307643451973100e+01
6.433552443555302602e+01,1.596057858393157858e+01
6.435553015147185363e+01,1.613016297988633596e+01
6.437553586739068123e+01,1.620113111248903337e+01
6.439554158330952305e+01,1.792617051701111563e+01
6.441554729922835065e+01,1.924949222707070362e+01
6.443555301514717826e+01,1.853111973752346131e+01
6.445555873106602007e+01,2.048494205109209076e+01
6.447556444698486189e+01,2.074620184020261604e+01
6.449557016290368949e+01,2.201743338951845885e+01
6.451557587882251710e+01,2.142082844465966929e+01
6.453558159474135891e+01,2.185709037488724249e+01
6.455558731066020073e+01,2.333870566126162771e+01
6.457559302657902833e+01,2.316770664243163225e+01
6.459559874249785594e+01,2.385762182218341110e+01
6.461560445841669775e+01,2.416070875108385962e+01
6.463561017433552536e+01,2.372049836924553290e+01
6.465561589025435296e+01,2.477403921057481995e+01
6.467562160617319478e+01,2.469322905210785635e+01
6.469562732209203659e+01,2.379041817304048934e+01
6.471563303801086420e+01,2.295228749425844583e+01
6.473563875392969180e+01,2.354567292163675063e+01
6.475564446984853362e+01,2.269157970576189598e+01
6.477565018576737543e+01,2.217966170991159203e+01
6.479565590168618883e+01,2.222590416483927100e+01
6.481566161760503064e+01,2.131113212669411183e+01
6.483566733352387246e+01,2.111011974090332899e+01
6.485567304944270006e+01,2.025586694415506628e+01
6.487567876536152767e+01,1.984236245360978046e+01
6.489568448128036948e+01,1.934515016910944496e+01
6.491569019719921130e+01,1.825728091949464726e+01
6.493569591311803890e+01,1.855074323948050008e+01
6.495570162903686651e+01,1.739097752408191155e+01
6.497570734495570832e+01,1.579800984392706908e+01
6.499571306087453593e+01,1.595245734066020660e+01
6.501571877679336353e+01,1.467575129007613377e+01
6.503572449271220535e+01,1.413198037813505437e+01
6.505573020863104716e+01,1.348929009504738019e+01
6.507573592454987477e+01,1.352242612287485812e+01
6.509574164046870237e+01,1.216302324403131863e+01
6.511574735638754419e+01,1.199113806639747359e+01
6.513575307230638600e+01,1.219364651097432173e+01
6.515575878822521361e+01,1.179164539298950132e+01
6.517576450414404121e+01,1.102795920531659846e+01
6.519577022006288303e+01,1.075925476953129412e+01
6.521577593598171063e+01,1.058231221466719063e+01
6.523578165190053824e+01,1.047168993886610444e+01
6.525578736781938005e+01,1.014538030506347255e+01
6.527579308373822187e+01,9.945227361879446448e+00
6.529579879965704947e+01,9.310347201603569545e+00
6.531580451557587708e+01,8.527443213698379765e+00
6.533581023149471889e+01,9.107190471671266607e+00
6.535581594741354650e+01,8.253399416127770394e+00
6.537582166333237410e+01,7.984319881074817715e+00
6.539582737925121592e+01,7.131300546252216321e+00
6.541583309517005773e+01,7.579701595956196414e+00
6.543583881108888534e+01,7.096385685987657510e+00
6.545584452700771294e+01,6.608554550637775193e+00
6.547585024292655476e+01,6.101379692582852954e+00
6.549585595884539657e+01,5.566709754347733963e+00
6.551586167476422418e+01,5.386866402950268196e+00
6.553586739068305178e+01,5.429988083365298479e+00
6.555587310660189360e+01,5.039175872850831794e+00
6.557587882252072120e+01,4.770440218444777614e+00
6.559588453843954881e+01,4.473101299746880422e+00
6.561589025435839062e+01,3.761565899911924582e+00
6.563589597027723244e+01,4.528175900486307803e+00
6.565590168619606004e+01,4.000337000912244534e+00
6.567590740211488765e+01,3.193816682566160026e+00
6.569591311803372946e+01,3.650870821197488070e+00
6.571591883395257128e+01,2.772196238218137321e+00
6.573592454987138467e+01,3.915021175887203775e+00
6.575593026579022649e+01,3.277558107175686963e+00
6.577593598170906830e+01,3.132679947256535424e+00
6.579594169762789591e+01,3.899815516086482692e+00
6.581594741354672351e+01,3.103049486063256701e+00
6.583595312946556533e+01,2.640364466102653296e+00
6.585595884538440714e+01,2.975403805566238180e+00
6.587596456130323475e+01,2.686841704907072970e+00
6.589597027722206235e+01,2.478332295579771749e+00
6.591597599314090417e+01,2.777047756672017531e+00
6.593598170905973177e+01,2.939430640276107454e+00
6.595598742497855937e+01,1.825864471455530991e+00
6.597599314089740119e+01,1.899061487153257399e+00
6.599599885681624301e+01,2.169588257775562745e+00
6.601600457273507061e+01,2.852276997657885893e+00
6.603601028865389821e+01,2.440077659333647730e+00
6.605601600457274003e+01,2.373150385888856295e+00
6.607602172049158185e+01,2.772000082652060549e+00
6.609602743641040945e+01,1.661336142365137158e+00
6.611603315232923705e+01,1.757489232227594789e+00
6.613603886824807887e+01,2.549270507684467724e+00
6.615604458416690647e+01,2.191266722995383276e+00
6.617605030008573408e+01,1.817165902267098954e+00
6.619605601600457589e+01,1.588838255439977143e+00
6.621606173192341771e+01,2.224207369325059247e+00
6.623606744784224531e+01,1.505423481069510849e+00
6.625607316376107292e+01,2.224084819440516281e+00
6.627607887967991473e+01,2.227930153464120711e+00
6.629608459559874234e+01,2.355019333801892767e+00
6.631609031151756994e+01,2.620036225225994109e+00
6.633609602743641176e+01,2.712881883365739988e+00
6.635610174335525357e+01,2.386533579383678383e+00
6.637610745927408118e+01,1.786556429878174868e+00
6.639611317519290878e+01,2.965706166067555660e+00
6.641611889111175060e+01,1.757376988547752816e+00
6.643612460703059241e+01,2.944496307614437036e+00
6.645613032294942002e+01,2.862719809693241579e+00
6.647613603886824762e+01,2.729548950226958759e+00
6.649614175478708944e+01,2.149788286976701546e+00
6.651614747070591704e+01,2.130743055356803417e+00
6.653615318662474465e+01,2.094755339051626919e+00
6.655615890254358646e+01,1.668130650937130088e+00
6.657616461846242828e+01,2.784794979146488991e+00
6.659617033438125588e+01,2.482272104000935453e+00
6.661617605030008349e+01,2.868464435405340573e+00
6.663618176621892530e+01,1.863410707819776579e+00
6.665618748213776712e+01,2.702865916991781248e+00
6.667619319805658051e+01,2.479882820632177243e+00
6.669619891397542233e+01,2.374477568154836682e+00
6.671620462989426414e+01,1.915603490448772206e+00
6.673621034581309175e+01,2.991230840044906358e+00
6.675621606173191935e+01,2.808982546426298743e+00
6.677622177765076117e+01,3.042119325444893274e+00
6.679622749356960298e+01,2.767111886966678203e+00
6.681623320948843059e+01,2.620504380621593743e+00
6.683623892540725819e+01,2.869726484845288361e+00
6.685624464132610001e+01,3.392360941718761680e+00
6.687625035724492761e+01,3.014864928292661617e+00
6.689625607316375522e+01,3.197011084458629249e+00
6.691626178908259703e+01,3.224996687563707720e+00
6.693626750500143885e+01,4.100910949529421146e+00
6.695627322092026645e+01,4.376944273897974469e+00
6.697627893683909406e+01,4.400442154438868769e+00
6.699628465275793587e+01,4.435088463771938549e+00
6.701629036867677769e+01,4.908218091133636385e+00
6.703629608459560529e+01,4.205222283382228810e+00
6.705630180051443290e+01,4.644397501009841278e+00
6.707630751643327471e+01,5.543446085742916196e+00
6.709631323235210232e+01,5.068433345324732997e+00
6.711631894827092992e+01,5.720323408231523743e+00
6.713632466418977174e+01,6.542081532617815220e+00
6.715633038010861355e+01,6.157568990673532028e+00
6.717633609602744116e+01,7.183713309032574656e+00
6.719634181194626876e+01,7.594925335926753007e+00
6.721634752786511058e+01,8.355601959120793509e+00
6.723635324378393818e+01,8.183699542661280191e+00
6.725635895970276579e+01,8.731534338327225697e+00
6.727636467562160760e+01,7.412538798367459769e+00
6.729637039154044942e+01,8.294704295291598584e+00
6.731637610745927702e+01,9.335378734667450829e+00
6.733638182337810463e+01,8.340638504110096108e+00
6.735638753929694644e+01,9.283434377590035425e+00
6.737639325521578826e+01,9.093351473150324438e+00
6.739639897113461586e+01,8.283098337197406735e+00
6.741640468705344347e+01,8.401775599729992550e+00
6.743641040297228528e+01,8.623548891051255438e+00
6.745641611889111289e+01,9.062259786098909586e+00
6.747642183480994049e+01,8.900129132824176281e+00
6.749642755072878231e+01,9.270764888113198765e+00
6.751643326664762412e+01,8.731912540465232908e+00
6.753643898256645173e+01,8.186377602576163426e+00
6.755644469848527933e+01,7.960012871340735430e+00
6.757645041440412115e+01,8.111621823191999425e+00
6.759645613032296296e+01,8.804083028021274515e+00
6.761646184624177636e+01,7.734027291254752967e+00
6.763646756216061817e+01,8.660564553754202421e+00
6.765647327807945999e+01,7.962854539289677902e+00
6.767647899399828759e+01,8.463007888222273678e+00
6.769648470991711520e+01,8.916130820616437802e+00
6.771649042583595701e+01,7.794318806574598746e+00
6.773649614175479883e+01,8.711003040843010581e+00
6.775650185767362643e+01,9.598903637532060884e+00
6.777650757359245404e+01,8.825593560764948720e+00
6.779651328951129585e+01,9.023406137321652309e+00
6.781651900543012346e+01,1.035685755890304449e+01
6.783652472134895106e+01,1.034120347060230927e+01
6.785653043726779288e+01,1.103813692783571376e+01
6.787653615318663469e+01,1.143487743646380395e+01
6.789654186910546230e+01,1.187746822324722729e+01
6.791654758502428990e+01,1.348406602246900476e+01
6.793655330094313172e+01,1.414868590672774928e+01
6.795655901686197353e+01,1.435959108694502717e+01
6.797656473278080114e+01,1.534831005399038162e+01
6.799657044869962874e+01,1.676980640245449905e+01
6.801657616461847056e+01,1.693514760069915326e+01
6.803658188053729816e+01,1.734095011530789066e+01
6.805658759645612577e+01,1.857856092308571760e+01
6.807659331237496758e+01,1.846394736134518411e+01
6.809659902829380940e+01,2.014540794308434357e+01
6.811660474421263700e+01,1.953691921264636022e+01
6.813661046013146461e+01,1.902516904907943740e+01
6.815661617605030642e+01,2.030533305155660173e+01
6.817662189196913403e+01,2.040786602830719687e+01
6.819662760788796163e+01,1.945579538931592012e+01
6.821663332380680345e+01,1.854303681425833616e+01
6.823663903972564526e+01,1.936744467479681475e+01
6.825664475564447287e+01,1.921735806134861591e+01
6.827665047156330047e+01,1.830791068758772155e+01
6.829665618748214229e+01,1.691851874658144084e+01
6.831666190340098410e+01,1.620861567015723992e+01
6.833666761931981171e+01,1.560637649495543755e+01
6.835667333523863931e+01,1.474109283781341873e+01
6.837667905115748113e+01,1.466326183078205148e+01
6.839668476707630873e+01,1.350259275142009940e+01
6.841669048299513634e+01,1.365773478670894647e+01
6.843669619891397815e+01,1.216993111321610144e+01
6.845670191483281997e+01,1.106408626065725187e+01
6.847670763075164757e+01,1.106229082874462932e+01
6.849671334667047518e+01,1.025921064241174463e+01
6.851671906258931699e+01,1.051677269910398493e+01
6.853672477850815881e+01,9.135995262810272521e+00
6.855673049442697220e+01,9.073973946145830638e+00
6.857673621034581402e+01,8.586121878042263234e+00
6.859674192626465583e+01,7.626051449263005821e+00
6.861674764218348344e+01,6.239869129558488048e+00
6.863675335810231104e+01,6.505783591267777943e+00
6.865675907402115286e+01,6.312107710431441809e+00
6.867676478993999467e+01,5.468938399886583923e+00
6.869677050585882228e+01,5.667262492354265824e+00
6.871677622177764988e+01,4.514433620013104331e+00
6.873678193769649170e+01,5.557192585215457115e+00
6.875678765361531930e+01,4.826127803162251872e+00
6.877679336953414690e+01,4.578719829261976848e+00
6.879679908545298872e+01,4.984192278912015439e+00
6.881680480137183054e+01,4.451347076839450523e+00
6.883681051729065814e+01,4.343817394122444497e+00
6.885681623320948574e+01,4.136416828680453683e+00
6.887682194912832756e+01,3.922024782927935327e+00
6.889682766504716938e+01,3.535933950305661710e+00
6.891683338096599698e+01,3.347897683434289284e+00
6.893683909688482458e+01,3.885543521821280599e+00
6.895684481280366640e+01,3.999390970934179723e+00
6.897685052872249400e+01,3.164133194135673843e+00
6.899685624464132161e+01,3.312004289002353552e+00
6.901686196056016342e+01,4.096743772962771146e+00
6.903686767647900524e+01,4.530424677501205366e+00
6.905687339239783284e+01,3.714041790803432441e+00
6.907687910831666045e+01,4.573563385969485751e+00
6.909688482423550226e+01,4.363349521393932839e+00
6.911689054015432987e+01,4.156621198162472552e+00
6.913689625607315747e+01,4.640795085542831266e+00
6.915690197199199929e+01,4.269112413522859306e+00
6.917690768791084110e+01,3.863430505935735226e+00
6.919691340382966871e+01,4.971865880590669029e+00
6.921691911974849631e+01,5.586336718683995173e+00
6.923692483566733813e+01,4.822314471411080383e+00
6.925693055158617994e+01,5.513849118332293742e+00
6.927693626750500755e+01,5.919767603673129486e+00
6.929694198342383515e+01,5.695728108477588592e+00
6.931694769934267697e+01,6.041803876400686946e+00
6.933695341526150457e+01,6.401641839629952813e+00
6.935695913118033218e+01,5.779179680764581661e+00
6.937696484709917399e+01,6.467022288785959638e+00
6.939697056301801581e+01,6.671226191793978799e+00
6.941697627893684341e+01,7.152032320988237046e+00
6.943698199485567102e+01,7.739615324774431038e+00
6.945698771077451283e+01,7.710899832047489966e+00
6.947699342669335465e+01,7.654223177731952710e+00
6.949699914261216804e+01,8.326664572472784798e+00
6.951700485853100986e+01,7.991460995849774207e+00
6.953701057444985167e+01,8.570263162992743489e+00
6.955701629036867928e+01,8.859463848911218520e+00
6.957702200628750688e+01,8.734160606962038997e+00
6.959702772220634870e+01,8.959602220018807017e+00
6.961703343812519051e+01,9.717547668475162936e+00
6.963703915404401812e+01,8.934078125079320642e+00
6.965704486996284572e+01,9.439587971251089726e+00
6.967705058588168754e+01,9.967647967748002102e+00
6.969705630180051514e+01,9.841773126662625160e+00
6.971706201771934275e+01,9.649401189807962353e+00
6.973706773363818456e+01,1.044726537519699150e+01
6.975707344955702638e+01,9.918498434771832351e+00
6.977707916547585398e+01,1.133600705976564171e+01
6.979708488139468159e+01,1.046405622710507544e+01
6.981709059731352340e+01,1.072768534082592673e+01
6.983709631323236522e+01,1.094707933312346348e+01
6.985710202915119282e+01,1.127594477310512033e+01
6.987710774507002043e+01,1.133734632794365993e+01
6.989711346098886224e+01,1.074697236727856442e+01
6.991711917690768985e+01,1.099290276323432991e+01
6.993712489282651745e+01,1.197571421954014603e+01
6.995713060874535927e+01,1.116423554268540741e+01
6.997713632466420108e+01,1.194397672811692779e+01
6.999714204058302869e+01,1.217498934173828573e+01
7.001714775650185629e+01,1.233601801761191297e+01
7.003715347242069811e+01,1.201916134488853771e+01
7.005715918833952571e+01,1.230612031707260989e+01
7.007716490425835332e+01,1.244455359491793800e+01
7.009717062017719513e+01,1.230246778353204462e+01
7.011717633609603695e+01,1.227741751995334774e+01
7.013718205201486455e+01,1.178854279155457441e+01
7.015718776793369216e+01,1.241150308626803245e+01
7.017719348385253397e+01,1.157440825784500582e+01
7.019719919977137579e+01,1.151470977869348644e+01
7.021720491569020339e+01,1.184212904879352024e+01
7.023721063160903100e+01,1.084965186500496515e+01
7.025721634752787281e+01,1.161800580052098120e+01
7.027722206344670042e+01,1.101279200828436444e+01
7.029722777936552802e+01,1.018676038731190658e+01
7.031723349528436984e+01,1.059205099356397284e+01
7.033723921120321165e+01,9.684996201534527671e+00
7.035724492712203926e+01,8.907108284976047230e+00
7.037725064304086686e+01,9.279601346175443410e+00
7.039725635895970868e+01,8.394386126860386099e+00
7.041726207487855049e+01,8.156041852095492928e+00
7.043726779079736389e+01,8.125922626047042741e+00
7.045727350671620570e+01,7.525747117315873425e+00
7.047727922263504752e+01,7.331754722935917457e+00
7.049728493855387512e+01,6.627674509183364648e+00
7.051729065447270273e+01,5.893622640770376009e+00
7.053729637039154454e+01,6.080214966295327983e+00
7.055730208631038636e+01,5.626491679030211301e+00
7.057730780222921396e+01,4.936664931597305461e+00
7.059731351814804157e+01,5.288935807781983911e+00
7.061731923406688338e+01,4.870134634050661937e+00
7.063732494998571099e+01,5.098899699400793573e+00
7.065733066590453859e+01,4.759883347405631682e+00
7.067733638182338041e+01,4.499115530460176871e+00
7.069734209774222222e+01,4.930363454699798531e+00
7.071734781366104983e+01,4.654631714411643806e+00
7.073735352957987743e+01,3.845903282963530678e+00
7.075735924549871925e+01,4.746306920694952858e+00
7.077736496141756106e+01,4.646709343289820993e+00
7.079737067733638867e+01,3.799507322044553437e+00
7.081737639325521627e+01,4.745150422117832001e+00
7.083738210917405809e+01,4.117431678085523572e+00
7.085738782509288569e+01,4.466875610084687587e+00
7.087739354101171330e+01,4.176341374722219335e+00
7.089739925693055511e+01,5.687312174736435466e+00
7.091740497284939693e+01,4.929347579190964446e+00
7.093741068876822453e+01,5.097356257594510609e+00
7.095741640468705214e+01,5.383181969078713713e+00
7.097742212060589395e+01,6.231409777223703372e+00
7.099742783652472156e+01,6.325169380990052659e+00
7.101743355244354916e+01,6.582543062653715360e+00
7.103743926836239098e+01,6.539615456653884884e+00
7.105744498428123279e+01,7.562856215175018271e+00
7.107745070020006040e+01,7.943013791239451393e+00
7.109745641611888800e+01,7.625188786484608627e+00
7.111746213203772982e+01,8.932764583557334603e+00
7.113746784795657163e+01,8.578484748887735378e+00
7.115747356387539924e+01,8.733592030943903239e+00
7.117747927979422684e+01,9.752749997946654759e+00
7.119748499571306866e+01,1.097565214115477161e+01
7.121749071163189626e+01,1.125836303062368238e+01
7.123749642755072387e+01,1.171890014729641294e+01
7.125750214346956568e+01,1.198596487609598782e+01
7.127750785938840750e+01,1.181540843367161386e+01
7.129751357530723510e+01,1.338152332407590350e+01
7.131751929122606271e+01,1.280349616928478440e+01
7.133752500714490452e+01,1.424754910205344061e+01
7.135753072306374634e+01,1.393187600758758649e+01
7.137753643898255973e+01,1.421891070383079025e+01
7.139754215490140155e+01,1.461255461157668378e+01
7.141754787082024336e+01,1.599629515264279966e+01
7.143755358673907097e+01,1.563553876461883441e+01
7.145755930265789857e+01,1.610010877257570172e+01
7.147756501857674039e+01,1.710880920195867816e+01
7.149757073449558220e+01,1.806628716652406297e+01
7.151757645041440981e+01,1.868060392137929071e+01
7.153758216633323741e+01,1.814232854362963820e+01
7.155758788225207923e+01,1.876018916445487150e+01
7.157759359817090683e+01,1.854761512377314148e+01
7.159759931408973443e+01,1.905427136273644351e+01
7.161760503000857625e+01,1.917933305112445908e+01
7.163761074592741807e+01,1.917213350848844300e+01
7.165761646184624567e+01,1.833264980833909874e+01
7.167762217776507327e+01,1.882630189968075030e+01
7.169762789368391509e+01,1.768259278055751338e+01
7.171763360960275691e+01,1.732081160687833687e+01
7.173763932552158451e+01,1.810772252297742568e+01
7.175764504144041211e+01,1.785671037912129577e+01
7.177765075735925393e+01,1.669381061145755751e+01
7.179765647327808153e+01,1.677392143677008107e+01
7.181766218919690914e+01,1.620152296354087440e+01
7.183766790511575095e+01,1.526845782681211006e+01
7.185767362103459277e+01,1.496856964294534897e+01
7.187767933695342037e+01,1.443304757451261366e+01
7.189768505287224798e+01,1.320681463855278004e+01
7.191769076879108979e+01,1.307503323001948559e+01
7.193769648470991740e+01,1.225809832334772587e+01
7.195770220062874500e+01,1.177053280144449587e+01
7.197770791654758682e+01,1.172406744746814766e+01
7.199771363246642863e+01,1.049443164660929639e+01
7.201771934838525624e+01,1.091022415053127759e+01
7.203772506430408384e+01,9.827120834136456651e+00
7.205773078022292566e+01,9.868606200855175814e+00
7.207773649614176747e+01,9.677774107408776416e+00
7.209774221206059508e+01,9.740428586024979296e+00
7.211774792797942268e+01,9.118774521088024443e+00
7.213775364389826450e+01,9.072706519578407125e+00
7.215775935981709210e+01,8.801209221126583770e+00
7.217776507573591971e+01,8.778546816797735630e+00
7.219777079165476152e+01,7.709634691865485223e+00
7.221777650757360334e+01,7.839821955404496556e+00
7.223778222349243094e+01,7.670825308034897816e+00
7.225778793941125855e+01,7.347826861559521028e+00
7.227779365533010036e+01,7.918363593643922727e+00
7.229779937124894218e+01,7.373080490659464914e+00
7.231780508716775557e+01,6.389921835779448500e+00
7.233781080308659739e+01,6.324369014270557088e+00
7.235781651900543920e+01,6.113732815769324702e+00
7.237782223492426681e+01,6.302422730078948376e+00
7.239782795084309441e+01,5.633505385232767892e+00
7.241783366676193623e+01,4.735147403502532271e+00
7.243783938268077804e+01,4.995261376699621891e+00
7.245784509859960565e+01,4.841594219124489840e+00
7.247785081451843325e+01,4.626146199790355240e+00
7.249785653043727507e+01,4.044182320973590095e+00
7.251786224635610267e+01,4.192310753902842357e+00
7.253786796227493028e+01,4.131002474110626821e+00
7.255787367819377209e+01,3.578699591859725082e+00
7.257787939411261391e+01,3.947186359489855967e+00
7.259788511003144151e+01,3.451266907537609008e+00
7.261789082595026912e+01,3.674184533743279246e+00
7.263789654186911093e+01,3.994237593728470870e+00
7.265790225778795275e+01,2.890602555275167962e+00
7.267790797370678035e+01,3.244565212732996695e+00
7.269791368962560796e+01,3.412795939767267139e+00
7.271791940554444977e+01,3.322327907992204565e+00
7.273792512146327738e+01,3.374429085208482615e+00
7.275793083738210498e+01,3.498016379931848885e+00
7.277793655330094680e+01,2.638343193263869235e+00
7.279794226921978861e+01,2.828382955791177267e+00
7.281794798513861622e+01,2.782417754929207288e+00
7.283795370105744382e+01,3.251483577135960701e+00
7.285795941697628564e+01,3.478932454195274637e+00
7.287796513289511324e+01,3.271564614119927938e+00
7.289797084881394085e+01,3.584586056250251840e+00
7.291797656473278266e+01,3.754101131450434892e+00
7.293798228065162448e+01,3.522825864874104429e+00
7.295798799657045208e+01,3.625906581437399190e+00
7.297799371248927969e+01,3.331726539806558307e+00
7.299799942840812150e+01,3.187023312271041853e+00
7.301800514432696332e+01,4.686227654247749008e+00
7.303801086024579092e+01,4.185630694939632690e+00
7.305801657616461853e+01,4.064513792153469751e+00
7.307802229208346034e+01,4.698335147701804715e+00
7.309802800800228795e+01,5.015472175859977177e+00
7.311803372392111555e+01,4.708160682393939034e+00
7.313803943983995737e+01,4.900419850439881486e+00
7.315804515575879918e+01,4.901513203014134845e+00
7.317805087167762679e+01,5.574155431223811519e+00
7.319805658759645439e+01,6.461195111741817598e+00
7.321806230351529621e+01,6.566409495220419501e+00
7.323806801943413802e+01,6.097950003141200170e+00
7.325807373535295142e+01,6.700175133725789323e+00
7.327807945127179323e+01,8.286771298860188040e+00
7.329808516719063505e+01,7.832459658764982180e+00
7.331809088310946265e+01,7.983275547834207231e+00
7.333809659902829026e+01,8.679069094761491243e+00
7.335810231494713207e+01,9.670636824507869989e+00
7.337810803086597389e+01,1.004986649864555481e+01
7.339811374678480149e+01,1.030341358946079566e+01
7.341811946270362910e+01,1.097655141068105600e+01
7.343812517862247091e+01,1.147588836524927913e+01
7.345813089454129852e+01,1.256582923995225620e+01
7.347813661046012612e+01,1.301574355303923625e+01
7.349814232637896794e+01,1.371559184580504009e+01
7.351814804229780975e+01,1.367579054766384061e+01
7.353815375821663736e+01,1.449552776515536578e+01
7.355815947413546496e+01,1.449760602518568220e+01
7.357816519005430678e+01,1.563099652653424343e+01
7.359817090597314859e+01,1.622814619884211140e+01
7.361817662189197620e+01,1.576150792427731417e+01
7.363818233781080380e+01,1.578137548000233537e+01
7.365818805372964562e+01,1.751309530700428496e+01
7.367819376964847322e+01,1.724676971876240117e+01
7.369819948556730083e+01,1.740057754939869739e+01
7.371820520148614264e+01,1.701348067012025211e+01
7.373821091740498446e+01,1.712633567170558990e+01
7.375821663332381206e+01,1.765725664043443288e+01
7.377822234924263967e+01,1.730845146522158018e+01
7.379822806516148148e+01,1.683885166695807811e+01
7.381823378108030909e+01,1.720376642500898612e+01
7.383823949699913669e+01,1.592173408887666497e+01
7.385824521291797851e+01,1.591693642531381769e+01
7.387825092883682032e+01,1.511120719242141242e+01
7.389825664475564793e+01,1.488986703466663286e+01
7.391826236067447553e+01,1.510292110264157550e+01
7.393826807659331735e+01,1.432549478974724799e+01
7.395827379251215916e+01,1.410727061202261368e+01
7.397827950843098677e+01,1.398297455059539018e+01
7.399828522434981437e+01,1.298722846358700878e+01
7.401829094026865619e+01,1.316720806052388859e+01
7.403829665618748379e+01,1.299546939619819241e+01
7.405830237210632561e+01,1.238448217697789211e+01
7.407830808802515321e+01,1.167857059149381271e+01
7.409831380394398082e+01,1.187030025457385030e+01
7.411831951986282263e+01,1.048919296114712907e+01
7.413832523578165024e+01,1.159998271669810244e+01
7.415833095170049205e+01,1.107599257169615292e+01
7.417833666761931966e+01,9.930109503673312688e+00
7.419834238353816147e+01,1.021259704465948204e+01
7.421834809945698908e+01,8.544239476861072546e+00
7.423835381537583089e+01,9.136799177000344940e+00
7.425835953129465850e+01,8.832920362515366719e+00
7.427836524721348610e+01,8.585101608606967361e+00
7.429837096313232792e+01,7.800943991925308296e+00
7.431837667905115552e+01,7.632847048797302136e+00
7.433838239496999734e+01,7.483044103393186042e+00
7.435838811088882494e+01,7.032764764218110365e+00
7.437839382680766676e+01,7.091631120269171973e+00
7.439839954272649436e+01,7.499681727204967174e+00
7.441840525864533618e+01,7.107166524117555895e+00
7.443841097456416378e+01,7.051731946409509177e+00
7.445841669048300560e+01,5.451215916202659884e+00
7.447842240640183320e+01,5.824841803143937291e+00
7.449842812232066080e+01,5.776285175468682809e+00
7.451843383823950262e+01,6.342633978785170434e+00
7.453843955415833022e+01,5.444614649864897515e+00
7.455844527007717204e+01,5.423469915989462820e+00
7.457845098599599964e+01,5.573280433742342055e+00
7.459845670191484146e+01,4.741550062524206410e+00
7.461846241783366906e+01,4.879436159336968615e+00
7.463846813375251088e+01,5.196327760414962249e+00
7.465847384967133848e+01,4.828598356862389807e+00
7.467847956559016609e+01,4.983258544651441468e+00
7.469848528150900790e+01,4.908954778912947958e+00
7.471849099742783551e+01,4.746731206531332070e+00
7.473849671334667732e+01,4.788847825323585994e+00
7.475850242926550493e+01,4.086752559642699012e+00
7.477850814518434674e+01,4.890408662953388941e+00
7.479851386110317435e+01,4.448918801019845048e+00
7.481851957702201616e+01,3.986212198719949473e+00
7.483852529294084377e+01,4.597703367676015063e+00
7.485853100885967137e+01,4.418757546797220215e+00
7.487853672477851319e+01,5.313971631299171605e+00
7.489854244069734079e+01,3.993594849414156656e+00
7.491854815661618261e+01,3.903456584504203075e+00
7.493855387253501021e+01,4.581938766822919007e+00
7.495855958845385203e+01,3.604473810007108092e+00
7.497856530437267963e+01,3.831901576799362719e+00
7.499857102029152145e+01,4.002491873728972749e+00
7.501857673621034905e+01,3.273642673802363401e+00
7.503858245212917666e+01,3.861831622786081830e+00
7.505858816804801847e+01,4.482194559280641144e+00
7.507859388396684608e+01,3.643294246507165823e+00
7.509859959988568789e+01,3.703919152060100028e+00
7.511860531580451550e+01,3.781131589172623375e+00
7.513861103172335731e+01,3.780571054215513094e+00
7.515861674764218492e+01,3.848556581110504915e+00
7.517862246356102673e+01,3.504087645480348456e+00
7.519862817947985434e+01,3.595891414765359784e+00
7.521863389539868194e+01,2.888022751882333150e+00
7.523863961131752376e+01,3.252774343882808061e+00
7.525864532723635136e+01,3.172798319647123666e+00
7.527865104315519318e+01,3.888231295116121089e+00
7.529865675907402078e+01,3.093632502871567880e+00
7.531866247499286260e+01,3.109348156220497650e+00
7.533866819091169020e+01,4.075322423035613539e+00
7.535867390683053202e+01,3.919031682828529206e+00
7.537867962274935962e+01,2.992311043419737082e+00
7.539868533866820144e+01,2.841934823258710274e+00
7.541869105458702904e+01,2.887026944308326737e+00
7.543869677050585665e+01,3.490280820497936531e+00
7.545870248642469846e+01,2.936254280207959422e+00
7.547870820234352607e+01,3.462998520945502534e+00
7.549871391826236788e+01,2.444092404946005104e+00
7.551871963418119549e+01,3.070092092640639869e+00
7.553872535010003730e+01,2.573891086667604355e+00
7.555873106601886491e+01,3.022806990484645517e+00
7.557873678193770672e+01,2.997060355374641993e+00
7.559874249785653433e+01,2.707340795993661953e+00
7.561874821377536193e+01,3.187764089016510649e+00
7.563875392969420375e+01,2.559576682774777900e+00
7.565875964561303135e+01,2.314199206236596140e+00
7.567876536153187317e+01,3.055432725843037378e+00
7.569877107745070077e+01,2.486410606714977156e+00
7.571877679336954259e+01,2.989224115758559730e+00
7.573878250928837019e+01,3.131199041169652642e+00
7.575878822520721201e+01,3.466812603452148700e+00
7.577879394112603961e+01,3.042013862568007987e+00
7.579879965704486722e+01,3.593142309444655069e+00
7.581880537296370903e+01,2.956834479030386209e+00
7.583881108888253664e+01,4.168948921630262205e+00
7.585881680480137845e+01,2.957476271354342323e+00
7.587882252072020606e+01,3.792329141622484467e+00
7.589882823663904787e+01,3.697353939218446683e+00
7.591883395255787548e+01,4.545778614657701944e+00
7.593883966847671729e+01,3.808652191274668475e+00
7.595884538439554490e+01,4.690963572636717593e+00
7.597885110031437250e+01,4.066891649387752494e+00
7.599885681623321432e+01,5.228072704446274699e+00
7.601886253215204192e+01,4.735332073803663278e+00
7.603886824807088374e+01,4.816175089092524786e+00
7.605887396398971134e+01,5.734794727732470676e+00
7.607887967990855316e+01,5.734766133432724899e+00
7.609888539582738076e+01,5.868429969105012134e+00
7.611889111174622258e+01,6.043177178891932400e+00
7.613889682766505018e+01,6.124640712595155634e+00
7.615890254358387779e+01,6.063336527043151847e+00
7.617890825950271960e+01,6.206001055212468920e+00
7.619891397542154721e+01,6.330868012760839214e+00
7.621891969134038902e+01,6.691529218956768332e+00
7.623892540725921663e+01,7.407757466313928063e+00
7.625893112317805844e+01,6.840122147454489543e+00
7.627893683909688605e+01,7.719863211126133606e+00
7.629894255501572786e+01,7.345920780588235388e+00
7.631894827093455547e+01,7.797668668784007551e+00
7.633895398685339728e+01,7.945787023077704347e+00
7.635895970277222489e+01,9.103208657823067540e+00
7.637896541869105249e+01,8.270734551377907806e+00
7.639897113460989431e+01,9.391142306492696434e+00
7.641897685052872191e+01,9.195366787163685274e+00
7.643898256644756373e+01,9.241205341501530057e+00
7.645898828236639133e+01,9.624670273895095107e+00
7.647899399828523315e+01,1.024213992779515792e+01
7.649899971420406075e+01,9.531124220562929850e+00
7.651900543012290257e+01,1.024693309195746593e+01
7.653901114604173017e+01,1.064634191662128515e+01
7.655901686196055778e+01,1.007902691875493950e+01
7.657902257787939959e+01,1.104493762262671730e+01
7.659902829379822720e+01,1.168706068802230469e+01
7.661903400971706901e+01,1.129013585509340345e+01
7.663903972563589662e+01,1.111171223653098039e+01
7.665904544155473843e+01,1.156569599946065097e+01
7.667905115747356604e+01,1.061163080467609277e+01
7.669905687339240785e+01,1.053878934550011870e+01
7.671906258931123546e+01,1.142696558090104908e+01
7.673906830523006306e+01,1.104644678045484696e+01
7.675907402114890488e+01,1.080868547790467815e+01
7.677907973706773248e+01,1.073123142831805055e+01
7.679908545298657430e+01,1.036141144512746770e+01
7.681909116890540190e+01,9.663513247235574255e+00
7.683909688482424372e+01,1.020780383066691144e+01
7.685910260074307132e+01,9.296093889714224900e+00
7.687910831666191314e+01,8.520036915541137290e+00
7.689911403258074074e+01,8.745085439047013409e+00
7.691911974849956835e+01,8.623930647443120989e+00
7.693912546441841016e+01,7.817020516297919386e+00
7.695913118033723777e+01,7.886753881930383514e+00
7.697913689625607958e+01,8.275913290565910074e+00
7.699914261217490719e+01,7.868664651750156835e+00
7.701914832809374900e+01,7.045452818932282923e+00
7.703915404401257661e+01,7.801272657566183710e+00
7.705915975993141842e+01,7.936394817657994594e+00
7.707916547585024603e+01,6.709418018597899547e+00
7.709917119176907363e+01,6.229552626682727023e+00
7.711917690768791545e+01,6.983805485041743921e+00
7.713918262360674305e+01,6.315662964124046042e+00
7.715918833952558487e+01,6.420035147365693362e+00
7.717919405544441247e+01,6.317291711854631231e+00
7.719919977136325429e+01,6.170801327733633102e+00
7.721920548728208189e+01,5.449846784931388299e+00
7.723921120320092371e+01,5.705910323449073118e+00
7.725921691911975131e+01,5.641738526083432959e+00
7.727922263503859313e+01,6.051532059822605447e+00
7.729922835095742073e+01,5.655974204001108063e+00
7.731923406687624833e+01,6.047308059736694830e+00
7.733923978279509015e+01,5.682745892617988126e+00
7.735924549871391775e+01,4.853974602081041922e+00
7.737925121463275957e+01,5.709059262212765162e+00
7.739925693055158717e+01,5.285796134140534619e+00
7.741926264647042899e+01,4.658487759215616641e+00
7.743926836238925659e+01,5.871568806377077010e+00
7.745927407830809841e+01,5.714142958337005140e+00
7.747927979422692601e+01,5.494604890286035825e+00
7.749928551014575362e+01,5.107444932741156407e+00
7.751929122606459543e+01,5.284398620514303424e+00
7.753929694198342304e+01,6.580082374289533576e+00
7.755930265790226485e+01,6.521725992864270793e+00
7.757930837382109246e+01,5.686119844244277743e+00
7.759931408973993427e+01,6.793320981684543014e+00
7.761931980565876188e+01,7.431602316061871605e+00
7.763932552157760369e+01,7.384809740028533298e+00
7.765933123749643130e+01,8.300364612709037360e+00
7.767933695341525890e+01,8.181866936602077089e+00
7.769934266933410072e+01,9.044149453137247718e+00
7.771934838525292832e+01,9.350083742902818074e+00
7.773935410117177014e+01,9.556046032289419401e+00
7.775935981709059774e+01,9.844895518658358213e+00
7.777936553300943956e+01,1.120746333981517928e+01
7.779937124892826716e+01,1.190882646122226163e+01
7.781937696484710898e+01,1.153941839532071967e+01
7.783938268076593658e+01,1.276823894390390635e+01
7.785938839668476419e+01,1.339144197490465693e+01
7.787939411260360600e+01,1.358647016631174509e+01
7.789939982852243361e+01,1.448109113333685372e+01
7.791940554444127542e+01,1.519151831984564360e+01
7.793941126036010303e+01,1.532349856941879906e+01
7.795941697627894484e+01,1.620083889276626010e+01
7.797942269219777245e+01,1.624402317834826448e+01
7.799942840811661426e+01,1.660255426694511982e+01
7.801943412403544187e+01,1.619258542381985677e+01
7.803943983995426947e+01,1.602704698532730276e+01
7.805944555587311129e+01,1.593525621240059742e+01
7.807945127179193889e+01,1.584313329000249482e+01
7.809945698771078071e+01,1.694431452943803862e+01
7.811946270362960831e+01,1.670631747308271642e+01
7.813946841954845013e+01,1.622501891191842560e+01
7.815947413546727773e+01,1.566734279415829434e+01
7.817947985138611955e+01,1.546959184367763385e+01
7.819948556730494715e+01,1.512287828772871734e+01
7.821949128322378897e+01,1.471095594000185969e+01
7.823949699914261657e+01,1.403686079834032618e+01
7.825950271506144418e+01,1.343058246958210589e+01
7.827950843098028599e+01,1.362834845163006037e+01
7.829951414689911360e+01,1.209761904415762857e+01
7.831951986281795541e+01,1.245089524237916123e+01
7.833952557873678302e+01,1.133301937210553234e+01
7.835953129465562483e+01,1.081834764408744576e+01
7.837953701057445244e+01,1.083200097557910624e+01
7.839954272649329425e+01,1.021025123624037967e+01
7.841954844241212186e+01,1.033962269325535921e+01
7.843955415833094946e+01,8.561377781465441927e+00
7.845955987424979128e+01,9.000178512878438397e+00
7.847956559016861888e+01,8.533762340146560987e+00
7.849957130608746070e+01,7.321583054594976048e+00
7.851957702200628830e+01,7.474717731053571512e+00
7.853958273792513012e+01,7.309715175636410933e+00
7.855958845384395772e+01,7.327022145891270100e+00
7.857959416976279954e+01,6.880875008757175948e+00
7.859959988568162714e+01,6.730647086641969423e+00
7.861960560160045475e+01,6.701987996769553035e+00
7.863961131751929656e+01,6.511835593249873710e+00
7.865961703343812417e+01,7.045923746001609089e+00
7.867962274935696598e+01,5.850682110656606483e+00
7.869962846527579359e+01,6.783554915591303747e+00
7.871963418119463540e+01,6.628597838906758355e+00
7.873963989711346301e+01,6.153738702297204988e+00
7.875964561303230482e+01,6.891962249698190490e+00
7.877965132895113243e+01,6.240879189537968941e+00
7.879965704486996003e+01,5.405809231349852695e+00
7.881966276078880185e+01,6.937504965472582441e+00
7.883966847670762945e+01,6.869720497144809812e+00
7.885967419262647127e+01,5.807712188265114150e+00
7.887967990854529887e+01,5.898790577270387914e+00
7.889968562446414069e+01,5.585558711183320924e+00
7.891969134038296829e+01,5.567717321832496680e+00
7.893969705630181011e+01,5.107015518670085186e+00
7.895970277222063771e+01,5.636402456457352272e+00
7.897970848813946532e+01,4.462464765032022385e+00
7.899971420405830713e+01,4.973156561560360345e+00
7.901971991997713474e+01,4.589734274764207811e+00
7.903972563589597655e+01,4.701562927198737363e+00
7.905973135181480416e+01,4.315939177971134910e+00
7.907973706773364597e+01,4.605112249099690303e+00
7.909974278365247358e+01,4.638812150421800062e+00
7.911974849957131539e+01,4.322905406428408703e+00
7.913975421549014300e+01,4.654648691955344475e+00
7.915975993140898481e+01,4.372658365432627647e+00
7.917976564732781242e+01,4.023107094230538472e+00
7.919977136324664002e+01,5.441924813485757184e+00
7.921977707916548184e+01,4.754284980126989524e+00
7.923978279508430944e+01,4.615434569840743073e+00
7.925978851100315126e+01,4.923439905969130059e+00
7.927979422692197886e+01,4.008012641845048130e+00
7.929979994284082068e+01,3.914945505826784355e+00
7.931980565875964828e+01,5.126065536095498310e+00
7.933981137467849010e+01,4.681793757323297278e+00
7.935981709059731770e+01,4.183284631108817209e+00
7.937982280651614531e+01,4.944344784676817817e+00
7.939982852243498712e+01,4.596238187861820812e+00
7.941983423835381473e+01,4.416161677667421515e+00
7.943983995427265654e+01,3.952216785647193475e+00
7.945984567019148415e+01,4.437738643361235802e+00
7.947985138611032596e+01,4.278776419217019011e+00
7.949985710202915357e+01,4.361505857239165174e+00
7.951986281794799538e+01,4.318296144807267645e+00
7.953986853386682299e+01,4.696263770422012485e+00
7.955987424978565059e+01,4.620755611751104830e+00
7.957987996570449241e+01,5.267928161794232622e+00
7.959988568162332001e+01,5.494004052306387109e+00
7.961989139754216183e+01,4.440363287322437458e+00
7.963989711346098943e+01,5.256168909084141916e+00
7.965990282937983125e+01,4.893192777333848831e+00
7.967990854529865885e+01,5.484929578958037233e+00
7.969991426121750067e+01,5.496124248191602391e+00
7.971991997713632827e+01,5.544065192774037421e+00
7.973992569305515588e+01,5.549756125387129480e+00
7.975993140897399769e+01,5.875012892787028207e+00
7.977993712489282530e+01,6.406284209440493704e+00
7.979994284081166711e+01,6.049604996067129647e+00
7.981994855673049472e+01,5.383566727042788713e+00
7.983995427264933653e+01,6.016334160231419759e+00
7.985995998856816414e+01,5.471559439842170747e+00
7.987996570448700595e+01,4.985017938063624143e+00
7.989997142040583356e+01,5.516319371591286824e+00
7.991997713632466116e+01,5.143347550602905827e+00
7.993998285224350298e+01,4.622456918443012874e+00
7.995998856816233058e+01,4.565192218961445114e+00
7.997999428408117240e+01,4.441578597931512107e+00
8.000000000000000000e+01,2.696780957497423525e+00
