angle,intensity
1.000000000000000000e+01,8.660839269752040881e-01
1.002000571591883471e+01,1.432790407827538859e+00
1.004001143183766764e+01,1.572356850922444593e+00
1.006001714775650235e+01,4.980579710223046463e-01
1.008002286367533529e+01,1.155660033475048643e+00
1.010002857959417000e+01,4.654089286935667591e-01
1.012003429551300293e+01,4.249376728788169522e-01
1.014004001143183764e+01,1.596756727519144548e+00
1.016004572735067235e+01,1.364225135339385275e+00
1.018005144326950528e+01,1.292966688205007264e+00
1.020005715918833999e+01,1.501151462805435655e+00
1.022006287510717293e+01,1.164473351733993134e+00
1.024006859102600764e+01,1.460781483483446497e+00
1.026007430694484057e+01,1.192998741217548675e+00
1.028008002286367528e+01,8.361156014879892462e-01
1.030008573878250999e+01,1.661028308077936888e+00
1.032009145470134293e+01,1.232309367170547620e+00
1.034009717062017764e+01,1.756275412407688474e+00
1.036010288653901057e+01,4.366488481734979166e-01
1.038010860245784528e+01,1.410143919573703108e+00
1.040011431837667999e+01,1.526711446638744807e+00
1.042012003429551292e+01,7.335682965656400434e-01
1.044012575021434763e+01,6.587843019806290945e-01
1.046013146613318057e+01,1.112061261033197246e+00
1.048013718205201528e+01,1.264888420737050101e+00
1.050014289797084821e+01,1.574000612655787723e+00
1.052014861388968292e+01,7.233514412368425850e-01
1.054015432980851585e+01,5.829709968049299196e-01
1.056016004572735056e+01,9.801233968480880243e-01
1.058016576164618527e+01,1.162614014090760151e+00
1.060017147756501821e+01,8.390196609732739619e-01
1.062017719348385292e+01,1.154377302060230370e+00
1.064018290940268585e+01,1.020230844889107980e+00
1.066018862532152056e+01,1.624844691234494931e+00
1.068019434124035527e+01,5.029733919807359843e-01
1.070020005715918820e+01,1.824109703613375988e+00
1.072020577307802292e+01,1.762513656805658080e+00
1.074021148899685585e+01,1.093228934848917699e+00
1.076021720491569056e+01,9.957988776317689972e-01
1.078022292083452349e+01,9.407207208967525158e-01
1.080022863675335820e+01,1.045774291512363563e+00
1.082023435267219291e+01,1.252412227876248618e+00
1.084024006859102585e+01,1.879673976654242518e+00
1.086024578450986056e+01,6.010755658323618800e-01
1.088025150042869349e+01,1.903400410544572985e+00
1.090025721634752820e+01,1.260150233956986998e+00
1.092026293226636113e+01,1.127476844975916270e+00
1.094026864818519584e+01,1.303257725760761154e+00
1.096027436410403055e+01,1.105427289345579656e+00
1.098028008002286349e+01,1.399885418731903641e+00
1.100028579594169820e+01,1.085686329659766969e+00
1.102029151186053113e+01,1.205785086284366425e+00
1.104029722777936584e+01,1.204993656460242146e+00
1.106030294369819877e+01,1.767691891116607295e+00
1.108030865961703348e+01,8.396455559190931783e-01
1.110031437553586819e+01,1.245342682344824814e+00
1.112032009145470113e+01,1.236983639692266435e+00
1.114032580737353584e+01,8.582057105281659659e-01
1.116033152329236877e+01,5.864823574552368024e-01
1.118033723921120348e+01,1.958417255410064506e+00
1.120034295513003642e+01,7.330534838794309227e-01
1.122034867104887113e+01,8.517537147297572497e-01
1.124035438696770584e+01,1.945719172997283142e+00
1.126036010288653877e+01,1.739371579306084659e+00
1.128036581880537348e+01,7.719949578909153232e-01
1.130037153472420641e+01,1.503515867627260416e+00
1.132037725064304112e+01,1.142220965528369492e+00
1.134038296656187583e+01,1.186812315052243383e+00
1.136038868248070877e+01,1.885855200542583709e+00
1.138039439839954348e+01,1.794279346520206042e+00
1.140040011431837641e+01,1.643992810399280691e+00
1.142040583023721112e+01,1.610936649415981581e+00
1.144041154615604405e+01,1.552512658471112861e+00
1.146041726207487876e+01,7.528633047270760770e-01
1.148042297799371170e+01,1.724309954451293647e+00
1.150042869391254641e+01,1.656213795043574022e+00
1.152043440983138112e+01,1.491267425303430372e+00
1.154044012575021405e+01,1.502696696099648399e+00
1.156044584166904876e+01,1.385629494170522502e+00
1.158045155758788169e+01,1.936256585506910266e+00
1.160045727350671640e+01,1.432473754065288096e+00
1.162046298942555111e+01,1.644493634174984731e+00
1.164046870534438405e+01,1.372921493195980336e+00
1.166047442126321876e+01,1.733855121219028739e+00
1.168048013718205169e+01,1.933457758667949555e+00
1.170048585310088640e+01,1.397550860958707730e+00
1.172049156901971934e+01,1.015109761048495818e+00
1.174049728493855405e+01,1.458218530801349999e+00
1.176050300085738698e+01,1.492683492455008976e+00
1.178050871677622169e+01,1.319821817305838474e+00
1.180051443269505640e+01,1.721578753498785641e+00
1.182052014861388933e+01,1.789739180052870138e+00
1.184052586453272404e+01,1.203814866685461338e+00
1.186053158045155698e+01,1.894980288370440080e+00
1.188053729637039169e+01,2.329156848834538884e+00
1.190054301228922640e+01,1.224038657031731869e+00
1.192054872820805933e+01,1.793641370975701754e+00
1.194055444412689404e+01,1.325059751873301161e+00
1.196056016004572697e+01,1.687400925910075511e+00
1.198056587596456168e+01,6.949264683609784887e-01
1.200057159188339639e+01,1.413401566636363071e+00
1.202057730780222933e+01,1.534771359180062023e+00
1.204058302372106226e+01,1.745958727590832815e+00
1.206058873963989697e+01,1.222389365327993804e+00
1.208059445555873168e+01,1.606312488814105599e+00
1.210060017147756461e+01,1.908838340954596813e+00
1.212060588739639932e+01,1.751009286931628717e+00
1.214061160331523226e+01,1.439773329440128702e+00
1.216061731923406697e+01,2.321973456411336567e+00
1.218062303515290168e+01,1.661443748982121438e+00
1.220062875107173461e+01,2.097145517530671910e+00
1.222063446699056932e+01,1.374955572819132055e+00
1.224064018290940226e+01,1.658698337065007689e+00
1.226064589882823697e+01,1.812262779054104378e+00
1.228065161474707168e+01,2.038935642170370599e+00
1.230065733066590461e+01,1.276457170232381033e+00
1.232066304658473754e+01,2.014912731247607613e+00
1.234066876250357225e+01,2.012862338194147505e+00
1.236067447842240696e+01,1.567766868891752985e+00
1.238068019434123990e+01,1.631621943898460492e+00
1.240068591026007461e+01,2.249538245661288016e+00
1.242069162617890754e+01,2.061477394535342622e+00
1.244069734209774225e+01,1.934091751109670465e+00
1.246070305801657696e+01,2.146735972158214878e+00
1.248070877393540989e+01,2.015505707323649531e+00
1.250071448985424460e+01,2.013888918654612503e+00
1.252072020577307754e+01,2.198277060467240140e+00
1.254072592169191225e+01,1.229550633690717820e+00
1.256073163761074696e+01,2.420914492078852565e+00
1.258073735352957989e+01,1.656398182604583713e+00
1.260074306944841460e+01,1.513844108713911618e+00
1.262074878536724754e+01,1.286980904849853724e+00
1.264075450128608225e+01,1.845893181084113044e+00
1.266076021720491518e+01,2.201285769212613541e+00
1.268076593312374989e+01,1.646416865966103593e+00
1.270077164904258282e+01,1.397490225669803410e+00
1.272077736496141753e+01,1.921918084507256985e+00
1.274078308088025224e+01,1.796545418990802334e+00
1.276078879679908518e+01,1.883166984837041813e+00
1.278079451271791989e+01,1.974057035958170836e+00
1.280080022863675282e+01,2.041755250944286892e+00
1.282080594455558753e+01,2.228404827665484866e+00
1.284081166047442224e+01,2.538030968372866347e+00
1.286081737639325517e+01,2.108480943540526287e+00
1.288082309231208988e+01,1.972088769905956607e+00
1.290082880823092282e+01,1.917648254320523771e+00
1.292083452414975753e+01,2.151078733510108698e+00
1.294084024006859224e+01,2.453352438365405952e+00
1.296084595598742517e+01,1.787922421149507279e+00
1.298085167190625810e+01,2.007668517772406513e+00
1.300085738782509281e+01,2.192739221603044797e+00
1.302086310374392752e+01,2.324961090281673748e+00
1.304086881966276046e+01,1.466449528837422189e+00
1.306087453558159517e+01,1.852351667935749902e+00
1.308088025150042810e+01,1.470013702590917681e+00
1.310088596741926281e+01,1.582080967226618284e+00
1.312089168333809752e+01,1.962315831352901219e+00
1.314089739925693046e+01,2.302170920714798008e+00
1.316090311517576517e+01,1.911415756084813289e+00
1.318090883109459810e+01,1.600648762144453396e+00
1.320091454701343281e+01,1.519018133400215520e+00
1.322092026293226752e+01,1.941323345235609565e+00
1.324092597885110045e+01,2.157433440345369657e+00
1.326093169476993339e+01,2.059983170266225905e+00
1.328093741068876810e+01,2.276153373339447228e+00
1.330094312660760281e+01,1.840556940101529371e+00
1.332094884252643574e+01,1.879700907631305595e+00
1.334095455844527045e+01,1.960983107458408536e+00
1.336096027436410338e+01,1.797561133241335707e+00
1.338096599028293809e+01,2.127345332578075343e+00
1.340097170620177280e+01,2.336983882529144019e+00
1.342097742212060574e+01,2.217164304841900968e+00
1.344098313803944045e+01,1.663367766099444367e+00
1.346098885395827338e+01,1.572541378114264754e+00
1.348099456987710809e+01,1.824181490019102680e+00
1.350100028579594280e+01,1.766818419047503808e+00
1.352100600171477573e+01,1.589589647436117303e+00
1.354101171763361044e+01,2.040023726220829836e+00
1.356101743355244338e+01,1.922091353224709920e+00
1.358102314947127809e+01,1.402872030593082631e+00
1.360102886539011102e+01,1.937134065893248103e+00
1.362103458130894573e+01,2.645820869156048083e+00
1.364104029722777867e+01,1.760863152502350815e+00
1.366104601314661338e+01,1.753548520505945563e+00
1.368105172906544809e+01,1.700563475606744035e+00
1.370105744498428102e+01,1.830891059760469730e+00
1.372106316090311573e+01,2.068117670019995913e+00
1.374106887682194866e+01,2.261868179564749060e+00
1.376107459274078337e+01,1.302986766195225687e+00
1.378108030865961808e+01,1.961439972184078284e+00
1.380108602457845102e+01,1.812955096160012491e+00
1.382109174049728573e+01,1.935359925131296954e+00
1.384109745641611866e+01,1.696978202964265492e+00
1.386110317233495337e+01,1.943853832855985786e+00
1.388110888825378808e+01,2.111367808592942819e+00
1.390111460417262101e+01,2.062071939256967745e+00
1.392112032009145395e+01,2.432709596179712719e+00
1.394112603601028866e+01,2.785512365242920119e+00
1.396113175192912337e+01,2.054841407341278625e+00
1.398113746784795630e+01,2.036509256365347742e+00
1.400114318376679101e+01,2.364484503813761407e+00
1.402114889968562395e+01,2.339774342907404492e+00
1.404115461560445866e+01,2.501160310820652821e+00
1.406116033152329337e+01,2.262276585902900372e+00
1.408116604744212630e+01,1.997006671306383874e+00
1.410117176336095923e+01,1.719336687700850907e+00
1.412117747927979394e+01,2.183757342036034999e+00
1.414118319519862865e+01,2.167876429341341282e+00
1.416118891111746336e+01,2.456780515192778402e+00
1.418119462703629630e+01,2.007459474544397438e+00
1.420120034295512923e+01,2.179694423013830651e+00
1.422120605887396394e+01,2.012578171930938353e+00
1.424121177479279865e+01,2.153369484344668905e+00
1.426121749071163336e+01,1.803755919822218834e+00
1.428122320663046629e+01,2.690341973099278139e+00
1.430122892254929923e+01,1.924747948158422872e+00
1.432123463846813394e+01,1.944459529878802329e+00
1.434124035438696865e+01,2.578373296254302893e+00
1.436124607030580158e+01,2.113542600847210906e+00
1.438125178622463629e+01,2.325937458080574949e+00
1.440125750214346922e+01,2.506546500869596628e+00
1.442126321806230393e+01,2.762013889360698027e+00
1.444126893398113864e+01,2.220498278550522286e+00
1.446127464989997158e+01,2.523654750319241913e+00
1.448128036581880451e+01,2.257016276288491330e+00
1.450128608173763922e+01,2.475308860292154911e+00
1.452129179765647393e+01,2.047124993853319808e+00
1.454129751357530864e+01,2.257959109139624942e+00
1.456130322949414158e+01,2.401643579682578356e+00
1.458130894541297451e+01,2.319627157715549615e+00
1.460131466133180922e+01,1.566107845368749363e+00
1.462132037725064393e+01,2.561013849076545057e+00
1.464132609316947686e+01,3.233374332275416485e+00
1.466133180908831157e+01,2.372023561394205782e+00
1.468133752500714451e+01,1.831084101473832826e+00
1.470134324092597922e+01,3.083563061561836349e+00
1.472134895684481393e+01,2.117174104269327728e+00
1.474135467276364686e+01,2.608557784200151275e+00
1.476136038868247979e+01,2.398148956268739695e+00
1.478136610460131450e+01,2.089684206764450103e+00
1.480137182052014921e+01,2.854271865759037574e+00
1.482137753643898392e+01,2.516443821948096904e+00
1.484138325235781686e+01,2.879969330512393455e+00
1.486138896827664979e+01,2.645488897377857640e+00
1.488139468419548450e+01,3.135524245566043255e+00
1.490140040011431921e+01,2.612406511938081710e+00
1.492140611603315392e+01,2.562799677141700094e+00
1.494141183195198685e+01,2.511046937984797278e+00
1.496141754787081979e+01,3.004958117931296968e+00
1.498142326378965450e+01,2.629504258299094843e+00
1.500142897970848921e+01,2.019971951271096522e+00
1.502143469562732214e+01,3.017539735782009291e+00
1.504144041154615508e+01,2.410741580459791145e+00
1.506144612746498979e+01,2.379868675411290546e+00
1.508145184338382450e+01,2.589514289484789344e+00
1.510145755930265921e+01,2.504402073311396304e+00
1.512146327522149214e+01,2.741672647466603330e+00
1.514146899114032507e+01,1.891471529031258481e+00
1.516147470705915978e+01,2.523582879916300037e+00
1.518148042297799449e+01,2.417679756151775550e+00
1.520148613889682920e+01,2.238159063139709026e+00
1.522149185481566214e+01,3.161303968318267099e+00
1.524149757073449507e+01,2.090365493223745652e+00
1.526150328665332978e+01,3.014397702155843461e+00
1.528150900257216449e+01,2.282725246455559187e+00
1.530151471849099742e+01,2.172074078879822956e+00
1.532152043440983036e+01,2.787189822752781154e+00
1.534152615032866507e+01,2.404538710560324866e+00
1.536153186624749978e+01,2.625442492974647823e+00
1.538153758216633449e+01,2.036001405257302554e+00
1.540154329808516742e+01,1.864491561413831988e+00
1.542154901400400036e+01,2.939064579126020593e+00
1.544155472992283507e+01,3.196799688293428421e+00
1.546156044584166978e+01,2.211028172252667900e+00
1.548156616176050449e+01,3.022713430204175822e+00
1.550157187767933742e+01,2.604500771694642225e+00
1.552157759359817035e+01,2.323037824540956642e+00
1.554158330951700506e+01,2.976161022439803183e+00
1.556158902543583977e+01,2.462692852724822856e+00
1.558159474135467271e+01,2.061988927262304649e+00
1.560160045727350742e+01,1.928672059967073693e+00
1.562160617319234035e+01,2.759083079266598126e+00
1.564161188911117506e+01,2.477411638117120951e+00
1.566161760503000977e+01,2.687794912551945359e+00
1.568162332094884270e+01,2.681238507196087806e+00
1.570162903686767564e+01,2.033994278176911141e+00
1.572163475278651035e+01,3.128052189724163767e+00
1.574164046870534506e+01,2.610128768742382199e+00
1.576164618462417977e+01,2.754252236416019350e+00
1.578165190054301270e+01,2.922798319104221498e+00
1.580165761646184563e+01,2.887284682480495857e+00
1.582166333238068034e+01,2.657542453418560324e+00
1.584166904829951505e+01,3.201809169369408181e+00
1.586167476421834799e+01,2.876902922645089511e+00
1.588168048013718270e+01,2.383802051427028612e+00
1.590168619605601563e+01,2.601682818481130255e+00
1.592169191197485034e+01,2.276621553748595872e+00
1.594169762789368505e+01,2.803901245285828736e+00
1.596170334381251799e+01,2.446163170280298615e+00
1.598170905973135092e+01,2.612307507389965977e+00
1.600171477565018563e+01,1.999177935516493587e+00
1.602172049156902034e+01,2.097047132940577541e+00
1.604172620748785505e+01,2.827254522039865492e+00
1.606173192340668976e+01,1.811240672552042685e+00
1.608173763932552092e+01,2.499324610384086043e+00
1.610174335524435563e+01,3.101476709058544223e+00
1.612174907116319034e+01,3.330862908797066702e+00
1.614175478708202505e+01,2.694053754276856338e+00
1.616176050300085620e+01,2.487854595252938950e+00
1.618176621891969091e+01,2.069453544090380959e+00
1.620177193483852562e+01,3.217344228942248474e+00
1.622177765075736033e+01,3.553285663097707658e+00
1.624178336667619504e+01,3.161937237991393701e+00
1.626178908259502620e+01,1.961676217032521929e+00
1.628179479851386091e+01,3.359108937549266649e+00
1.630180051443269562e+01,2.000901550788894312e+00
1.632180623035153033e+01,3.339483691718677427e+00
1.634181194627036149e+01,2.766050115066471804e+00
1.636181766218919620e+01,2.663715480755745268e+00
1.638182337810803091e+01,2.502568556924659404e+00
1.640182909402686562e+01,2.858158215110109257e+00
1.642183480994570033e+01,2.672773970166506974e+00
1.644184052586453504e+01,2.796074510813316927e+00
1.646184624178336620e+01,2.489519039634009001e+00
1.648185195770220091e+01,2.475670845885134863e+00
1.650185767362103562e+01,2.139153987013353131e+00
1.652186338953986677e+01,3.135282063439469358e+00
1.654186910545870148e+01,3.344283767822961106e+00
1.656187482137753619e+01,2.377940846913330297e+00
1.658188053729637090e+01,2.685182724212649141e+00
1.660188625321520561e+01,2.902960478317266890e+00
1.662189196913404032e+01,2.561845550076837341e+00
1.664189768505287148e+01,2.649377805758766691e+00
1.666190340097170619e+01,2.659160147198525781e+00
1.668190911689054090e+01,3.140103968623769504e+00
1.670191483280937561e+01,2.477097443319177028e+00
1.672192054872820677e+01,3.505198596033199721e+00
1.674192626464704148e+01,2.449763450923916341e+00
1.676193198056587619e+01,2.386148146134614123e+00
1.678193769648471090e+01,3.056673919801530470e+00
1.680194341240354561e+01,2.904261489222453640e+00
1.682194912832238032e+01,3.388004343318538503e+00
1.684195484424121148e+01,2.761238344257593624e+00
1.686196056016004619e+01,3.336492071583956331e+00
1.688196627607888090e+01,3.240078947703588064e+00
1.690197199199771205e+01,3.761791911845518754e+00
1.692197770791654676e+01,3.591263212522226134e+00
1.694198342383538147e+01,3.284351258974806065e+00
1.696198913975421618e+01,2.499435261248098783e+00
1.698199485567305089e+01,2.780179074535744199e+00
1.700200057159188560e+01,3.554771016572361386e+00
1.702200628751071676e+01,2.401875109527082053e+00
1.704201200342955147e+01,2.327717191037604216e+00
1.706201771934838618e+01,2.944580463294788064e+00
1.708202343526722089e+01,3.513687173141553544e+00
1.710202915118605205e+01,2.961670436058381206e+00
1.712203486710488676e+01,3.523313132447299267e+00
1.714204058302372147e+01,3.603165971925708533e+00
1.716204629894255618e+01,2.941627730412294195e+00
1.718205201486139089e+01,3.188831666260075082e+00
1.720205773078022204e+01,2.565366653474510983e+00
1.722206344669905675e+01,2.666767080537963963e+00
1.724206916261789146e+01,2.858994043859780732e+00
1.726207487853672617e+01,2.405481849010504103e+00
1.728208059445555733e+01,2.855044110099526300e+00
1.730208631037439204e+01,2.740090430642277752e+00
1.732209202629322675e+01,3.278135785481890885e+00
1.734209774221206146e+01,3.844347525316069714e+00
1.736210345813089617e+01,3.734195858081342578e+00
1.738210917404973088e+01,3.160274895751451041e+00
1.740211488996856204e+01,3.240896363197097507e+00
1.742212060588739675e+01,2.771272092956873045e+00
1.744212632180623146e+01,3.062848995701396682e+00
1.746213203772506262e+01,3.559188714325881797e+00
1.748213775364389733e+01,3.458870233379666814e+00
1.750214346956273204e+01,3.174551065673795414e+00
1.752214918548156675e+01,2.867022885146179423e+00
1.754215490140040146e+01,2.953727354786884973e+00
1.756216061731923617e+01,3.528700891330395439e+00
1.758216633323806732e+01,3.429326349507997307e+00
1.760217204915690203e+01,2.856773548283976893e+00
1.762217776507573674e+01,3.461503329496695702e+00
1.764218348099457145e+01,3.689221596769048261e+00
1.766218919691340261e+01,3.382866708803450528e+00
1.768219491283223732e+01,3.181181837428953774e+00
1.770220062875107203e+01,3.746675350614895983e+00
1.772220634466990674e+01,3.476833450618931565e+00
1.774221206058874145e+01,3.392399408226585145e+00
1.776221777650757616e+01,3.210183144589882076e+00
1.778222349242640732e+01,3.425938979215880309e+00
1.780222920834524203e+01,3.385905180735106157e+00
1.782223492426407674e+01,4.254730476114882087e+00
1.784224064018290790e+01,3.684987802008155455e+00
1.786224635610174261e+01,4.053352317155348494e+00
1.788225207202057732e+01,3.297574471639618476e+00
1.790225778793941203e+01,4.016214644011983914e+00
1.792226350385824674e+01,4.035619553958323280e+00
1.794226921977708145e+01,4.224146243519410149e+00
1.796227493569591260e+01,3.523434139912216878e+00
1.798228065161474731e+01,3.140756709653831358e+00
1.800228636753358202e+01,4.195853291148085695e+00
1.802229208345241318e+01,4.366606622010130501e+00
1.804229779937124789e+01,4.071029908077048454e+00
1.806230351529008260e+01,4.307159617944464003e+00
1.808230923120891731e+01,3.980132471142345807e+00
1.810231494712775202e+01,3.601096919191358658e+00
1.812232066304658673e+01,4.571843173700591123e+00
1.814232637896542144e+01,3.686987957902851498e+00
1.816233209488425260e+01,4.344637289821419834e+00
1.818233781080308731e+01,5.074545606483933824e+00
1.820234352672191847e+01,4.845750010166468336e+00
1.822234924264075318e+01,4.610499698191692808e+00
1.824235495855958789e+01,4.515946177774099901e+00
1.826236067447842260e+01,4.831705232900594282e+00
1.828236639039725731e+01,4.242372872260510519e+00
1.830237210631609202e+01,4.558095419095828049e+00
1.832237782223492673e+01,5.227661403820409447e+00
1.834238353815375788e+01,4.853602213760793482e+00
1.836238925407259259e+01,5.863743926359495262e+00
1.838239496999142730e+01,5.416757488228348905e+00
1.840240068591025846e+01,4.900361267584109726e+00
1.842240640182909317e+01,5.557920697087662454e+00
1.844241211774792788e+01,5.864380428684478730e+00
1.846241783366676259e+01,5.255616581428580680e+00
1.848242354958559730e+01,5.752616927660237245e+00
1.850242926550443201e+01,5.399220603058997980e+00
1.852243498142326672e+01,6.701541262185947367e+00
1.854244069734209788e+01,6.286485629170110556e+00
1.856244641326093259e+01,6.724312390677809503e+00
1.858245212917976374e+01,6.010960344477038753e+00
1.860245784509859845e+01,5.952425417804246166e+00
1.862246356101743316e+01,6.586978511589526519e+00
1.864246927693626787e+01,7.207365919340370297e+00
1.866247499285510258e+01,6.736614065684804586e+00
1.868248070877393729e+01,6.423491457684452399e+00
1.870248642469277200e+01,7.392399587680692719e+00
1.872249214061160316e+01,7.258990504621638529e+00
1.874249785653043787e+01,6.954605185177258342e+00
1.876250357244927258e+01,7.357808679370631211e+00
1.878250928836810374e+01,7.687816991260919330e+00
1.880251500428693845e+01,8.305036936356485100e+00
1.882252072020577316e+01,7.969026192236805528e+00
1.884252643612460787e+01,8.316761959980224717e+00
1.886253215204344258e+01,8.527352096765673295e+00
1.888253786796227729e+01,8.249302270582257179e+00
1.890254358388111200e+01,8.341735073087981789e+00
1.892254929979994316e+01,8.058334013246511773e+00
1.894255501571877787e+01,9.292206148308213898e+00
1.896256073163760902e+01,8.611172852792961407e+00
1.898256644755644373e+01,8.725694775662134361e+00
1.900257216347527844e+01,7.692123844082138007e+00
1.902257787939411315e+01,8.561444277078097187e+00
1.904258359531294786e+01,7.677642794696565964e+00
1.906258931123178257e+01,8.842468571974887226e+00
1.908259502715061728e+01,8.212256551911995217e+00
1.910260074306944844e+01,7.684382632894648069e+00
1.912260645898828315e+01,6.868657939122935652e+00
1.914261217490711431e+01,7.181050073527583066e+00
1.916261789082594902e+01,7.282923517251645329e+00
1.918262360674478373e+01,6.568935672707839402e+00
1.920262932266361844e+01,5.203511377444167252e+00
1.922263503858245315e+01,5.877629564667676831e+00
1.924264075450128786e+01,5.161988700326216595e+00
1.926264647042012257e+01,5.403228018521338605e+00
1.928265218633895373e+01,4.942963290633207052e+00
1.930265790225778844e+01,5.082054982978939428e+00
1.932266361817662315e+01,4.620947370642426222e+00
1.934266933409545430e+01,3.980679855104140685e+00
1.936267505001428901e+01,4.128410200524138318e+00
1.938268076593312372e+01,4.081940614887731300e+00
1.940268648185195843e+01,3.925205842875609363e+00
1.942269219777079314e+01,4.499913442749537751e+00
1.944269791368962785e+01,3.449447431312510304e+00
1.946270362960846256e+01,3.916107703149033448e+00
1.948270934552729372e+01,3.965875491006155329e+00
1.950271506144612843e+01,4.438020136288956863e+00
1.952272077736495959e+01,3.847569479679422422e+00
1.954272649328379430e+01,4.068478979667676576e+00
1.956273220920262901e+01,3.570585783802967761e+00
1.958273792512146372e+01,4.276215969456166555e+00
1.960274364104029843e+01,3.752450343490967732e+00
1.962274935695913314e+01,4.667896048105975915e+00
1.964275507287796785e+01,4.357440265875705876e+00
1.966276078879679901e+01,3.386570241424198713e+00
1.968276650471563372e+01,3.482278355758123389e+00
1.970277222063446487e+01,4.389640785370198195e+00
1.972277793655329958e+01,4.295110271027592574e+00
1.974278365247213429e+01,4.144802795935659034e+00
1.976278936839096900e+01,4.459644549815152459e+00
1.978279508430980371e+01,4.198700608399669854e+00
1.980280080022863842e+01,4.672539820108899455e+00
1.982280651614747313e+01,4.591640148455812920e+00
1.984281223206630784e+01,4.509633173151932795e+00
1.986281794798513900e+01,3.519566850700961425e+00
1.988282366390397371e+01,4.135764059567929252e+00
1.990282937982280487e+01,4.505367734299754900e+00
1.992283509574163958e+01,4.645878854421726878e+00
1.994284081166047429e+01,5.148695663028444613e+00
1.996284652757930900e+01,4.359453310821459482e+00
1.998285224349814371e+01,5.341790403633694950e+00
2.000285795941697842e+01,4.611476771728617585e+00
2.002286367533581313e+01,5.293355938257576554e+00
2.004286939125464428e+01,4.551661508504885489e+00
2.006287510717347899e+01,5.111835601275166674e+00
2.008288082309231015e+01,5.118282058089725695e+00
2.010288653901114486e+01,5.219049414798230480e+00
2.012289225492997957e+01,5.720397466795153818e+00
2.014289797084881428e+01,5.043465802058493708e+00
2.016290368676764899e+01,5.145349400389652494e+00
2.018290940268648370e+01,6.004373957973966114e+00
2.020291511860531841e+01,6.284576124531318086e+00
2.022292083452414957e+01,5.887329293607599823e+00
2.024292655044298428e+01,5.562421697916218655e+00
2.026293226636181899e+01,6.176244773277142386e+00
2.028293798228065015e+01,6.727405059127012699e+00
2.030294369819948486e+01,6.150025804378033811e+00
2.032294941411831957e+01,6.716734587359344921e+00
2.034295513003715428e+01,6.692605288212055470e+00
2.036296084595598899e+01,7.317154151014030994e+00
2.038296656187482370e+01,7.568618005144721828e+00
2.040297227779365841e+01,7.362425668583019167e+00
2.042297799371248956e+01,8.087048329652414935e+00
2.044298370963132427e+01,7.853772358647685081e+00
2.046298942555015543e+01,7.981389867505386704e+00
2.048299514146899014e+01,8.210467791433703866e+00
2.050300085738782485e+01,7.900960070031694649e+00
2.052300657330665956e+01,9.066459324792607077e+00
2.054301228922549427e+01,8.666548218778633128e+00
2.056301800514432898e+01,9.797261142482678764e+00
2.058302372106316369e+01,8.593970751084746951e+00
2.060302943698199485e+01,9.043002646936601607e+00
2.062303515290082956e+01,1.044699847558812245e+01
2.064304086881966072e+01,9.919941257021550385e+00
2.066304658473849543e+01,9.705004066847532584e+00
2.068305230065733014e+01,9.913760169969524583e+00
2.070305801657616485e+01,1.063187800188224053e+01
2.072306373249499956e+01,1.105756916601215423e+01
2.074306944841383427e+01,1.137220275895790422e+01
2.076307516433266898e+01,1.089364818457611328e+01
2.078308088025150369e+01,1.123104981187563389e+01
2.080308659617033484e+01,1.191656184235772642e+01
2.082309231208916955e+01,1.176287203121518132e+01
2.084309802800800071e+01,1.170959480974446976e+01
2.086310374392683542e+01,1.259352660899309839e+01
2.088310945984567013e+01,1.103961763184099532e+01
2.090311517576450484e+01,1.138641717326660263e+01
2.092312089168333955e+01,1.259649004847342724e+01
2.094312660760217426e+01,1.204923605012225529e+01
2.096313232352100897e+01,1.157255032659833027e+01
2.098313803943984013e+01,1.124495734924894386e+01
2.100314375535867484e+01,1.074360417897615960e+01
2.102314947127750600e+01,1.055730948755625320e+01
2.104315518719634071e+01,1.049793766541910500e+01
2.106316090311517542e+01,1.008106444777583732e+01
2.108316661903401013e+01,9.632578599353600168e+00
2.110317233495284484e+01,9.427401675594229147e+00
2.112317805087167955e+01,9.235931178012400267e+00
2.114318376679051426e+01,7.977467046422425767e+00
2.116318948270934541e+01,7.768585298424079966e+00
2.118319519862818012e+01,7.346726641884322895e+00
2.120320091454701483e+01,6.725815322060029189e+00
2.122320663046584599e+01,6.693662717316485100e+00
2.124321234638468070e+01,6.124453191030656107e+00
2.126321806230351541e+01,5.943103633503763916e+00
2.128322377822235012e+01,5.767836317310508498e+00
2.130322949414118483e+01,5.679599191658267543e+00
2.132323521006001954e+01,5.590337820168140404e+00
2.134324092597885425e+01,5.530101764955921873e+00
2.136324664189768541e+01,4.554069506483827467e+00
2.138325235781652012e+01,4.896333237967192886e+00
2.140325807373535127e+01,4.388633984537494648e+00
2.142326378965418598e+01,4.205831583256642858e+00
2.144326950557302069e+01,5.230472267217621152e+00
2.146327522149185540e+01,3.944057205380300246e+00
2.148328093741069011e+01,4.698796527042879312e+00
2.150328665332952482e+01,3.659604559070434693e+00
2.152329236924835953e+01,4.535669305638260873e+00
2.154329808516719069e+01,3.617386828986724367e+00
2.156330380108602540e+01,4.166840533513224365e+00
2.158330951700485656e+01,4.339338662591064377e+00
2.160331523292369127e+01,4.316895769107818026e+00
2.162332094884252598e+01,4.187529945452618030e+00
2.164332666476136069e+01,4.280648229542639349e+00
2.166333238068019540e+01,4.225192336909028512e+00
2.168333809659903011e+01,4.387462208179169210e+00
2.170334381251786482e+01,4.109831915203827180e+00
2.172334952843669598e+01,3.975449669958423193e+00
2.174335524435553069e+01,4.142838586766831810e+00
2.176336096027436540e+01,3.965281249182413426e+00
2.178336667619319655e+01,3.831043304248820114e+00
2.180337239211203126e+01,4.850288308260413572e+00
2.182337810803086597e+01,3.725820839101921855e+00
2.184338382394970068e+01,4.146789355887725570e+00
2.186338953986853539e+01,5.046079546559399276e+00
2.188339525578737010e+01,4.571858247447222467e+00
2.190340097170620481e+01,4.652224192314610818e+00
2.192340668762503597e+01,4.402505992863684270e+00
2.194341240354387068e+01,4.109222995802570111e+00
2.196341811946270184e+01,4.982307767134908971e+00
2.198342383538153655e+01,4.917854807094919067e+00
2.200342955130037126e+01,4.835347308006976874e+00
2.202343526721920597e+01,3.636502379564617193e+00
2.204344098313804068e+01,4.883079687272653402e+00
2.206344669905687539e+01,4.215557403539460068e+00
2.208345241497571010e+01,4.403692137694110720e+00
2.210345813089454126e+01,4.662197759835517985e+00
2.212346384681337597e+01,4.385119276071963945e+00
2.214346956273221068e+01,4.208666044424679065e+00
2.216347527865104183e+01,5.118542508250296663e+00
2.218348099456987654e+01,4.731531279554321401e+00
2.220348671048871125e+01,4.631375289831271225e+00
2.222349242640754596e+01,4.267186671698471656e+00
2.224349814232638067e+01,5.164497414153160548e+00
2.226350385824521538e+01,4.536728434287353728e+00
2.228350957416405009e+01,4.896807469158092729e+00
2.230351529008288125e+01,4.138978620049199364e+00
2.232352100600171596e+01,4.842276344442517200e+00
2.234352672192054712e+01,4.531574206972411645e+00
2.236353243783938183e+01,4.730149756477334932e+00
2.238353815375821654e+01,5.127426427931465192e+00
2.240354386967705125e+01,5.190354223368162323e+00
2.242354958559588596e+01,4.925619743736201706e+00
2.244355530151472067e+01,5.229129749171423036e+00
2.246356101743355538e+01,5.466768886405147576e+00
2.248356673335238654e+01,5.857026730514260038e+00
2.250357244927122125e+01,5.497169633036126157e+00
2.252357816519005240e+01,5.875790013850057392e+00
2.254358388110888711e+01,5.814895505337849713e+00
2.256358959702772182e+01,6.391346555867041701e+00
2.258359531294655653e+01,5.491583921485263531e+00
2.260360102886539124e+01,6.309729274841303415e+00
2.262360674478422595e+01,6.308630996321180184e+00
2.264361246070306066e+01,6.381390693050537521e+00
2.266361817662189182e+01,6.403256290920875671e+00
2.268362389254072653e+01,6.512547756204642546e+00
2.270362960845956124e+01,7.347560696553984805e+00
2.272363532437839240e+01,7.984948914294051292e+00
2.274364104029722711e+01,7.117854626386352024e+00
2.276364675621606182e+01,7.715347630207547880e+00
2.278365247213489653e+01,8.006881796119785122e+00
2.280365818805373124e+01,8.103377780917906392e+00
2.282366390397256595e+01,8.442920417298022784e+00
2.284366961989140066e+01,8.630963860955056077e+00
2.286367533581023181e+01,8.349328055316879826e+00
2.288368105172906652e+01,8.866783445706271749e+00
2.290368676764789768e+01,8.967180014537985855e+00
2.292369248356673239e+01,9.339705619482506549e+00
2.294369819948556710e+01,1.020858888301431122e+01
2.296370391540440181e+01,1.089859070355215920e+01
2.298370963132323652e+01,1.074291904518140406e+01
2.300371534724207123e+01,1.145442430287717883e+01
2.302372106316090594e+01,1.168694014540151827e+01
2.304372677907973710e+01,1.301192515850377873e+01
2.306373249499857181e+01,1.275961943543189037e+01
2.308373821091740652e+01,1.403788112603872129e+01
2.310374392683623768e+01,1.423908869228028706e+01
2.312374964275507239e+01,1.408386678923329605e+01
2.314375535867390710e+01,1.481767420502696631e+01
2.316376107459274181e+01,1.541958436611236216e+01
2.318376679051157652e+01,1.529049071034663498e+01
2.320377250643041123e+01,1.620385035650639338e+01
2.322377822234924594e+01,1.709952753151785743e+01
2.324378393826807709e+01,1.760106572746534681e+01
2.326378965418691180e+01,1.859396386229733977e+01
2.328379537010574296e+01,1.906227166285867014e+01
2.330380108602457767e+01,1.940940148708432744e+01
2.332380680194341238e+01,1.990237080590478058e+01
2.334381251786224709e+01,2.183128431709023332e+01
2.336381823378108180e+01,2.207947979653604165e+01
2.338382394969991651e+01,2.172231252914286515e+01
2.340382966561875122e+01,2.297491751597051035e+01
2.342383538153758238e+01,2.351007410133964015e+01
2.344384109745641709e+01,2.499928843843044035e+01
2.346384681337524825e+01,2.505217710106944651e+01
2.348385252929408296e+01,2.621781601825669838e+01
2.350385824521291767e+01,2.655991007730685283e+01
2.352386396113175238e+01,2.690530053552349443e+01
2.354386967705058709e+01,2.707049166037383259e+01
2.356387539296942180e+01,2.798531898460082346e+01
2.358388110888825651e+01,2.788946973534554274e+01
2.360388682480708766e+01,2.772986941565949337e+01
2.362389254072592237e+01,2.783808409132349837e+01
2.364389825664475708e+01,2.751021007818753361e+01
2.366390397256358824e+01,2.816950641622638329e+01
2.368390968848242295e+01,2.772572400955910865e+01
2.370391540440125766e+01,2.696966345770762530e+01
2.372392112032009237e+01,2.611554303554667911e+01
2.374392683623892708e+01,2.591453007431625011e+01
2.376393255215776179e+01,2.495155510909680530e+01
2.378393826807659650e+01,2.518418113183840745e+01
2.380394398399542766e+01,2.386940667419268181e+01
2.382394969991426237e+01,2.265774960201724042e+01
2.384395541583309353e+01,2.239141175491593572e+01
2.386396113175192824e+01,2.181994866122028043e+01
2.388396684767076295e+01,2.012407888829267222e+01
2.390397256358959766e+01,2.044762126518403633e+01
2.392397827950843237e+01,1.859584155042137610e+01
2.394398399542726708e+01,1.836204313132986954e+01
2.396398971134610179e+01,1.825456833808512158e+01
2.398399542726493294e+01,1.786993525824565410e+01
2.400400114318376765e+01,1.715652119734302161e+01
2.402400685910260236e+01,1.559771690817715140e+01
2.404401257502143352e+01,1.569041625828433517e+01
2.406401829094026823e+01,1.526881379500091995e+01
2.408402400685910294e+01,1.413406444235441661e+01
2.410402972277793765e+01,1.387764835437704392e+01
2.412403543869677236e+01,1.232887366091345527e+01
2.414404115461560707e+01,1.259002710516922008e+01
2.416404687053444178e+01,1.147714162990049225e+01
2.418405258645327294e+01,1.169759493883766943e+01
2.420405830237210765e+01,1.119024472924454905e+01
2.422406401829093880e+01,1.035888148157566135e+01
2.424406973420977351e+01,9.332950597823597150e+00
2.426407545012860822e+01,8.979386427137480808e+00
2.428408116604744293e+01,8.364963733388700362e+00
2.430408688196627764e+01,8.226270069233738269e+00
2.432409259788511235e+01,8.343326181861698387e+00
2.434409831380394706e+01,7.248539890109906736e+00
2.436410402972277822e+01,6.146865988856536234e+00
2.438410974564161293e+01,5.899080315686738629e+00
2.440411546156044409e+01,5.979318007574860872e+00
2.442412117747927880e+01,5.792951377545492164e+00
2.444412689339811351e+01,5.698198213763410180e+00
2.446413260931694822e+01,5.698379727850291232e+00
2.448413832523578293e+01,5.136785332411364813e+00
2.450414404115461764e+01,4.943858113443271307e+00
2.452414975707345235e+01,4.719418035933342637e+00
2.454415547299228351e+01,5.018431688647359223e+00
2.456416118891111822e+01,4.274128027932487583e+00
2.458416690482995293e+01,5.483864706548575718e+00
2.460417262074878408e+01,5.026985738785640478e+00
2.462417833666761879e+01,4.978934049017855301e+00
2.464418405258645350e+01,4.711501195120671781e+00
2.466418976850528821e+01,4.889453561787578728e+00
2.468419548442412292e+01,4.752438414925588717e+00
2.470420120034295763e+01,4.864446293829496781e+00
2.472420691626179234e+01,4.544900292407259457e+00
2.474421263218062350e+01,4.723746389425560466e+00
2.476421834809945821e+01,4.829530217637540090e+00
2.478422406401828937e+01,4.855936127492475052e+00
2.480422977993712408e+01,4.469946918032304595e+00
2.482423549585595879e+01,4.861019623215189434e+00
2.484424121177479350e+01,5.180832833319438890e+00
2.486424692769362821e+01,4.363991014821578140e+00
2.488425264361246292e+01,4.862865923004353164e+00
2.490425835953129763e+01,5.072805601056483482e+00
2.492426407545012879e+01,5.522256559051272440e+00
2.494426979136896350e+01,4.476209846866426645e+00
2.496427550728779821e+01,4.823218272440309207e+00
2.498428122320662936e+01,4.864430791951468436e+00
2.500428693912546407e+01,4.654992668555197000e+00
2.502429265504429878e+01,4.883243411488411567e+00
2.504429837096313349e+01,4.884597148297603830e+00
2.506430408688196820e+01,4.760298680671784410e+00
2.508430980280080291e+01,4.619167198199499502e+00
2.510431551871963762e+01,4.423745269511672795e+00
2.512432123463846878e+01,4.648486654543721563e+00
2.514432695055730349e+01,4.445782843596720824e+00
2.516433266647613465e+01,4.552056101395122845e+00
2.518433838239496936e+01,4.341403347223253384e+00
2.520434409831380407e+01,5.408447935922574779e+00
2.522434981423263878e+01,4.693622593957318401e+00
2.524435553015147349e+01,4.957464016951030672e+00
2.526436124607030820e+01,4.716907070818271208e+00
2.528436696198914291e+01,4.641942276681677804e+00
2.530437267790797407e+01,4.770624336662626419e+00
2.532437839382680878e+01,5.006163430899833955e+00
2.534438410974563993e+01,5.131947148827897820e+00
2.536438982566447464e+01,4.310083478655382550e+00
2.538439554158330935e+01,4.257093012146419220e+00
2.540440125750214406e+01,4.717062435478215576e+00
2.542440697342097877e+01,4.263317472692265575e+00
2.544441268933981348e+01,4.678945933571337257e+00
2.546441840525864819e+01,4.262220734820273194e+00
2.548442412117747935e+01,4.352672743443660508e+00
2.550442983709631406e+01,4.764559196284412934e+00
2.552443555301514877e+01,5.149633531989639579e+00
2.554444126893397993e+01,4.289277886546706497e+00
2.556444698485281464e+01,5.162769037748884848e+00
2.558445270077164935e+01,5.176366205011055044e+00
2.560445841669048406e+01,4.398467924318344657e+00
2.562446413260931877e+01,5.292634690895715366e+00
2.564446984852815348e+01,5.107058659901829500e+00
2.566447556444698819e+01,4.528033393214384361e+00
2.568448128036581934e+01,5.304350300779002936e+00
2.570448699628465405e+01,5.684024711096514970e+00
2.572449271220348521e+01,5.303824242394814092e+00
2.574449842812231992e+01,5.092210686971818667e+00
2.576450414404115463e+01,4.917625401874603952e+00
2.578450985995998934e+01,5.166392378084120551e+00
2.580451557587882405e+01,5.246622499724122868e+00
2.582452129179765876e+01,4.458309521318504665e+00
2.584452700771649347e+01,6.011931491551387730e+00
2.586453272363532463e+01,5.490509024711095698e+00
2.588453843955415934e+01,5.371531472404200258e+00
2.590454415547299405e+01,5.604138330701585069e+00
2.592454987139182521e+01,5.079445406160857601e+00
2.594455558731065992e+01,5.979562674812400225e+00
2.596456130322949463e+01,6.041707957846695010e+00
2.598456701914832934e+01,5.653813058940549752e+00
2.600457273506716405e+01,6.639293547908986071e+00
2.602457845098599520e+01,6.068732377121795807e+00
2.604458416690482991e+01,6.571920929530993938e+00
2.606458988282366462e+01,6.978814172227417956e+00
2.608459559874249933e+01,6.731497085921196444e+00
2.610460131466133404e+01,7.256299126671974520e+00
2.612460703058016520e+01,7.974626989736394833e+00
2.614461274649899991e+01,7.404527732046391364e+00
2.616461846241783462e+01,8.179699432275807425e+00
2.618462417833666933e+01,8.100057393457584354e+00
2.620462989425550404e+01,8.075969860180288507e+00
2.622463561017433520e+01,9.200044437310362255e+00
2.624464132609316991e+01,8.744639752400400923e+00
2.626464704201200462e+01,9.910204111969498797e+00
2.628465275793083933e+01,9.869304255294991890e+00
2.630465847384967049e+01,1.065808555936566648e+01
2.632466418976850520e+01,1.070430547564133761e+01
2.634466990568733991e+01,1.126266997164676553e+01
2.636467562160617462e+01,1.097999527196511238e+01
2.638468133752500933e+01,1.147576263034408051e+01
2.640468705344384048e+01,1.231704966319123251e+01
2.642469276936267519e+01,1.242129410220563379e+01
2.644469848528150990e+01,1.338299255366144003e+01
2.646470420120034461e+01,1.296785866404684207e+01
2.648470991711917932e+01,1.492514338910233818e+01
2.650471563303801048e+01,1.448388848480072610e+01
2.652472134895684519e+01,1.464766869077585909e+01
2.654472706487567990e+01,1.588633433162315889e+01
2.656473278079451461e+01,1.594172776842471606e+01
2.658473849671334932e+01,1.777337855794398891e+01
2.660474421263218048e+01,1.729948946421548683e+01
2.662474992855101519e+01,1.841561720982224415e+01
2.664475564446984990e+01,1.904196679416127935e+01
2.666476136038868461e+01,1.854115054390994644e+01
2.668476707630751577e+01,2.042912784994881292e+01
2.670477279222635048e+01,1.946014445866748588e+01
2.672477850814518519e+01,2.062324553790109505e+01
2.674478422406401990e+01,1.992261478357403348e+01
2.676478993998285461e+01,2.070018419856786451e+01
2.678479565590168576e+01,2.091171576389666953e+01
2.680480137182052047e+01,2.023322168064119708e+01
2.682480708773935518e+01,1.943227458332534852e+01
2.684481280365818989e+01,1.946210723657426911e+01
2.686481851957702460e+01,1.839689767583086422e+01
2.688482423549585576e+01,1.798612574764618088e+01
2.690482995141469047e+01,1.722241308959371509e+01
2.692483566733352518e+01,1.681251680289405570e+01
2.694484138325235989e+01,1.583422131511346187e+01
2.696484709917119105e+01,1.483384963643911725e+01
2.698485281509002576e+01,1.396174322020849345e+01
2.700485853100886047e+01,1.341592599163353405e+01
2.702486424692769518e+01,1.251127142336751774e+01
2.704486996284652989e+01,1.175756661501875655e+01
2.706487567876536104e+01,1.023412571894906087e+01
2.708488139468419575e+01,9.555626147400284154e+00
2.710488711060303046e+01,9.217523433064549465e+00
2.712489282652186517e+01,8.052791629766860027e+00
2.714489854244069988e+01,7.323613392801374467e+00
2.716490425835953104e+01,6.951124668801694106e+00
2.718490997427836575e+01,6.721976648165862045e+00
2.720491569019720046e+01,7.034198234062989386e+00
2.722492140611603517e+01,5.504255289068950674e+00
2.724492712203486633e+01,5.367286709771138753e+00
2.726493283795370104e+01,5.651186083166670926e+00
2.728493855387253575e+01,5.044322549000019862e+00
2.730494426979137046e+01,6.274590243466982464e+00
2.732494998571020517e+01,5.600561465642459602e+00
2.734495570162903633e+01,5.203654652964793570e+00
2.736496141754787104e+01,5.123461249078257396e+00
2.738496713346670575e+01,4.763756325932019919e+00
2.740497284938554046e+01,5.344796267653323163e+00
2.742497856530437517e+01,5.161453209518591656e+00
2.744498428122320632e+01,4.725038773478453358e+00
2.746498999714204103e+01,4.805924969807179536e+00
2.748499571306087574e+01,5.095720670561656007e+00
2.750500142897971045e+01,4.128842444849112781e+00
2.752500714489854516e+01,5.297146356105776555e+00
2.754501286081737632e+01,5.771310678573792430e+00
2.756501857673621103e+01,4.736240848631258160e+00
2.758502429265504574e+01,4.526254859156352950e+00
2.760503000857388045e+01,4.597783007974045155e+00
2.762503572449271161e+01,4.337269502514896402e+00
2.764504144041154632e+01,4.825580485840596623e+00
2.766504715633038103e+01,5.218754876346333837e+00
2.768505287224921574e+01,5.079099926207229387e+00
2.770505858816805045e+01,4.951041949258994990e+00
2.772506430408688161e+01,4.882133743754206279e+00
2.774507002000571632e+01,4.670790203428724752e+00
2.776507573592455103e+01,5.169848655651438918e+00
2.778508145184338574e+01,5.667150848275616326e+00
2.780508716776222045e+01,4.620558949122491654e+00
2.782509288368105160e+01,5.609599361908448323e+00
2.784509859959988631e+01,5.295911242411433406e+00
2.786510431551872102e+01,4.411833668178084089e+00
2.788511003143755573e+01,4.377027710301669927e+00
2.790511574735638689e+01,5.561378142688856663e+00
2.792512146327522160e+01,5.047635984592401925e+00
2.794512717919405631e+01,5.469322130555292816e+00
2.796513289511289102e+01,4.951754910386342523e+00
2.798513861103172573e+01,5.874334527472107936e+00
2.800514432695055689e+01,5.264381628871419139e+00
2.802515004286939160e+01,5.261728314625599090e+00
2.804515575878822631e+01,4.991482702884795231e+00
2.806516147470706102e+01,6.020417714835866185e+00
2.808516719062589573e+01,5.786399230198902011e+00
2.810517290654472689e+01,5.688355513965786869e+00
2.812517862246356160e+01,6.212719969965993627e+00
2.814518433838239631e+01,6.007434265828962339e+00
2.816519005430123102e+01,6.311189520185751078e+00
2.818519577022006217e+01,6.155754719732637881e+00
2.820520148613889688e+01,5.571762196892438013e+00
2.822520720205773159e+01,6.400424612967136717e+00
2.824521291797656630e+01,6.709018686555435096e+00
2.826521863389540101e+01,5.967331282680382820e+00
2.828522434981423217e+01,6.075888526491116437e+00
2.830523006573306688e+01,6.551768745009889372e+00
2.832523578165190159e+01,6.974633321214031234e+00
2.834524149757073630e+01,7.816716277157837567e+00
2.836524721348957101e+01,7.939626732936257980e+00
2.838525292940840217e+01,7.338834015153489432e+00
2.840525864532723688e+01,7.811711616748440612e+00
2.842526436124607159e+01,7.454936886753079861e+00
2.844527007716490630e+01,7.589640995015054514e+00
2.846527579308374101e+01,8.517253395781333225e+00
2.848528150900257216e+01,7.766476221288721504e+00
2.850528722492140687e+01,9.361142420983505019e+00
2.852529294084024158e+01,9.461328416692619925e+00
2.854529865675907629e+01,9.481399100843734828e+00
2.856530437267790745e+01,9.704191126914617271e+00
2.858531008859674216e+01,9.574908902604182259e+00
2.860531580451557687e+01,1.013762881236392488e+01
2.862532152043441158e+01,1.048976324460883447e+01
2.864532723635324629e+01,1.095274954903707965e+01
2.866533295227207745e+01,1.103156031709848506e+01
2.868533866819091216e+01,1.082712411798294916e+01
2.870534438410974687e+01,1.079050978505211589e+01
2.872535010002858158e+01,1.170886578085444540e+01
2.874535581594741629e+01,1.131038265800758857e+01
2.876536153186624745e+01,1.061997849834495433e+01
2.878536724778508216e+01,1.164488498569178709e+01
2.880537296370391687e+01,1.052427736377655876e+01
2.882537867962275158e+01,1.092408934094704698e+01
2.884538439554158273e+01,1.082311679835862606e+01
2.886539011146041744e+01,1.020211077838055935e+01
2.888539582737925215e+01,1.053435945169830568e+01
2.890540154329808686e+01,9.645107878763711895e+00
2.892540725921692157e+01,8.782183874639361676e+00
2.894541297513575273e+01,8.833417016408198208e+00
2.896541869105458744e+01,8.027368594534129542e+00
2.898542440697342215e+01,6.794482608838337434e+00
2.900543012289225686e+01,7.718495235995864512e+00
2.902543583881109157e+01,6.992719415381534631e+00
2.904544155472992273e+01,6.887217353028679767e+00
2.906544727064875744e+01,6.273812184302400397e+00
2.908545298656759215e+01,5.481931874397097282e+00
2.910545870248642686e+01,5.703831470411706128e+00
2.912546441840525802e+01,5.815868611834321911e+00
2.914547013432409273e+01,5.029386136123664031e+00
2.916547585024292744e+01,5.907636959759921425e+00
2.918548156616176215e+01,5.144117555369493999e+00
2.920548728208059686e+01,6.122689751411967585e+00
2.922549299799942801e+01,6.042413458837710749e+00
2.924549871391826272e+01,5.260965960165153277e+00
2.926550442983709743e+01,5.537708278519960281e+00
2.928551014575593214e+01,5.754395271126721667e+00
2.930551586167476685e+01,6.113297078178478117e+00
2.932552157759359801e+01,6.197326904881341747e+00
2.934552729351243272e+01,6.285719858276837435e+00
2.936553300943126743e+01,6.283916888809447876e+00
2.938553872535010214e+01,6.389829958808267207e+00
2.940554444126893330e+01,5.797884370078075555e+00
2.942555015718776801e+01,6.372080065928102499e+00
2.944555587310660272e+01,6.402171639118125590e+00
2.946556158902543743e+01,7.460554715336801479e+00
2.948556730494427214e+01,7.324374065069454431e+00
2.950557302086310330e+01,6.949658485965844790e+00
2.952557873678193801e+01,8.049473331826257905e+00
2.954558445270077272e+01,7.320375784132984620e+00
2.956559016861960743e+01,7.761654341713465577e+00
2.958559588453844214e+01,9.078059637183477193e+00
2.960560160045727329e+01,8.639578854146606091e+00
2.962560731637610800e+01,9.392890490893451627e+00
2.964561303229494271e+01,9.501434468494737828e+00
2.966561874821377742e+01,9.629044074610540349e+00
2.968562446413261213e+01,1.005240409832887494e+01
2.970563018005144329e+01,1.013187931955758359e+01
2.972563589597027800e+01,1.093940590222209508e+01
2.974564161188911271e+01,1.029329741595674719e+01
2.976564732780794742e+01,1.171029348648999147e+01
2.978565304372677858e+01,1.189826412488004692e+01
2.980565875964561329e+01,1.261677438484043634e+01
2.982566447556444800e+01,1.278488717177227230e+01
2.984567019148328271e+01,1.309692288164797702e+01
2.986567590740211742e+01,1.420699040948135483e+01
2.988568162332094857e+01,1.522919634546400047e+01
2.990568733923978328e+01,1.490732747326039842e+01
2.992569305515861799e+01,1.597029836109999579e+01
2.994569877107745270e+01,1.581777533511083078e+01
2.996570448699628741e+01,1.668557809816434911e+01
2.998571020291511857e+01,1.714945977258943799e+01
3.000571591883395328e+01,1.725926210216757539e+01
3.002572163475278799e+01,1.685281486109061078e+01
3.004572735067162270e+01,1.757072217229839950e+01
3.006573306659045386e+01,1.759593019894138166e+01
3.008573878250928857e+01,1.725907246703076225e+01
3.010574449842812328e+01,1.747056110523891448e+01
3.012575021434695799e+01,1.680016412442845208e+01
3.014575593026579270e+01,1.557109717762094547e+01
3.016576164618462386e+01,1.575591552631888348e+01
3.018576736210345857e+01,1.500496067266434963e+01
3.020577307802229328e+01,1.300829582195535217e+01
3.022577879394112799e+01,1.234588812826427606e+01
3.024578450985996270e+01,1.231354057411730452e+01
3.026579022577879385e+01,1.101471208466618990e+01
3.028579594169762856e+01,1.040312656350777054e+01
3.030580165761646327e+01,9.247734532614799718e+00
3.032580737353529798e+01,8.591749764800288958e+00
3.034581308945412914e+01,7.585714323096112821e+00
3.036581880537296385e+01,7.251384046858362353e+00
3.038582452129179856e+01,7.245885264809391657e+00
3.040583023721063327e+01,6.782433037888806027e+00
3.042583595312946798e+01,6.775560048237380784e+00
3.044584166904829914e+01,6.599106655753451456e+00
3.046584738496713385e+01,5.925852272278511634e+00
3.048585310088596856e+01,5.971277993146582475e+00
3.050585881680480327e+01,5.837441330676237605e+00
3.052586453272363798e+01,6.357596278066862894e+00
3.054587024864246914e+01,6.174648401465864467e+00
3.056587596456130385e+01,5.434342542358805872e+00
3.058588168048013856e+01,4.758313273240959873e+00
3.060588739639897327e+01,5.631416531011673499e+00
3.062589311231780798e+01,5.328350863387631975e+00
3.064589882823663913e+01,5.297329422802167898e+00
3.066590454415547384e+01,5.397120274661538986e+00
3.068591026007430855e+01,5.035200360254485474e+00
3.070591597599314326e+01,4.939308985032731414e+00
3.072592169191197442e+01,5.097990810661761962e+00
3.074592740783080913e+01,5.576831430799808587e+00
3.076593312374964384e+01,5.370779001135563391e+00
3.078593883966847855e+01,4.568674538156734855e+00
3.080594455558731326e+01,5.322008433192137566e+00
3.082595027150614442e+01,4.926505272435751870e+00
3.084595598742497913e+01,4.721683360454973055e+00
3.086596170334381384e+01,5.750297582910945948e+00
3.088596741926264855e+01,4.754779127363473634e+00
3.090597313518148326e+01,5.592078288370093020e+00
3.092597885110031442e+01,5.311705449774278165e+00
3.094598456701914913e+01,4.869933826870180837e+00
3.096599028293798384e+01,5.622012552565863963e+00
3.098599599885681855e+01,4.834082562855089193e+00
3.100600171477564970e+01,5.576577069706382339e+00
3.102600743069448441e+01,5.113773456298405407e+00
3.104601314661331912e+01,5.194754112319632355e+00
3.106601886253215383e+01,5.347309765266246018e+00
3.108602457845098854e+01,5.967046971044678294e+00
3.110603029436981970e+01,5.192565211922771873e+00
3.112603601028865441e+01,5.072173312803252010e+00
3.114604172620748912e+01,5.054909355908558055e+00
3.116604744212632383e+01,5.343039363277764409e+00
3.118605315804515854e+01,4.632542050627490582e+00
3.120605887396398970e+01,5.712768920721109644e+00
3.122606458988282441e+01,4.860599477229436083e+00
3.124607030580165912e+01,5.232734231393877167e+00
3.126607602172049383e+01,5.944868442080821325e+00
3.128608173763932498e+01,5.652915600283908937e+00
3.130608745355815969e+01,6.232049250237827742e+00
3.132609316947699440e+01,4.955016081364185254e+00
3.134609888539582911e+01,5.616192113356746063e+00
3.136610460131466382e+01,5.024716820199140344e+00
3.138611031723349498e+01,5.060705351926696238e+00
3.140611603315232969e+01,5.426542373237085215e+00
3.142612174907116440e+01,5.483212405335075701e+00
3.144612746498999911e+01,5.810877368779468810e+00
3.146613318090883382e+01,4.805419223827414932e+00
3.148613889682766498e+01,5.408973870827967545e+00
3.150614461274649969e+01,5.895135489288613861e+00
3.152615032866533440e+01,5.347241003198996978e+00
3.154615604458416911e+01,5.797882076233306314e+00
3.156616176050300382e+01,4.954299458740557327e+00
3.158616747642183498e+01,6.228083146002760806e+00
3.160617319234066969e+01,5.181010703729315381e+00
3.162617890825950440e+01,5.482465379587729615e+00
3.164618462417833911e+01,5.388049805412647331e+00
3.166619034009717026e+01,5.776560203341160715e+00
3.168619605601600497e+01,6.266554739088704196e+00
3.170620177193483968e+01,4.858762327773865408e+00
3.172620748785367439e+01,5.193655770925719395e+00
3.174621320377250910e+01,5.774431142995117838e+00
3.176621891969134026e+01,5.683693056298778856e+00
3.178622463561017497e+01,6.016760632334415604e+00
3.180623035152900968e+01,6.316390642662016219e+00
3.182623606744784439e+01,6.146809793234048414e+00
3.184624178336667910e+01,5.869247138955728360e+00
3.186624749928551026e+01,5.451945704813423887e+00
3.188625321520434497e+01,5.476219853088477585e+00
3.190625893112317968e+01,5.726572052427677306e+00
3.192626464704201439e+01,5.994266956308820227e+00
3.194627036296084555e+01,5.982641053523044761e+00
3.196627607887968026e+01,5.314353150120640912e+00
3.198628179479851497e+01,6.100126280525023148e+00
3.200628751071734968e+01,6.372127674510517537e+00
3.202629322663618439e+01,6.453951635462404468e+00
3.204629894255501199e+01,5.457478746219157628e+00
3.206630465847385381e+01,6.502205680212091110e+00
3.208631037439268141e+01,5.703055379115313350e+00
3.210631609031152323e+01,6.524433374312589962e+00
3.212632180623035083e+01,6.866548376589532765e+00
3.214632752214918554e+01,6.283398414667162868e+00
3.216633323806802025e+01,5.791351707555039141e+00
3.218633895398685496e+01,6.047705420598211923e+00
3.220634466990568967e+01,6.222023156760522866e+00
3.222635038582451728e+01,6.644732756648451755e+00
3.224635610174335909e+01,6.970388396581187251e+00
3.226636181766218670e+01,7.079680511697054257e+00
3.228636753358102851e+01,6.886154691163669739e+00
3.230637324949985612e+01,7.747527148406918585e+00
3.232637896541869083e+01,8.580023265780742037e+00
3.234638468133752554e+01,8.843712886420401986e+00
3.236639039725636025e+01,9.055523919215138662e+00
3.238639611317519496e+01,8.717111296130170217e+00
3.240640182909402967e+01,9.682091805060990097e+00
3.242640754501286438e+01,9.847155162249858762e+00
3.244641326093169198e+01,1.017829258987327457e+01
3.246641897685053380e+01,1.146227920043987858e+01
3.248642469276936140e+01,1.207422483986739969e+01
3.250643040868819611e+01,1.203498931537974670e+01
3.252643612460703082e+01,1.384842192355401380e+01
3.254644184052586553e+01,1.436823478577831636e+01
3.256644755644470024e+01,1.478415554261482789e+01
3.258645327236353495e+01,1.684815777116521218e+01
3.260645898828236966e+01,1.742732822791363390e+01
3.262646470420119726e+01,1.826914520446063150e+01
3.264647042012003908e+01,1.942414255493022424e+01
3.266647613603886668e+01,2.095696714962400975e+01
3.268648185195770850e+01,2.194995397446680130e+01
3.270648756787653610e+01,2.311515445764690213e+01
3.272649328379537081e+01,2.482915682620677345e+01
3.274649899971420552e+01,2.662432909065846331e+01
3.276650471563304023e+01,2.864721557557789211e+01
3.278651043155187494e+01,3.111440467099043161e+01
3.280651614747070255e+01,3.303406475465835967e+01
3.282652186338954436e+01,3.545455497939933309e+01
3.284652757930837197e+01,3.683416152348294048e+01
3.286653329522721378e+01,3.927686989586956656e+01
3.288653901114604139e+01,4.278582750617669461e+01
3.290654472706487610e+01,4.466912812006417965e+01
3.292655044298371081e+01,4.667249827191987066e+01
3.294655615890254552e+01,4.887197934454825088e+01
3.296656187482138023e+01,5.156140368791364637e+01
3.298656759074020783e+01,5.404474284725263544e+01
3.300657330665904965e+01,5.598500474727756426e+01
3.302657902257787725e+01,5.823892307505934696e+01
3.304658473849671907e+01,5.905370149263635682e+01
3.306659045441554667e+01,5.878348042975809307e+01
3.308659617033438138e+01,5.921162580610953086e+01
3.310660188625321609e+01,5.926554013302418866e+01
3.312660760217205080e+01,5.898482673889722605e+01
3.314661331809088551e+01,5.782701966239806524e+01
3.316661903400971312e+01,5.561062337369703812e+01
3.318662474992855493e+01,5.336588856939498982e+01
3.320663046584738254e+01,5.023949289477013735e+01
3.322663618176622435e+01,4.825837979245801534e+01
3.324664189768505196e+01,4.514153458846601552e+01
3.326664761360388667e+01,4.298851227652122731e+01
3.328665332952272138e+01,4.199085541937056831e+01
3.330665904544155609e+01,4.037426843803636700e+01
3.332666476136039080e+01,3.922150354624163526e+01
3.334667047727922551e+01,3.924327928404117216e+01
3.336667619319806022e+01,3.837490495074190733e+01
3.338668190911688782e+01,3.870369427020082753e+01
3.340668762503572964e+01,3.999221634181284912e+01
3.342669334095455724e+01,3.983077851550233106e+01
3.344669905687339195e+01,4.161900378879430207e+01
3.346670477279222666e+01,4.285675306248805327e+01
3.348671048871106137e+01,4.503199601080012116e+01
3.350671620462989608e+01,4.627239059551281741e+01
3.352672192054873079e+01,4.830568963281859141e+01
3.354672763646756550e+01,4.904045541647965933e+01
3.356673335238639311e+01,5.116117000903349776e+01
3.358673906830523492e+01,5.353144411068214481e+01
3.360674478422406253e+01,5.533670587011384612e+01
3.362675050014290434e+01,5.687323560318418458e+01
3.364675621606173195e+01,5.744872225006390920e+01
3.366676193198056666e+01,5.817728667604983173e+01
3.368676764789940137e+01,5.932815063696880031e+01
3.370677336381823608e+01,6.011259669092029867e+01
3.372677907973707079e+01,5.994766900333628001e+01
3.374678479565589839e+01,5.938113159578921341e+01
3.376679051157474021e+01,5.869131281234755448e+01
3.378679622749356781e+01,5.726750864209844138e+01
3.380680194341240963e+01,5.635727683578623726e+01
3.382680765933123723e+01,5.512965638558802084e+01
3.384681337525007194e+01,5.178866306391815044e+01
3.386681909116890665e+01,4.956535695699514577e+01
3.388682480708774136e+01,4.756894177164551962e+01
3.390683052300657607e+01,4.430651699649860831e+01
3.392683623892540368e+01,4.129976172072808538e+01
3.394684195484424549e+01,3.894011890063266179e+01
3.396684767076307310e+01,3.668661176094977350e+01
3.398685338668191491e+01,3.397552648377545381e+01
3.400685910260074252e+01,3.088476361284958216e+01
3.402686481851957723e+01,2.801399352187656788e+01
3.404687053443841194e+01,2.635268179089566232e+01
3.406687625035724665e+01,2.447064160512638509e+01
3.408688196627608136e+01,2.201140774948472512e+01
3.410688768219490896e+01,2.010922530695558663e+01
3.412689339811375078e+01,1.875954175411595415e+01
3.414689911403257838e+01,1.585278549059094289e+01
3.416690482995142020e+01,1.596809528050481930e+01
3.418691054587024780e+01,1.404269470534071829e+01
3.420691626178908251e+01,1.289689053751025227e+01
3.422692197770791722e+01,1.267058278329078647e+01
3.424692769362675193e+01,1.126811536778300926e+01
3.426693340954558664e+01,1.079517922411253394e+01
3.428693912546442135e+01,1.034041935122461275e+01
3.430694484138325606e+01,9.516181262286178111e+00
3.432695055730208367e+01,9.599156214201221005e+00
3.434695627322092548e+01,9.027968007119536509e+00
3.436696198913975309e+01,8.228165479584847120e+00
3.438696770505858780e+01,8.130126871030126878e+00
3.440697342097742251e+01,8.325377974052809549e+00
3.442697913689625722e+01,8.297192544537409731e+00
3.444698485281509193e+01,8.536578821754305935e+00
3.446699056873392664e+01,7.744474458720193688e+00
3.448699628465276135e+01,7.024128348459433013e+00
3.450700200057158895e+01,7.731658162623988417e+00
3.452700771649043077e+01,7.506663032783716716e+00
3.454701343240925837e+01,7.160840325076306634e+00
3.456701914832810019e+01,6.839656219165711093e+00
3.458702486424692779e+01,7.261221054108465189e+00
3.460703058016576250e+01,6.996319227723258649e+00
3.462703629608459721e+01,7.234806531244905692e+00
3.464704201200343192e+01,6.786017768412778040e+00
3.466704772792226663e+01,7.244086163089943575e+00
3.468705344384109424e+01,6.276612532058630123e+00
3.470705915975993605e+01,6.732527489145512689e+00
3.472706487567876366e+01,5.850938239196935342e+00
3.474707059159760547e+01,6.537649485730971044e+00
3.476707630751643308e+01,6.487076482572364355e+00
3.478708202343526779e+01,6.558108276296921169e+00
3.480708773935410250e+01,6.495628820833841743e+00
3.482709345527293721e+01,5.565534623371185319e+00
3.484709917119177192e+01,6.145649154139762871e+00
3.486710488711059952e+01,6.417779061259658135e+00
3.488711060302944134e+01,6.230175619958153277e+00
3.490711631894826894e+01,6.139010420845363747e+00
3.492712203486711076e+01,6.250761540731991417e+00
3.494712775078593836e+01,6.687780846455414263e+00
3.496713346670477307e+01,6.362287701544703467e+00
3.498713918262360778e+01,5.974205253010469008e+00
3.500714489854244249e+01,5.523169683661830476e+00
3.502715061446127720e+01,5.984629014203545871e+00
3.504715633038010481e+01,5.877785614439108741e+00
3.506716204629894662e+01,6.507854353732684061e+00
3.508716776221777423e+01,6.364143738223191349e+00
3.510717347813661604e+01,6.463212131855693876e+00
3.512717919405544365e+01,5.239212102765451462e+00
3.514718490997427836e+01,6.388294880368314388e+00
3.516719062589311307e+01,6.499361616690501720e+00
3.518719634181194778e+01,6.195025531591559442e+00
3.520720205773078249e+01,6.573016650354403190e+00
3.522720777364961720e+01,5.419028613615221701e+00
3.524721348956845191e+01,5.784679238987656014e+00
3.526721920548727951e+01,6.204189022976668966e+00
3.528722492140612133e+01,5.857480325068134874e+00
3.530723063732494893e+01,5.186587083910884743e+00
3.532723635324378364e+01,5.988642136475879951e+00
3.534724206916261835e+01,5.482837540773893181e+00
3.536724778508145306e+01,5.411495862040024640e+00
3.538725350100028777e+01,5.857187938577165021e+00
3.540725921691912248e+01,5.313478647584982895e+00
3.542726493283795719e+01,5.414874627706444343e+00
3.544727064875678479e+01,5.652234704165923773e+00
3.546727636467562661e+01,6.459186578234918485e+00
3.548728208059445421e+01,6.089126969070132844e+00
3.550728779651329603e+01,5.605152154090407457e+00
3.552729351243212363e+01,5.249171427277066648e+00
3.554729922835095834e+01,6.045368276603272584e+00
3.556730494426979305e+01,5.450627724204460733e+00
3.558731066018862776e+01,5.828452885689161533e+00
3.560731637610746247e+01,5.688637757347042800e+00
3.562732209202629008e+01,5.314162141300606379e+00
3.564732780794513189e+01,5.668089628033952110e+00
3.566733352386395950e+01,5.288302230353324695e+00
3.568733923978280131e+01,5.291846533865077973e+00
3.570734495570162892e+01,4.920853760869741578e+00
3.572735067162046363e+01,5.546283548691924636e+00
3.574735638753929834e+01,5.822405221901644445e+00
3.576736210345813305e+01,6.218353195403886424e+00
3.578736781937696776e+01,4.953195119734380647e+00
3.580737353529579536e+01,5.972055562125854422e+00
3.582737925121463718e+01,5.657922977715028168e+00
3.584738496713346478e+01,5.292502349442116838e+00
3.586739068305230660e+01,5.430034355552229464e+00
3.588739639897113420e+01,5.875675748965093703e+00
3.590740211488996891e+01,5.113613555246600662e+00
3.592740783080880362e+01,5.507946505710447305e+00
3.594741354672763833e+01,5.370353302664756967e+00
3.596741926264647304e+01,6.034119369160520385e+00
3.598742497856530065e+01,5.472647539694290408e+00
3.600743069448414246e+01,6.140994481473493138e+00
3.602743641040297007e+01,5.124680257177759657e+00
3.604744212632181188e+01,5.642080025626490247e+00
3.606744784224063949e+01,5.815933203948613794e+00
3.608745355815947420e+01,5.870833491997823117e+00
3.610745927407830891e+01,6.202573655431648625e+00
3.612746498999714362e+01,5.780816113370288889e+00
3.614747070591597833e+01,5.322607984248332258e+00
3.616747642183481304e+01,4.940719723890140358e+00
3.618748213775364775e+01,5.163936209814476541e+00
3.620748785367247535e+01,6.039641038611797796e+00
3.622749356959131717e+01,5.345782283869193741e+00
3.624749928551014477e+01,5.375994745411889930e+00
3.626750500142897948e+01,5.601131130621515908e+00
3.628751071734781419e+01,5.532020867533233854e+00
3.630751643326664890e+01,4.743357327164030579e+00
3.632752214918548361e+01,5.284394427520187065e+00
3.634752786510431832e+01,4.613012574728486470e+00
3.636753358102315303e+01,5.013774760130491615e+00
3.638753929694198064e+01,5.754738999560514046e+00
3.640754501286082245e+01,4.780828165522319040e+00
3.642755072877965006e+01,6.025694932316489449e+00
3.644755644469849187e+01,5.123042403232185293e+00
3.646756216061731948e+01,6.218760102884949958e+00
3.648756787653615419e+01,6.013347962348607467e+00
3.650757359245498890e+01,5.361444059776449222e+00
3.652757930837382361e+01,5.394318385129693638e+00
3.654758502429265832e+01,5.298655232377642577e+00
3.656759074021148592e+01,5.446871762245683257e+00
3.658759645613032774e+01,5.467129857051053143e+00
3.660760217204915534e+01,5.418625488562762271e+00
3.662760788796799716e+01,6.185911461070238815e+00
3.664761360388682476e+01,5.471712528885410265e+00
3.666761931980565947e+01,5.306443301359486497e+00
3.668762503572449418e+01,5.108303192634201295e+00
3.670763075164332889e+01,5.510235119176478236e+00
3.672763646756216360e+01,5.700534816774222691e+00
3.674764218348099121e+01,5.143566974522416402e+00
3.676764789939983302e+01,5.626706176050261909e+00
3.678765361531866063e+01,4.984368781200363863e+00
3.680765933123750244e+01,5.261427320028403187e+00
3.682766504715633005e+01,5.475624319669711859e+00
3.684767076307516476e+01,4.749935478199322603e+00
3.686767647899399947e+01,5.214034000591535545e+00
3.688768219491283418e+01,5.452710244811399320e+00
3.690768791083166889e+01,6.048875349227380127e+00
3.692769362675049649e+01,5.396700920256519041e+00
3.694769934266933831e+01,5.437924036329436106e+00
3.696770505858816591e+01,5.857977293384770689e+00
3.698771077450700773e+01,5.520760784520136077e+00
3.700771649042583533e+01,5.875561256938753196e+00
3.702772220634467004e+01,5.910971544431408375e+00
3.704772792226350475e+01,6.015027626811747297e+00
3.706773363818233946e+01,5.047110707587283862e+00
3.708773935410117417e+01,5.752527965373369412e+00
3.710774507002000888e+01,5.809409249730625113e+00
3.712775078593884359e+01,5.774931488674162949e+00
3.714775650185767120e+01,5.833228468946218825e+00
3.716776221777651301e+01,5.808831282646432115e+00
3.718776793369534062e+01,6.792611987328109890e+00
3.720777364961417533e+01,6.973165635136735929e+00
3.722777936553301004e+01,7.211067246682773657e+00
3.724778508145184475e+01,6.849757880739403504e+00
3.726779079737067946e+01,6.852923883985648779e+00
3.728779651328951417e+01,6.876380059705269332e+00
3.730780222920834888e+01,7.583137952298613094e+00
3.732780794512717648e+01,7.658524275012143612e+00
3.734781366104601830e+01,8.714976646788667125e+00
3.736781937696484590e+01,8.847572850389241239e+00
3.738782509288368772e+01,9.020954687239981951e+00
3.740783080880251532e+01,9.237308961860209777e+00
3.742783652472135003e+01,1.017317638785301881e+01
3.744784224064018474e+01,9.473401106677801664e+00
3.746784795655901945e+01,9.967030359689466934e+00
3.748785367247785416e+01,1.142886702626540618e+01
3.750785938839668177e+01,1.186110643306862045e+01
3.752786510431552358e+01,1.241302404120301439e+01
3.754787082023435119e+01,1.296565392738687272e+01
3.756787653615319300e+01,1.374235766429162808e+01
3.758788225207202061e+01,1.436622779452168608e+01
3.760788796799085532e+01,1.535677030153184752e+01
3.762789368390969003e+01,1.617919266419256985e+01
3.764789939982852474e+01,1.762490555128023928e+01
3.766790511574735945e+01,1.876472410796000645e+01
3.768791083166618705e+01,1.910388566554437517e+01
3.770791654758502887e+01,2.056071722306540295e+01
3.772792226350385647e+01,2.098702935390137014e+01
3.774792797942269829e+01,2.216998244196854273e+01
3.776793369534152589e+01,2.300531578484437745e+01
3.778793941126036060e+01,2.394526282782345206e+01
3.780794512717919531e+01,2.429506389956937795e+01
3.782795084309803002e+01,2.525246861645083385e+01
3.784795655901686473e+01,2.542409130775057235e+01
3.786796227493569234e+01,2.398925056494143249e+01
3.788796799085453415e+01,2.351939816695525209e+01
3.790797370677336176e+01,2.381190749202243850e+01
3.792797942269220357e+01,2.327440661133573485e+01
3.794798513861103118e+01,2.176747677082583721e+01
3.796799085452986589e+01,2.038228624824400015e+01
3.798799657044870060e+01,1.935713134355179577e+01
3.800800228636753531e+01,1.745659520799567588e+01
3.802800800228637002e+01,1.716294583993690281e+01
3.804801371820520473e+01,1.479100761636433425e+01
3.806801943412403944e+01,1.340921595431260549e+01
3.808802515004286704e+01,1.193280084051496814e+01
3.810803086596170886e+01,1.104495511809926711e+01
3.812803658188053646e+01,1.103675462501243132e+01
3.814804229779937117e+01,9.300751795975187974e+00
3.816804801371820588e+01,9.236366764392958117e+00
3.818805372963704059e+01,8.652434008097483087e+00
3.820805944555587530e+01,8.542011331758498471e+00
3.822806516147471001e+01,6.602697951164348211e+00
3.824807087739354472e+01,7.028746449477139890e+00
3.826807659331237232e+01,6.296507702599515532e+00
3.828808230923121414e+01,6.164656644564965760e+00
3.830808802515004174e+01,6.245277191709996067e+00
3.832809374106888356e+01,6.347447900565184931e+00
3.834809945698771116e+01,5.544136082532666876e+00
3.836810517290654587e+01,5.816273895996795673e+00
3.838811088882538058e+01,5.534517343796590438e+00
3.840811660474421529e+01,5.632026639714605487e+00
3.842812232066305000e+01,5.548457781060232463e+00
3.844812803658187761e+01,5.377997608714266242e+00
3.846813375250071942e+01,5.767691926824157989e+00
3.848813946841954703e+01,6.289835842477964789e+00
3.850814518433838884e+01,5.691973093773052383e+00
3.852815090025721645e+01,5.714870253393481647e+00
3.854815661617605116e+01,5.706265694098000552e+00
3.856816233209488587e+01,5.941605086250081769e+00
3.858816804801372058e+01,6.036541072790235773e+00
3.860817376393255529e+01,5.488983168686444536e+00
3.862817947985138289e+01,5.775526754155762887e+00
3.864818519577022471e+01,5.723057905583837979e+00
3.866819091168905231e+01,6.255196368022618358e+00
3.868819662760789413e+01,6.347417005662988387e+00
3.870820234352672173e+01,5.801497673020011625e+00
3.872820805944555644e+01,6.107148739197816312e+00
3.874821377536439115e+01,6.766484492470358880e+00
3.876821949128322586e+01,5.894312924974323131e+00
3.878822520720206057e+01,6.657049565843802696e+00
3.880823092312088818e+01,6.373042305915493699e+00
3.882823663903972999e+01,6.358646384314817546e+00
3.884824235495855760e+01,6.637362232128046102e+00
3.886824807087739941e+01,5.444173110970460527e+00
3.888825378679622702e+01,6.296095052202947073e+00
3.890825950271506173e+01,6.637303793199357926e+00
3.892826521863389644e+01,6.365698199857214412e+00
3.894827093455273115e+01,5.930322844780121727e+00
3.896827665047156586e+01,5.993339063032015801e+00
3.898828236639040057e+01,4.956998878310804102e+00
3.900828808230923528e+01,5.419155414791689829e+00
3.902829379822806288e+01,5.905851349366278313e+00
3.904829951414690470e+01,5.197544208308556790e+00
3.906830523006573230e+01,6.448933963776673828e+00
3.908831094598456701e+01,6.074650482829556886e+00
3.910831666190340172e+01,5.592163742875339238e+00
3.912832237782223643e+01,5.360930778008642150e+00
3.914832809374107114e+01,5.892606221912820352e+00
3.916833380965990585e+01,6.349286088655748728e+00
3.918833952557874056e+01,5.183750294502416978e+00
3.920834524149756817e+01,5.567980037983481623e+00
3.922835095741640998e+01,5.754619800517820849e+00
3.924835667333523759e+01,4.905014168232820992e+00
3.926836238925407940e+01,5.348127941771782190e+00
3.928836810517290701e+01,5.816847839091249028e+00
3.930837382109174172e+01,5.374168300323313829e+00
3.932837953701057643e+01,5.426915256885049388e+00
3.934838525292941114e+01,5.739031866611018273e+00
3.936839096884824585e+01,5.708033983252386534e+00
3.938839668476707345e+01,4.943946969650637513e+00
3.940840240068591527e+01,6.013805125877550672e+00
3.942840811660474287e+01,5.910688226579907223e+00
3.944841383252358469e+01,5.904066627060476691e+00
3.946841954844241229e+01,5.378281252396044820e+00
3.948842526436124700e+01,5.548244713667080497e+00
3.950843098028008171e+01,5.619739737015418513e+00
3.952843669619891642e+01,6.066679108429645417e+00
3.954844241211775113e+01,6.131837980425967061e+00
3.956844812803657874e+01,5.995642247537912084e+00
3.958845384395542055e+01,5.766196394638967604e+00
3.960845955987424816e+01,6.310333273584470604e+00
3.962846527579308997e+01,6.451728498607772977e+00
3.964847099171191758e+01,5.820184259232970447e+00
3.966847670763075229e+01,5.870642628699142662e+00
3.968848242354958700e+01,6.147836197093873523e+00
3.970848813946842171e+01,5.696165373234968854e+00
3.972849385538725642e+01,5.741443261202676673e+00
3.974849957130608402e+01,6.025992481583427818e+00
3.976850528722492584e+01,6.000971509411350269e+00
3.978851100314375344e+01,6.221054728594885397e+00
3.980851671906259526e+01,6.284137805562696855e+00
3.982852243498142286e+01,5.596461715446338303e+00
3.984852815090025757e+01,6.168674663226050292e+00
3.986853386681909228e+01,5.705119077414697593e+00
3.988853958273792699e+01,5.701834629937385657e+00
3.990854529865676170e+01,5.998729554622112659e+00
3.992855101457559641e+01,5.420963709603070058e+00
3.994855673049443112e+01,5.502592459048555540e+00
3.996856244641325873e+01,5.760086129380580289e+00
3.998856816233210054e+01,6.652145583682242069e+00
4.000857387825092815e+01,6.169792643462143289e+00
4.002857959416976286e+01,5.878109279490908889e+00
4.004858531008859757e+01,6.252487697179914150e+00
4.006859102600743228e+01,6.033569114866784489e+00
4.008859674192626699e+01,6.165754904691109317e+00
4.010860245784510170e+01,5.158793988740709047e+00
4.012860817376393641e+01,5.243501985331844750e+00
4.014861388968276401e+01,5.112340095989864608e+00
4.016861960560160583e+01,6.344212656755017221e+00
4.018862532152043343e+01,5.861542000413803244e+00
4.020863103743927525e+01,5.398220754691456236e+00
4.022863675335810285e+01,5.171232537053274569e+00
4.024864246927693756e+01,5.867492239790370157e+00
4.026864818519577227e+01,4.908047457307507244e+00
4.028865390111460698e+01,5.393094992250109243e+00
4.030865961703344169e+01,6.087778659124150948e+00
4.032866533295226930e+01,5.834284275521014251e+00
4.034867104887111111e+01,5.158631356527202172e+00
4.036867676478993872e+01,5.220734135977317614e+00
4.038868248070878053e+01,6.097214220756795200e+00
4.040868819662760814e+01,5.722952317953382106e+00
4.042869391254644285e+01,6.126752079476743162e+00
4.044869962846527756e+01,6.399696264266868440e+00
4.046870534438411227e+01,5.503811627806218354e+00
4.048871106030294698e+01,6.226314322366951259e+00
4.050871677622177458e+01,6.410709803187236488e+00
4.052872249214061640e+01,5.804025127339727419e+00
4.054872820805944400e+01,6.202343508825007845e+00
4.056873392397828582e+01,6.325987280376916821e+00
4.058873963989711342e+01,6.546450067033708464e+00
4.060874535581594813e+01,5.991210814538606932e+00
4.062875107173478284e+01,6.124191479962833640e+00
4.064875678765361755e+01,5.813957485063427910e+00
4.066876250357245226e+01,6.262913486886529491e+00
4.068876821949127986e+01,6.801365672322838840e+00
4.070877393541012168e+01,6.029505826872081364e+00
4.072877965132894929e+01,6.382625253243474184e+00
4.074878536724779110e+01,6.563108629365149937e+00
4.076879108316661871e+01,5.900991643609957649e+00
4.078879679908545342e+01,5.621532969917103273e+00
4.080880251500428813e+01,6.487118514956459414e+00
4.082880823092312284e+01,7.136962316675385054e+00
4.084881394684195755e+01,6.609242996159695238e+00
4.086881966276079226e+01,7.570515376177969991e+00
4.088882537867962697e+01,6.848183466984144374e+00
4.090883109459845457e+01,6.812494473647383586e+00
4.092883681051729639e+01,7.686747490033957853e+00
4.094884252643612399e+01,7.205495651292869397e+00
4.096884824235495870e+01,7.414746280182848537e+00
4.098885395827379341e+01,7.823474279130710585e+00
4.100885967419262812e+01,7.886529428128403296e+00
4.102886539011146283e+01,8.083872167539308151e+00
4.104887110603029754e+01,8.107774593386551487e+00
4.106887682194913225e+01,8.743023315254212946e+00
4.108888253786795985e+01,9.105309593080241015e+00
4.110888825378680167e+01,9.786167513406857310e+00
4.112889396970562927e+01,9.464630748005106398e+00
4.114889968562447109e+01,9.925199487742794702e+00
4.116890540154329869e+01,1.044323827046100561e+01
4.118891111746213340e+01,1.111295116012422213e+01
4.120891683338096811e+01,1.100354614510830942e+01
4.122892254929980282e+01,1.135598031176863643e+01
4.124892826521863753e+01,1.264630308154464622e+01
4.126893398113746514e+01,1.327522771210277597e+01
4.128893969705630695e+01,1.395662360304292271e+01
4.130894541297513456e+01,1.536185394002723648e+01
4.132895112889397637e+01,1.613485112941933153e+01
4.134895684481280398e+01,1.612282987172123683e+01
4.136896256073163869e+01,1.670628471120995684e+01
4.138896827665047340e+01,1.803159024804082122e+01
4.140897399256930811e+01,1.879348882017529476e+01
4.142897970848814282e+01,1.972725725312690770e+01
4.144898542440697042e+01,2.108543806587152503e+01
4.146899114032581224e+01,2.219143509088398147e+01
4.148899685624463984e+01,2.195054310779142526e+01
4.150900257216348166e+01,2.250036727465521835e+01
4.152900828808230926e+01,2.266851749596554910e+01
4.154901400400114397e+01,2.442352921113633712e+01
4.156901971991997868e+01,2.479907848049827734e+01
4.158902543583881339e+01,2.580104062062833847e+01
4.160903115175764810e+01,2.526029178588742852e+01
4.162903686767647571e+01,2.612638406217936549e+01
4.164904258359531752e+01,2.551126110122332946e+01
4.166904829951414513e+01,2.631756490965249640e+01
4.168905401543298694e+01,2.508355604634865443e+01
4.170905973135181455e+01,2.564355538909080678e+01
4.172906544727064926e+01,2.580277035674788877e+01
4.174907116318948397e+01,2.472393680873359045e+01
4.176907687910831868e+01,2.507327335915378086e+01
4.178908259502715339e+01,2.413268412770569782e+01
4.180908831094598810e+01,2.418094654387267539e+01
4.182909402686482281e+01,2.347087442606015983e+01
4.184909974278365041e+01,2.317254959937580594e+01
4.186910545870249223e+01,2.212060007954845631e+01
4.188911117462131983e+01,2.142460354406683720e+01
4.190911689054015454e+01,2.182967453308752326e+01
4.192912260645898925e+01,2.056255075358990325e+01
4.194912832237782396e+01,1.978857592866991766e+01
4.196913403829665867e+01,1.945249483055057382e+01
4.198913975421549338e+01,1.965147010856527743e+01
4.200914547013432809e+01,1.980443847561347681e+01
4.202915118605316280e+01,1.886455984274424225e+01
4.204915690197199041e+01,1.852370466726036824e+01
4.206916261789082512e+01,1.985442083149817449e+01
4.208916833380965983e+01,1.924518096456777272e+01
4.210917404972849454e+01,1.955881294957335825e+01
4.212917976564732925e+01,2.005393644881294080e+01
4.214918548156616396e+01,2.041374927232716630e+01
4.216919119748499867e+01,2.160013688769018358e+01
4.218919691340383338e+01,2.118269715906958339e+01
4.220920262932266809e+01,2.104643827893330155e+01
4.222920834524150280e+01,2.223761476719404584e+01
4.224921406116033040e+01,2.199956876556939989e+01
4.226921977707916511e+01,2.261975367109171131e+01
4.228922549299799982e+01,2.297835891731863356e+01
4.230923120891683453e+01,2.192638093624030660e+01
4.232923692483566924e+01,2.191106710209267661e+01
4.234924264075450395e+01,2.260159991828559356e+01
4.236924835667333866e+01,2.087015593341799757e+01
4.238925407259217337e+01,2.064839061029610434e+01
4.240925978851100808e+01,2.059313482746268420e+01
4.242926550442983569e+01,1.977685691471405960e+01
4.244927122034867040e+01,1.945353344667222117e+01
4.246927693626750511e+01,1.865149806994374515e+01
4.248928265218633982e+01,1.732511377897188254e+01
4.250928836810517453e+01,1.801569084064028203e+01
4.252929408402400924e+01,1.679639602820072852e+01
4.254929979994284395e+01,1.708501032535193076e+01
4.256930551586167866e+01,1.722562491352330838e+01
4.258931123178051337e+01,1.728119230058666034e+01
4.260931694769934097e+01,1.715808064742801875e+01
4.262932266361817568e+01,1.715657058253383127e+01
4.264932837953701039e+01,1.692330740681391887e+01
4.266933409545584510e+01,1.776816257180408343e+01
4.268933981137467981e+01,1.798816638293929060e+01
4.270934552729351452e+01,1.801131932877509101e+01
4.272935124321234923e+01,1.783164416963677112e+01
4.274935695913118394e+01,1.741737411212864828e+01
4.276936267505001865e+01,1.665946568008705242e+01
4.278936839096885336e+01,1.633890641084085260e+01
4.280937410688768097e+01,1.519535016942410977e+01
4.282937982280651568e+01,1.557023247992452930e+01
4.284938553872535039e+01,1.399659534002603500e+01
4.286939125464418510e+01,1.322462775399482204e+01
4.288939697056301981e+01,1.230150837421158627e+01
4.290940268648185452e+01,1.060554131908257247e+01
4.292940840240068923e+01,1.035839805810766912e+01
4.294941411831952394e+01,9.872269405621580063e+00
4.296941983423835865e+01,8.833367640863125203e+00
4.298942555015718625e+01,7.910161430531091220e+00
4.300943126607602096e+01,7.380699909761245792e+00
4.302943698199485567e+01,6.959631945656466812e+00
4.304944269791369038e+01,7.499718449292091194e+00
4.306944841383252509e+01,7.140310722655768494e+00
4.308945412975135980e+01,6.686573847097180945e+00
4.310945984567019451e+01,6.553905238556696489e+00
4.312946556158902922e+01,7.205976559125563341e+00
4.314947127750786393e+01,6.091919296220907221e+00
4.316947699342669864e+01,6.462552212465919155e+00
4.318948270934552625e+01,6.724388971422989414e+00
4.320948842526436096e+01,6.131915235394624020e+00
4.322949414118319567e+01,6.416643319558485103e+00
4.324949985710203038e+01,6.640453943282133231e+00
4.326950557302086509e+01,6.355909623436172495e+00
4.328951128893969980e+01,6.558109295830243823e+00
4.330951700485853451e+01,6.549677897726014386e+00
4.332952272077736922e+01,6.881689105783412863e+00
4.334952843669620393e+01,6.832760213850187725e+00
4.336953415261503153e+01,6.613212112898254169e+00
4.338953986853386624e+01,6.667220374443001418e+00
4.340954558445270095e+01,7.056957192607699270e+00
4.342955130037153566e+01,6.603446431572018938e+00
4.344955701629037037e+01,7.184136275394988225e+00
4.346956273220920508e+01,6.434179268698960286e+00
4.348956844812803979e+01,6.718741575163381441e+00
4.350957416404687450e+01,6.879013909530028670e+00
4.352957987996570921e+01,6.693169538644914596e+00
4.354958559588453681e+01,6.185625459809360294e+00
4.356959131180337153e+01,6.671275574028481259e+00
4.358959702772220624e+01,6.495976459059380481e+00
4.360960274364104095e+01,6.950936416957906872e+00
4.362960845955987566e+01,6.016365572753654689e+00
4.364961417547871037e+01,6.753554137394656820e+00
4.366961989139754508e+01,6.891121889278798207e+00
4.368962560731637979e+01,6.171958781571884600e+00
4.370963132323521450e+01,6.534483376528280374e+00
4.372963703915404921e+01,5.812743116739897076e+00
4.374964275507287681e+01,6.734287139470765737e+00
4.376964847099171152e+01,6.432372636651116693e+00
4.378965418691054623e+01,7.001865134140587088e+00
4.380965990282938094e+01,6.416561466479921094e+00
4.382966561874821565e+01,6.639893793234907804e+00
4.384967133466705036e+01,6.199186714565089851e+00
4.386967705058588507e+01,6.592708212382566657e+00
4.388968276650471978e+01,6.626168553992933141e+00
4.390968848242355449e+01,6.146228323006690530e+00
4.392969419834238209e+01,6.485089400321058406e+00
4.394969991426121680e+01,5.943624670620618389e+00
4.396970563018005151e+01,6.458983811720870882e+00
4.398971134609888622e+01,5.971413889233337713e+00
4.400971706201772093e+01,5.949672726086390639e+00
4.402972277793655564e+01,6.017384611907850456e+00
4.404972849385539035e+01,6.436500407865096030e+00
4.406973420977422506e+01,5.873553954539691979e+00
4.408973992569305977e+01,5.458703798660794249e+00
4.410974564161189448e+01,5.492825032117568007e+00
4.412975135753072209e+01,6.314050760402237117e+00
4.414975707344955680e+01,5.381005190089793722e+00
4.416976278936839151e+01,5.899831276333202368e+00
4.418976850528722622e+01,6.118769311920996046e+00
4.420977422120606093e+01,6.046137288856490599e+00
4.422977993712489564e+01,5.185649524278660216e+00
4.424978565304373035e+01,5.606949636509876100e+00
4.426979136896256506e+01,6.160693141813650797e+00
4.428979708488139977e+01,6.185517057124269691e+00
4.430980280080022737e+01,5.939849533101138057e+00
4.432980851671906208e+01,5.011300645746548099e+00
4.434981423263789679e+01,6.202245895587463309e+00
4.436981994855673150e+01,5.945783018054106250e+00
4.438982566447556621e+01,5.899755318656062286e+00
4.440983138039440092e+01,6.058847667092830847e+00
4.442983709631323563e+01,5.800698249333894552e+00
4.444984281223207034e+01,5.388151826184797599e+00
4.446984852815090505e+01,5.659084612073101539e+00
4.448985424406973266e+01,4.829001185177866695e+00
4.450985995998856737e+01,5.026579054183689443e+00
4.452986567590740208e+01,5.854425351883437045e+00
4.454987139182623679e+01,5.975458798883606093e+00
4.456987710774507150e+01,5.664554736363538012e+00
4.458988282366390621e+01,6.098446480500015809e+00
4.460988853958274092e+01,5.303853833838259924e+00
4.462989425550157563e+01,5.602131640135302071e+00
4.464989997142041034e+01,5.652261135102379264e+00
4.466990568733924505e+01,5.790390739143722598e+00
4.468991140325807265e+01,5.650435561441010890e+00
4.470991711917690736e+01,6.381246870027762697e+00
4.472992283509574207e+01,6.242735124114942025e+00
4.474992855101457678e+01,5.168787677437286732e+00
4.476993426693341149e+01,5.432437201523878656e+00
4.478993998285224620e+01,5.493513329498840747e+00
4.480994569877108091e+01,6.240438662033037431e+00
4.482995141468991562e+01,5.932191638900003561e+00
4.484995713060875033e+01,5.967601989371679849e+00
4.486996284652757794e+01,5.377820162275833482e+00
4.488996856244641265e+01,5.633498136294857517e+00
4.490997427836524736e+01,5.587903851488016826e+00
4.492997999428408207e+01,6.018721611741721489e+00
4.494998571020291678e+01,5.752322241531898861e+00
4.496999142612175149e+01,5.617393047235447412e+00
4.498999714204058620e+01,6.018955053864120330e+00
4.501000285795942091e+01,5.324138909557731836e+00
4.503000857387825562e+01,6.599630939216378778e+00
4.505001428979709033e+01,5.906392989319012798e+00
4.507002000571591793e+01,5.807873901048031584e+00
4.509002572163475264e+01,6.005633039334634660e+00
4.511003143755358735e+01,5.610148683018550742e+00
4.513003715347242206e+01,5.048242403345837737e+00
4.515004286939125677e+01,6.325385627959249746e+00
4.517004858531009148e+01,6.058141279125594636e+00
4.519005430122892619e+01,5.919658467460374496e+00
4.521006001714776090e+01,5.575295041122752870e+00
4.523006573306659561e+01,6.453830294755301011e+00
4.525007144898542322e+01,6.195211306892353775e+00
4.527007716490425793e+01,6.039945718092999627e+00
4.529008288082309264e+01,5.762760566164892850e+00
4.531008859674192735e+01,5.946695553766548237e+00
4.533009431266076206e+01,6.179332883807315824e+00
4.535010002857959677e+01,6.661614372595103362e+00
4.537010574449843148e+01,6.539036366482937623e+00
4.539011146041726619e+01,6.835870899491252928e+00
4.541011717633610090e+01,6.779520431497966015e+00
4.543012289225492850e+01,7.215405622385858919e+00
4.545012860817376321e+01,6.583508667853147145e+00
4.547013432409259792e+01,7.568451665716214194e+00
4.549014004001143263e+01,7.056306064644476628e+00
4.551014575593026734e+01,7.996709238140697451e+00
4.553015147184910205e+01,7.414534161459650718e+00
4.555015718776793676e+01,8.331221335629173552e+00
4.557016290368677147e+01,7.948102406922770591e+00
4.559016861960560618e+01,8.448535527404141376e+00
4.561017433552444089e+01,7.939606679843580039e+00
4.563018005144326850e+01,7.714092862302352138e+00
4.565018576736210321e+01,7.572996835260389581e+00
4.567019148328093792e+01,7.547448924120020664e+00
4.569019719919977263e+01,6.690583319033580167e+00
4.571020291511860734e+01,7.287563736033161987e+00
4.573020863103744205e+01,6.903693051705702466e+00
4.575021434695627676e+01,7.190573244377526763e+00
4.577022006287511147e+01,6.127455340688065633e+00
4.579022577879394618e+01,6.029153650350379756e+00
4.581023149471277378e+01,6.389427508316988025e+00
4.583023721063160849e+01,6.349191470651115665e+00
4.585024292655044320e+01,5.945850493509461820e+00
4.587024864246927791e+01,6.188752471611151051e+00
4.589025435838811262e+01,5.956471701636127491e+00
4.591026007430694733e+01,5.546284910140796498e+00
4.593026579022578204e+01,6.246079580346382443e+00
4.595027150614461675e+01,5.716538070164933316e+00
4.597027722206345146e+01,5.685874373711355290e+00
4.599028293798228617e+01,5.280595523906411515e+00
4.601028865390111378e+01,5.647364628245394869e+00
4.603029436981994849e+01,5.677077227560046957e+00
4.605030008573878320e+01,5.850883781509933712e+00
4.607030580165761791e+01,5.356427039878523644e+00
4.609031151757645262e+01,5.547240473630555613e+00
4.611031723349528733e+01,5.403214147327019212e+00
4.613032294941412204e+01,5.473848494147789623e+00
4.615032866533295675e+01,5.614501330790090172e+00
4.617033438125179146e+01,5.989415687381301368e+00
4.619034009717061906e+01,5.361315916057295183e+00
4.621034581308945377e+01,5.633592699396715808e+00
4.623035152900828848e+01,6.767600019607398210e+00
4.625035724492712319e+01,6.397890184479333442e+00
4.627036296084595790e+01,5.653495585459519468e+00
4.629036867676479261e+01,6.209558157193700190e+00
4.631037439268362732e+01,6.721210313155031812e+00
4.633038010860246203e+01,6.111839734432026994e+00
4.635038582452129674e+01,6.384868812637855662e+00
4.637039154044012434e+01,6.251223671031439721e+00
4.639039725635895905e+01,7.114561667561991598e+00
4.641040297227779376e+01,6.340841316175897191e+00
4.643040868819662847e+01,6.766300248135403095e+00
4.645041440411546319e+01,7.865065333990239438e+00
4.647042012003429790e+01,7.442656982298622381e+00
4.649042583595313261e+01,7.688411950807399364e+00
4.651043155187196732e+01,6.971343406357976669e+00
4.653043726779080203e+01,7.720966735111391088e+00
4.655044298370963674e+01,7.583258534442981258e+00
4.657044869962846434e+01,8.280933546104684240e+00
4.659045441554729905e+01,9.002201902127561439e+00
4.661046013146613376e+01,9.419623927981039202e+00
4.663046584738496847e+01,9.381161168209700918e+00
4.665047156330380318e+01,9.109598407399611020e+00
4.667047727922263789e+01,1.001315063104554426e+01
4.669048299514147260e+01,1.005431002048445599e+01
4.671048871106030731e+01,1.054188087335346680e+01
4.673049442697914202e+01,9.862919691930089883e+00
4.675050014289796962e+01,9.409585143744477520e+00
4.677050585881680433e+01,1.056383413896385370e+01
4.679051157473563904e+01,1.027815057634774831e+01
4.681051729065447375e+01,9.904390940814247202e+00
4.683052300657330846e+01,9.715668647447207817e+00
4.685052872249214317e+01,1.003603453073982976e+01
4.687053443841097788e+01,9.296895916980634667e+00
4.689054015432981259e+01,9.212549517975487490e+00
4.691054587024864730e+01,9.188016494084713770e+00
4.693055158616748201e+01,8.424717424297737622e+00
4.695055730208630962e+01,8.799853478837070142e+00
4.697056301800514433e+01,9.327244838539737515e+00
4.699056873392397904e+01,8.157318253218688753e+00
4.701057444984281375e+01,8.161347392484696428e+00
4.703058016576164846e+01,8.376314828107593868e+00
4.705058588168048317e+01,7.856826883805350548e+00
4.707059159759931788e+01,8.060331739348837843e+00
4.709059731351815259e+01,7.952241371029694861e+00
4.711060302943698730e+01,7.709362750441586698e+00
4.713060874535581490e+01,7.872846102159973825e+00
4.715061446127464961e+01,7.870751780644312134e+00
4.717062017719348432e+01,7.785953411118012646e+00
4.719062589311231903e+01,8.367107505272048940e+00
4.721063160903115374e+01,8.618790889218804097e+00
4.723063732494998845e+01,7.665395618539464273e+00
4.725064304086882316e+01,8.478820177967007155e+00
4.727064875678765787e+01,7.895375633235099500e+00
4.729065447270649258e+01,7.410614211262592121e+00
4.731066018862532019e+01,7.260363445100121993e+00
4.733066590454415490e+01,7.699924968097167088e+00
4.735067162046298961e+01,7.510665676057405094e+00
4.737067733638182432e+01,8.106520608078159995e+00
4.739068305230065903e+01,7.073133374280601515e+00
4.741068876821949374e+01,7.255829334891707560e+00
4.743069448413832845e+01,7.756367176884277015e+00
4.745070020005716316e+01,6.496083283226184335e+00
4.747070591597599787e+01,7.470374655920744900e+00
4.749071163189483258e+01,7.296067289694369684e+00
4.751071734781366018e+01,7.212700141951248867e+00
4.753072306373249489e+01,7.075963153350794954e+00
4.755072877965132960e+01,8.133640170156304805e+00
4.757073449557016431e+01,7.242559559968218430e+00
4.759074021148899902e+01,8.045601151235015180e+00
4.761074592740783373e+01,7.966844192167357619e+00
4.763075164332666844e+01,9.004768733301547812e+00
4.765075735924550315e+01,8.246146908383604313e+00
4.767076307516433786e+01,8.507783175789477070e+00
4.769076879108316547e+01,9.348770435590179062e+00
4.771077450700200018e+01,8.799115199006223520e+00
4.773078022292083489e+01,9.161834581710554204e+00
4.775078593883966960e+01,8.462437819841452935e+00
4.777079165475850431e+01,9.057984133713929964e+00
4.779079737067733902e+01,9.053991298456351089e+00
4.781080308659617373e+01,9.505629311561609285e+00
4.783080880251500844e+01,9.030826049160719293e+00
4.785081451843384315e+01,9.303957988955318115e+00
4.787082023435267075e+01,9.883952845935713327e+00
4.789082595027150546e+01,9.781551264091664422e+00
4.791083166619034017e+01,9.759237705958749842e+00
4.793083738210917488e+01,1.058047418842340726e+01
4.795084309802800959e+01,1.023674792184599980e+01
4.797084881394684430e+01,1.029949090563870762e+01
4.799085452986567901e+01,1.086572330547513587e+01
4.801086024578451372e+01,1.157919550841026179e+01
4.803086596170334843e+01,1.204668891071221637e+01
4.805087167762218314e+01,1.319427074825151180e+01
4.807087739354101075e+01,1.213882696467924660e+01
4.809088310945984546e+01,1.314422436923187121e+01
4.811088882537868017e+01,1.376835085803870307e+01
4.813089454129751488e+01,1.366368119048398633e+01
4.815090025721634959e+01,1.445553323588505990e+01
4.817090597313518430e+01,1.601314755076762708e+01
4.819091168905401901e+01,1.691935692114683576e+01
4.821091740497285372e+01,1.692533622495323797e+01
4.823092312089168843e+01,1.818423187042589362e+01
4.825092883681051603e+01,1.834853695113761773e+01
4.827093455272935074e+01,1.896270284656024074e+01
4.829094026864818545e+01,2.002238069548098665e+01
4.831094598456702016e+01,2.120447815784978118e+01
4.833095170048585487e+01,2.055028859975976729e+01
4.835095741640468958e+01,2.183177616051165870e+01
4.837096313232352429e+01,2.237978692683108761e+01
4.839096884824235900e+01,2.226145398465715175e+01
4.841097456416119371e+01,2.336147919554516861e+01
4.843098028008002842e+01,2.310488775840445896e+01
4.845098599599885603e+01,2.419727482172983102e+01
4.847099171191769074e+01,2.396117540858881512e+01
4.849099742783652545e+01,2.422619879327671200e+01
4.851100314375536016e+01,2.395474358463820863e+01
4.853100885967419487e+01,2.395956079796562577e+01
4.855101457559302958e+01,2.316617827689133335e+01
4.857102029151186429e+01,2.206894035051833569e+01
4.859102600743069900e+01,2.184513816921531415e+01
4.861103172334953371e+01,2.140091804952795584e+01
4.863103743926836131e+01,2.040612678034280947e+01
4.865104315518719602e+01,2.009842300924389491e+01
4.867104887110603073e+01,1.856360186681943958e+01
4.869105458702486544e+01,1.872622317929151947e+01
4.871106030294370015e+01,1.749101243857320043e+01
4.873106601886253486e+01,1.558912837213999580e+01
4.875107173478136957e+01,1.508713107702615375e+01
4.877107745070020428e+01,1.417478588507759873e+01
4.879108316661903899e+01,1.356715608348828894e+01
4.881108888253786660e+01,1.208761821032300787e+01
4.883109459845670131e+01,1.223676893066746629e+01
4.885110031437553602e+01,1.194773365548246957e+01
4.887110603029437073e+01,1.098845316932630922e+01
4.889111174621320544e+01,1.031217024195612453e+01
4.891111746213204015e+01,1.088998235758517019e+01
4.893112317805087486e+01,9.808597696644261177e+00
4.895112889396970957e+01,9.882654589560766922e+00
4.897113460988854428e+01,8.398949571089417532e+00
4.899114032580737899e+01,9.769256206509595586e+00
4.901114604172620659e+01,8.448732706700987194e+00
4.903115175764504130e+01,8.662985320889779572e+00
4.905115747356387601e+01,8.052603864071340212e+00
4.907116318948271072e+01,8.253760840943217048e+00
4.909116890540154543e+01,8.279063962603563809e+00
4.911117462132038014e+01,8.186684661975521138e+00
4.913118033723921485e+01,8.432878047005912592e+00
4.915118605315804956e+01,8.494358058744627016e+00
4.917119176907688427e+01,8.530270284872578657e+00
4.919119748499571187e+01,8.736229884619234554e+00
4.921120320091454658e+01,9.099137703904879970e+00
4.923120891683338129e+01,8.254124580685870072e+00
4.925121463275221600e+01,8.837506562282690936e+00
4.927122034867105071e+01,8.507607662671730964e+00
4.929122606458988542e+01,8.879920579720685936e+00
4.931123178050872014e+01,9.358200864748514647e+00
4.933123749642755485e+01,8.800083735995984924e+00
4.935124321234638956e+01,9.129530008349489023e+00
4.937124892826522427e+01,9.167105976025389680e+00
4.939125464418405187e+01,9.723696080577092005e+00
4.941126036010288658e+01,9.113162172431362507e+00
4.943126607602172129e+01,9.205066723523255945e+00
4.945127179194055600e+01,8.414583133695762385e+00
4.947127750785939071e+01,8.546731567856820533e+00
4.949128322377822542e+01,9.495258473262133236e+00
4.951128893969706013e+01,8.427225108829579980e+00
4.953129465561589484e+01,8.488419498290973308e+00
4.955130037153472955e+01,8.565372467437695647e+00
4.957130608745355715e+01,8.193921896412183159e+00
4.959131180337239186e+01,8.442486195043393593e+00
4.961131751929122657e+01,8.503378042035487638e+00
4.963132323521006128e+01,7.917135939495889119e+00
4.965132895112889599e+01,8.298938669005902824e+00
4.967133466704773070e+01,7.439373009911050438e+00
4.969134038296656541e+01,8.560075994452171599e+00
4.971134609888540012e+01,7.991279487851990382e+00
4.973135181480423483e+01,7.299895664386983896e+00
4.975135753072306244e+01,7.548242154874403198e+00
4.977136324664189715e+01,6.925035342276768979e+00
4.979136896256073186e+01,7.414400230869916619e+00
4.981137467847956657e+01,6.526731823340732319e+00
4.983138039439840128e+01,6.132019537079509419e+00
4.985138611031723599e+01,6.980769074245211314e+00
4.987139182623607070e+01,6.501177808655364210e+00
4.989139754215490541e+01,6.786523567422840131e+00
4.991140325807374012e+01,6.735577546430654650e+00
4.993140897399257483e+01,7.066130428972870803e+00
4.995141468991140243e+01,6.081324089511106479e+00
4.997142040583023714e+01,6.462726790168725088e+00
4.999142612174907185e+01,6.411697693970426215e+00
5.001143183766790656e+01,5.577037928221204588e+00
5.003143755358674127e+01,5.340630764984878098e+00
5.005144326950557598e+01,6.050021190263095150e+00
5.007144898542441069e+01,6.140304958836939164e+00
5.009145470134324540e+01,6.326907472425721934e+00
5.011146041726208011e+01,6.388292202984986012e+00
5.013146613318090772e+01,5.364490519554776071e+00
5.015147184909974243e+01,6.049537040103208696e+00
5.017147756501857714e+01,6.625121255366739348e+00
5.019148328093741185e+01,6.346651328425275906e+00
5.021148899685624656e+01,5.750813855320293655e+00
5.023149471277508127e+01,5.796490750811607029e+00
5.025150042869391598e+01,6.738054846739272463e+00
5.027150614461275069e+01,5.963991885413540750e+00
5.029151186053158540e+01,6.514734666697602705e+00
5.031151757645042011e+01,6.204666718883901311e+00
5.033152329236924771e+01,5.824501972537738048e+00
5.035152900828808242e+01,6.872041628252244294e+00
5.037153472420691713e+01,6.114930911270159086e+00
5.039154044012575184e+01,6.004068696942544747e+00
5.041154615604458655e+01,5.914208829883307317e+00
5.043155187196342126e+01,6.246485338468028559e+00
5.045155758788225597e+01,6.575694498870549687e+00
5.047156330380109068e+01,6.722528412144535892e+00
5.049156901971992539e+01,6.341419609277338054e+00
5.051157473563875300e+01,6.625187253502634377e+00
5.053158045155758771e+01,7.201736565539409440e+00
5.055158616747642242e+01,6.818328871440058947e+00
5.057159188339525713e+01,7.698355044543923498e+00
5.059159759931409184e+01,7.702793517769224607e+00
5.061160331523292655e+01,7.183658678179654089e+00
5.063160903115176126e+01,8.371588388488671484e+00
5.065161474707059597e+01,8.806336313471573973e+00
5.067162046298943068e+01,8.371448814338753763e+00
5.069162617890825828e+01,8.762792760463387509e+00
5.071163189482709299e+01,9.019860157823424984e+00
5.073163761074592770e+01,8.926714364043951022e+00
5.075164332666476241e+01,9.050942186420908087e+00
5.077164904258359712e+01,9.637229659264599846e+00
5.079165475850243183e+01,1.040025900093144173e+01
5.081166047442126654e+01,1.066483604050271339e+01
5.083166619034010125e+01,1.035008349392938243e+01
5.085167190625893596e+01,1.098467893293720898e+01
5.087167762217777067e+01,1.181339325738938939e+01
5.089168333809659828e+01,1.148735310011488764e+01
5.091168905401543299e+01,1.050592757723585358e+01
5.093169476993426770e+01,1.156511577324332762e+01
5.095170048585310241e+01,1.120085989987826203e+01
5.097170620177193712e+01,1.085600221253356068e+01
5.099171191769077183e+01,1.147350506383086888e+01
5.101171763360960654e+01,1.169416310721084251e+01
5.103172334952844125e+01,1.100050378120818095e+01
5.105172906544727596e+01,1.199170526826728711e+01
5.107173478136610356e+01,1.158890411854775770e+01
5.109174049728493827e+01,1.186027068013448726e+01
5.111174621320377298e+01,1.267818298280069200e+01
5.113175192912260769e+01,1.290648853386844053e+01
5.115175764504144240e+01,1.283826059678723830e+01
5.117176336096027711e+01,1.307611229516352935e+01
5.119176907687911182e+01,1.439035410095552514e+01
5.121177479279794653e+01,1.421702775222172832e+01
5.123178050871678124e+01,1.399255776970813336e+01
5.125178622463561595e+01,1.370184462365947198e+01
5.127179194055444356e+01,1.408132554333296049e+01
5.129179765647327827e+01,1.489633070774239343e+01
5.131180337239211298e+01,1.405784580276148077e+01
5.133180908831094769e+01,1.487941494588039859e+01
5.135181480422978240e+01,1.512522033026207779e+01
5.137182052014861711e+01,1.475411764961423167e+01
5.139182623606745182e+01,1.471234342247456794e+01
5.141183195198628653e+01,1.385143691311986203e+01
5.143183766790512124e+01,1.379244766683963519e+01
5.145184338382394884e+01,1.437606560197719219e+01
5.147184909974278355e+01,1.414454496959919183e+01
5.149185481566161826e+01,1.389077715420193471e+01
5.151186053158045297e+01,1.397884005459287238e+01
5.153186624749928768e+01,1.270169495160950746e+01
5.155187196341812239e+01,1.188264045974754879e+01
5.157187767933695710e+01,1.216646565917523759e+01
5.159188339525579181e+01,1.125728696264240725e+01
5.161188911117462652e+01,1.039648683713925337e+01
5.163189482709345413e+01,1.018816623754439377e+01
5.165190054301228884e+01,1.008350157491126176e+01
5.167190625893112355e+01,8.927198027442651451e+00
5.169191197484995826e+01,8.252507785566724152e+00
5.171191769076879297e+01,8.269229405256380616e+00
5.173192340668762768e+01,8.053171898008596230e+00
5.175192912260646239e+01,8.854541573287368905e+00
5.177193483852529710e+01,8.255001641450665062e+00
5.179194055444413181e+01,8.226199595698940215e+00
5.181194627036296652e+01,7.959376088458222753e+00
5.183195198628179412e+01,8.717212551183688873e+00
5.185195770220062883e+01,8.625730699811212432e+00
5.187196341811946354e+01,9.353813756480519714e+00
5.189196913403829825e+01,8.242421294039129265e+00
5.191197484995713296e+01,9.338082552800894831e+00
5.193198056587596767e+01,9.245348291965196807e+00
5.195198628179480238e+01,9.215859104250677447e+00
5.197199199771363709e+01,9.924916172751313326e+00
5.199199771363247180e+01,9.409501859211424346e+00
5.201200342955129940e+01,9.882523224251681171e+00
5.203200914547013411e+01,1.024389663981748200e+01
5.205201486138896882e+01,1.008546565674121887e+01
5.207202057730780353e+01,9.714950266413453051e+00
5.209202629322663824e+01,9.819250633747435231e+00
5.211203200914547295e+01,9.953591728796618909e+00
5.213203772506430766e+01,9.386432402626349258e+00
5.215204344098314237e+01,9.550610137281385192e+00
5.217204915690197708e+01,9.846547832481096663e+00
5.219205487282081180e+01,9.306379253405687280e+00
5.221206058873963940e+01,8.950487952560543192e+00
5.223206630465847411e+01,8.761873506942681189e+00
5.225207202057730882e+01,9.079680228344331638e+00
5.227207773649614353e+01,9.193953397780692427e+00
5.229208345241497824e+01,9.131612614892510749e+00
5.231208916833381295e+01,8.796327416845967306e+00
5.233209488425264766e+01,9.409360352707741626e+00
5.235210060017148237e+01,9.373085379073934575e+00
5.237210631609031708e+01,9.124418836082250905e+00
5.239211203200914468e+01,1.006696230908056577e+01
5.241211774792797939e+01,1.002750159165771038e+01
5.243212346384681410e+01,9.086019096470433709e+00
5.245212917976564881e+01,9.267243920051530637e+00
5.247213489568448352e+01,8.992207669163864381e+00
5.249214061160331823e+01,8.471034738556026511e+00
5.251214632752215294e+01,8.221586342124286517e+00
5.253215204344098765e+01,7.836557202791412102e+00
5.255215775935982236e+01,8.058630419730604899e+00
5.257216347527864997e+01,7.870176657512267582e+00
5.259216919119748468e+01,7.854584894295759234e+00
5.261217490711631939e+01,6.714807080624185964e+00
5.263218062303515410e+01,6.945654848740556275e+00
5.265218633895398881e+01,6.587732098878338327e+00
5.267219205487282352e+01,7.365277257044516190e+00
5.269219777079165823e+01,7.091600577544669548e+00
5.271220348671049294e+01,7.362632112771194670e+00
5.273220920262932765e+01,7.090725849719717644e+00
5.275221491854816236e+01,6.172105257812960488e+00
5.277222063446698996e+01,7.117539625535979297e+00
5.279222635038582467e+01,6.482858377321830901e+00
5.281223206630465938e+01,6.698762946698002096e+00
5.283223778222349409e+01,6.713533686471874873e+00
5.285224349814232880e+01,6.479711033039200707e+00
5.287224921406116351e+01,6.158668044679599163e+00
5.289225492997999822e+01,7.454883279908271376e+00
5.291226064589883293e+01,5.957709088232329364e+00
5.293226636181766764e+01,6.239000717953567587e+00
5.295227207773649525e+01,6.716712105499940577e+00
5.297227779365532996e+01,6.409311608395611870e+00
5.299228350957416467e+01,6.572362336948000205e+00
5.301228922549299938e+01,6.504499543340779510e+00
5.303229494141183409e+01,6.570395770081358222e+00
5.305230065733066880e+01,6.842848303739918592e+00
5.307230637324950351e+01,6.571550837226842745e+00
5.309231208916833822e+01,6.846799333206169180e+00
5.311231780508717293e+01,7.108201616763906827e+00
5.313232352100600764e+01,6.666924925756214648e+00
5.315232923692483524e+01,6.251855406488219025e+00
5.317233495284366995e+01,7.274807725349239362e+00
5.319234066876250466e+01,6.795403271290270553e+00
5.321234638468133937e+01,7.001797919295805528e+00
5.323235210060017408e+01,6.355064918231709825e+00
5.325235781651900879e+01,5.846173474076538312e+00
5.327236353243784350e+01,6.135270133455049901e+00
5.329236924835667821e+01,6.518318360162929537e+00
5.331237496427551292e+01,6.879093502047640918e+00
5.333238068019434053e+01,6.869022592383753789e+00
5.335238639611317524e+01,6.452942992146185830e+00
5.337239211203200995e+01,5.827639722899682795e+00
5.339239782795084466e+01,6.691388460890031809e+00
5.341240354386967937e+01,5.751324102579418174e+00
5.343240925978851408e+01,6.465266588305042639e+00
5.345241497570734879e+01,6.916709811249428519e+00
5.347242069162618350e+01,6.629093252958709215e+00
5.349242640754501821e+01,5.588682935692817821e+00
5.351243212346384581e+01,7.211529418100461442e+00
5.353243783938268052e+01,6.228577013595295142e+00
5.355244355530151523e+01,7.128843615341552642e+00
5.357244927122034994e+01,7.426271513950617909e+00
5.359245498713918465e+01,6.736680177843574313e+00
5.361246070305801936e+01,7.480677817051634371e+00
5.363246641897685407e+01,7.184614045867819598e+00
5.365247213489568878e+01,7.857954409471989088e+00
5.367247785081452349e+01,7.727187632320227095e+00
5.369248356673335820e+01,8.215594820606064275e+00
5.371248928265218581e+01,8.524109353807808986e+00
5.373249499857102052e+01,8.414382827850467095e+00
5.375250071448985523e+01,8.948328923285977510e+00
5.377250643040868994e+01,9.000746012691022813e+00
5.379251214632752465e+01,9.558680779381916182e+00
5.381251786224635936e+01,9.007352788035623448e+00
5.383252357816519407e+01,9.625620909216356935e+00
5.385252929408402878e+01,9.422853969745986547e+00
5.387253501000286349e+01,9.950803945798199379e+00
5.389254072592169109e+01,9.166261563327033457e+00
5.391254644184052580e+01,1.014219848172082550e+01
5.393255215775936051e+01,9.588335175006967859e+00
5.395255787367819522e+01,8.447670140398582106e+00
5.397256358959702993e+01,9.707417533923802466e+00
5.399256930551586464e+01,9.316564855832536907e+00
5.401257502143469935e+01,9.263750491275470011e+00
5.403258073735353406e+01,8.178739751504865652e+00
5.405258645327236877e+01,7.572623682068408080e+00
5.407259216919120348e+01,8.026890981189687579e+00
5.409259788511003109e+01,7.897476921530772742e+00
5.411260360102886580e+01,8.038701670040440561e+00
5.413260931694770051e+01,7.985008995767064910e+00
5.415261503286653522e+01,8.088968042522472146e+00
5.417262074878536993e+01,8.373046849593674068e+00
5.419262646470420464e+01,7.598899806991004979e+00
5.421263218062303935e+01,8.507042838078978875e+00
5.423263789654187406e+01,8.176150076225113139e+00
5.425264361246070877e+01,8.883506977447815700e+00
5.427264932837953637e+01,9.053251017126463296e+00
5.429265504429837108e+01,8.671760965183246128e+00
5.431266076021720579e+01,9.644144659592782887e+00
5.433266647613604050e+01,1.008493388460537865e+01
5.435267219205487521e+01,1.026232218449197120e+01
5.437267790797370992e+01,1.112891295681445136e+01
5.439268362389254463e+01,1.180051901183759000e+01
5.441268933981137934e+01,1.200864149954835369e+01
5.443269505573021405e+01,1.237844794205599541e+01
5.445270077164904166e+01,1.249274569275584312e+01
5.447270648756787637e+01,1.332141237705722148e+01
5.449271220348671108e+01,1.495246724072670119e+01
5.451271791940554579e+01,1.518142790356925076e+01
5.453272363532438050e+01,1.541967197043924109e+01
5.455272935124321521e+01,1.583517801364464184e+01
5.457273506716204992e+01,1.675949287478752225e+01
5.459274078308088463e+01,1.646865216441449320e+01
5.461274649899971934e+01,1.688239537650273903e+01
5.463275221491855405e+01,1.743795281560131727e+01
5.465275793083738165e+01,1.678774974093370176e+01
5.467276364675621636e+01,1.712215244246976908e+01
5.469276936267505107e+01,1.745171627028284078e+01
5.471277507859388578e+01,1.758785830310252862e+01
5.473278079451272049e+01,1.601315692649884070e+01
5.475278651043155520e+01,1.671441466707769052e+01
5.477279222635038991e+01,1.573418716067063450e+01
5.479279794226922462e+01,1.612511694616200941e+01
5.481280365818805933e+01,1.525341866865423057e+01
5.483280937410688693e+01,1.403844036724820299e+01
5.485281509002572164e+01,1.374767730565608659e+01
5.487282080594455635e+01,1.344771643900684666e+01
5.489282652186339106e+01,1.309876324872695008e+01
5.491283223778222577e+01,1.271122997058911430e+01
5.493283795370106048e+01,1.228383936304032531e+01
5.495284366961989519e+01,1.153831035769032631e+01
5.497284938553872990e+01,1.158754867797365407e+01
5.499285510145756461e+01,1.103542957195825203e+01
5.501286081737639222e+01,1.071943274937272506e+01
5.503286653329522693e+01,1.036759031210262805e+01
5.505287224921406164e+01,1.017621572687304443e+01
5.507287796513289635e+01,1.014695569472599068e+01
5.509288368105173106e+01,9.674411715725673488e+00
5.511288939697056577e+01,9.845931354419287018e+00
5.513289511288940048e+01,9.023875574999852489e+00
5.515290082880823519e+01,9.621470357334553469e+00
5.517290654472706990e+01,8.939328067708835590e+00
5.519291226064590461e+01,9.553680750510082476e+00
5.521291797656473221e+01,9.650092430515480046e+00
5.523292369248356692e+01,9.246167993116634065e+00
5.525292940840240163e+01,9.497552087079125016e+00
5.527293512432123634e+01,8.814635772043855511e+00
5.529294084024007105e+01,8.942441930246122439e+00
5.531294655615890576e+01,9.296254546452017209e+00
5.533295227207774047e+01,9.114543529423642099e+00
5.535295798799657518e+01,9.688739530515103837e+00
5.537296370391540989e+01,9.764974083510196579e+00
5.539296941983423750e+01,9.913111095117287164e+00
5.541297513575307221e+01,9.934561328640407751e+00
5.543298085167190692e+01,9.808840895463411869e+00
5.545298656759074163e+01,9.806348219282218892e+00
5.547299228350957634e+01,1.025835105624598853e+01
5.549299799942841105e+01,1.004685885122196254e+01
5.551300371534724576e+01,1.026222161012234935e+01
5.553300943126608047e+01,9.293051087210326244e+00
5.555301514718491518e+01,8.936522464700258794e+00
5.557302086310374989e+01,9.344803028279212498e+00
5.559302657902257749e+01,9.395456239660582298e+00
5.561303229494141220e+01,8.399675324988194802e+00
5.563303801086024691e+01,8.507212143545709537e+00
5.565304372677908162e+01,8.699282711659998668e+00
5.567304944269791633e+01,9.183525283826103447e+00
5.569305515861675104e+01,8.117357314178526906e+00
5.571306087453558575e+01,8.632643950526762922e+00
5.573306659045442046e+01,7.988739873102939981e+00
5.575307230637325517e+01,7.893376515803845805e+00
5.577307802229208278e+01,7.279607924576058764e+00
5.579308373821091749e+01,7.961031492441250634e+00
5.581308945412975220e+01,7.315643449148078403e+00
5.583309517004858691e+01,7.227431661485240966e+00
5.585310088596742162e+01,7.119633208953416670e+00
5.587310660188625633e+01,6.178706221405217747e+00
5.589311231780509104e+01,6.257114330371463140e+00
5.591311803372392575e+01,6.650874800956763977e+00
5.593312374964276046e+01,6.836421203311278560e+00
5.595312946556158806e+01,6.598495281675887725e+00
5.597313518148042277e+01,5.645157718502624711e+00
5.599314089739925748e+01,6.411301750775669106e+00
5.601314661331809219e+01,7.155614041978168416e+00
5.603315232923692690e+01,6.241384285854836733e+00
5.605315804515576161e+01,6.438919029897585133e+00
5.607316376107459632e+01,7.308613739172564294e+00
5.609316947699343103e+01,7.296909283789558387e+00
5.611317519291226574e+01,7.543715037435378967e+00
5.613318090883110045e+01,7.113210644766262192e+00
5.615318662474992806e+01,6.927232352632259449e+00
5.617319234066876277e+01,7.543195102259865337e+00
5.619319805658759748e+01,7.480826307230909578e+00
5.621320377250643219e+01,7.902205241819214798e+00
5.623320948842526690e+01,8.436776654486584093e+00
5.625321520434410161e+01,7.889536104014174711e+00
5.627322092026293632e+01,8.191921714664252008e+00
5.629322663618177103e+01,8.043260064748306348e+00
5.631323235210060574e+01,7.970187744679373409e+00
5.633323806801943334e+01,8.570562824252959899e+00
5.635324378393826805e+01,7.957654704402004953e+00
5.637324949985710276e+01,7.832665767503689480e+00
5.639325521577593747e+01,7.787349455265314191e+00
5.641326093169477218e+01,8.190813378766760522e+00
5.643326664761360689e+01,7.184622181222406923e+00
5.645327236353244160e+01,7.388319916110509311e+00
5.647327807945127631e+01,7.291782591588600759e+00
5.649328379537011102e+01,6.819870091381782018e+00
5.651328951128894573e+01,6.628800437471117135e+00
5.653329522720777334e+01,6.133009804636593287e+00
5.655330094312660805e+01,6.794957038634909630e+00
5.657330665904544276e+01,6.166786851764089583e+00
5.659331237496427747e+01,5.693066733912043986e+00
5.661331809088311218e+01,6.394188414009605026e+00
5.663332380680194689e+01,6.092038160959170057e+00
5.665332952272078160e+01,5.655373053185924093e+00
5.667333523863961631e+01,5.868542325574054530e+00
5.669334095455845102e+01,6.245126087590084474e+00
5.671334667047727862e+01,6.280341068045816044e+00
5.673335238639611333e+01,6.067655144750260021e+00
5.675335810231494804e+01,6.445242412346136263e+00
5.677336381823378275e+01,5.914838625656727800e+00
5.679336953415261746e+01,5.850615751470305881e+00
5.681337525007145217e+01,5.636224211238847204e+00
5.683338096599028688e+01,6.012246239761292799e+00
5.685338668190912159e+01,6.053729482881873736e+00
5.687339239782795630e+01,5.783113017947561829e+00
5.689339811374678391e+01,5.828251879654631651e+00
5.691340382966561862e+01,6.588801063889157206e+00
5.693340954558445333e+01,5.829958692610125226e+00
5.695341526150328804e+01,5.407729285809109498e+00
5.697342097742212275e+01,5.704531692877893079e+00
5.699342669334095746e+01,6.059688101693170736e+00
5.701343240925979217e+01,5.730609362378713101e+00
5.703343812517862688e+01,6.397426681933911397e+00
5.705344384109746159e+01,5.483488190081155622e+00
5.707344955701629630e+01,6.332020202750213933e+00
5.709345527293512390e+01,6.231052581629503706e+00
5.711346098885395861e+01,5.237425944973732150e+00
5.713346670477279332e+01,5.742083520989096357e+00
5.715347242069162803e+01,5.520116289606806781e+00
5.717347813661046274e+01,6.072072098779393912e+00
5.719348385252929745e+01,5.741799069693248825e+00
5.721348956844813216e+01,5.868022814621049577e+00
5.723349528436696687e+01,5.611299257107502214e+00
5.725350100028580158e+01,6.008952986759421577e+00
5.727350671620462919e+01,6.389547257781078571e+00
5.729351243212346390e+01,5.558772188261920100e+00
5.731351814804229861e+01,5.605301380976785097e+00
5.733352386396113332e+01,5.297863006252862661e+00
5.735352957987996803e+01,6.165634341720922507e+00
5.737353529579880274e+01,5.267668335937159441e+00
5.739354101171763745e+01,5.581135261618110022e+00
5.741354672763647216e+01,5.920552176199652905e+00
5.743355244355530687e+01,5.843667852522151485e+00
5.745355815947414158e+01,5.510871826781264637e+00
5.747356387539296918e+01,5.728607583695554339e+00
5.749356959131180389e+01,5.612409252078919053e+00
5.751357530723063860e+01,6.129794991214087219e+00
5.753358102314947331e+01,6.284786354438734790e+00
5.755358673906830802e+01,5.585980441029667176e+00
5.757359245498714273e+01,5.701737420846978210e+00
5.759359817090597744e+01,5.334308169952996614e+00
5.761360388682481215e+01,5.198659246144758939e+00
5.763360960274364686e+01,5.882129368607387221e+00
5.765361531866247446e+01,6.458237683951088215e+00
5.767362103458130917e+01,6.407135490227664931e+00
5.769362675050014388e+01,6.407643991470202138e+00
5.771363246641897859e+01,6.237494966644014482e+00
5.773363818233781330e+01,6.490439499537265178e+00
5.775364389825664801e+01,6.198106257911643269e+00
5.777364961417548272e+01,6.726596215335947093e+00
5.779365533009431743e+01,6.946601775936169787e+00
5.781366104601315214e+01,7.086419506697252402e+00
5.783366676193197975e+01,6.105684459274812959e+00
5.785367247785081446e+01,6.687087359829076760e+00
5.787367819376964917e+01,7.329522690863241152e+00
5.789368390968848388e+01,7.717750639317548789e+00
5.791368962560731859e+01,7.701587156340721663e+00
5.793369534152615330e+01,8.920687740294445334e+00
5.795370105744498801e+01,8.666043956132794435e+00
5.797370677336382272e+01,8.701386786594664358e+00
5.799371248928265743e+01,8.930840631115904316e+00
5.801371820520149214e+01,1.035964046724858534e+01
5.803372392112031974e+01,1.015688611705132871e+01
5.805372963703915445e+01,1.035448557905534273e+01
5.807373535295798916e+01,1.162382939176553620e+01
5.809374106887682387e+01,1.159342080473244607e+01
5.811374678479565858e+01,1.287888116053284193e+01
5.813375250071449329e+01,1.247701827343635017e+01
5.815375821663332800e+01,1.341195839475511775e+01
5.817376393255216271e+01,1.333026826124994457e+01
5.819376964847099742e+01,1.402629730532459362e+01
5.821377536438982503e+01,1.464476402102938657e+01
5.823378108030865974e+01,1.457081044101933642e+01
5.825378679622749445e+01,1.384666300930323857e+01
5.827379251214632916e+01,1.342227812199446646e+01
5.829379822806516387e+01,1.419336634473098613e+01
5.831380394398399858e+01,1.455331994682584629e+01
5.833380965990283329e+01,1.453846533416774989e+01
5.835381537582166800e+01,1.458046906909243035e+01
5.837382109174050271e+01,1.381617694785088446e+01
5.839382680765933742e+01,1.371093488426451579e+01
5.841383252357816502e+01,1.371941300939858976e+01
5.843383823949699973e+01,1.336468154861917057e+01
5.845384395541583444e+01,1.279388530431994120e+01
5.847384967133466915e+01,1.346428181607102381e+01
5.849385538725350386e+01,1.279012591621351547e+01
5.851386110317233857e+01,1.219205942299934087e+01
5.853386681909117328e+01,1.163895973701975350e+01
5.855387253501000799e+01,1.077799937393131202e+01
5.857387825092884270e+01,9.705176498539236363e+00
5.859388396684767031e+01,9.700018723789854747e+00
5.861388968276650502e+01,9.007268201799604412e+00
5.863389539868533973e+01,8.609212763077337627e+00
5.865390111460417444e+01,8.312048313628018548e+00
5.867390683052300915e+01,8.375372157859031219e+00
5.869391254644184386e+01,7.085617573415166959e+00
5.871391826236067857e+01,7.801311927273068214e+00
5.873392397827951328e+01,7.430697582424160785e+00
5.875392969419834799e+01,6.679729952331111775e+00
5.877393541011717559e+01,7.125638727911107750e+00
5.879394112603601030e+01,6.267714206285233125e+00
5.881394684195484501e+01,7.098668439691188325e+00
5.883395255787367972e+01,6.014879997367387432e+00
5.885395827379251443e+01,7.000308753248225102e+00
5.887396398971134914e+01,5.955610250939902706e+00
5.889396970563018385e+01,6.069333273582909527e+00
5.891397542154901856e+01,6.591731666946326840e+00
5.893398113746785327e+01,5.843850164265553815e+00
5.895398685338668798e+01,6.770778085416880643e+00
5.897399256930551559e+01,6.250853807101615089e+00
5.899399828522435030e+01,6.318093026703920145e+00
5.901400400114318501e+01,6.604938518686480187e+00
5.903400971706201972e+01,6.574136505782169237e+00
5.905401543298085443e+01,7.025823293621600740e+00
5.907402114889968914e+01,6.068231941879196789e+00
5.909402686481852385e+01,6.848361030370845093e+00
5.911403258073735856e+01,6.946223448439455161e+00
5.913403829665619327e+01,6.396481121937521053e+00
5.915404401257502087e+01,5.739143040585963362e+00
5.917404972849385558e+01,6.481838371389254227e+00
5.919405544441269029e+01,5.728322074028094235e+00
5.921406116033152500e+01,5.925926866270231130e+00
5.923406687625035971e+01,5.869603779148904188e+00
5.925407259216919442e+01,6.192374681744720277e+00
5.927407830808802913e+01,7.114693612606336259e+00
5.929408402400686384e+01,6.388008103205160104e+00
5.931408973992569855e+01,6.528647270939510250e+00
5.933409545584453326e+01,6.428043619318332347e+00
5.935410117176336087e+01,6.848585566983573791e+00
5.937410688768219558e+01,6.888693934245508466e+00
5.939411260360103029e+01,6.483415610058726131e+00
5.941411831951986500e+01,6.711252121434635676e+00
5.943412403543869971e+01,6.278620241797142398e+00
5.945412975135753442e+01,6.744058799312781183e+00
5.947413546727636913e+01,6.581628669604802084e+00
5.949414118319520384e+01,6.929421281492874840e+00
5.951414689911403855e+01,7.188513309623129288e+00
5.953415261503286615e+01,7.077166872497439698e+00
5.955415833095170086e+01,7.053343652369935768e+00
5.957416404687053557e+01,6.877494976237342073e+00
5.959416976278937028e+01,7.473304415570613202e+00
5.961417547870820499e+01,6.810380557808452195e+00
5.963418119462703970e+01,7.123681721731008665e+00
5.965418691054587441e+01,7.558457074241261786e+00
5.967419262646470912e+01,8.732960246735117948e+00
5.969419834238354383e+01,7.896782643675312130e+00
5.971420405830237144e+01,8.157452057447098781e+00
5.973420977422120615e+01,8.589681249220268100e+00
5.975421549014004086e+01,8.659584902244827020e+00
5.977422120605887557e+01,8.539622292083585364e+00
5.979422692197771028e+01,8.791315895469256958e+00
5.981423263789654499e+01,8.710737650785144837e+00
5.983423835381537970e+01,9.044900312107142071e+00
5.985424406973421441e+01,9.115457608165481673e+00
5.987424978565304912e+01,9.282631967357097835e+00
5.989425550157188383e+01,9.882196770179040968e+00
5.991426121749071143e+01,1.001971496350669710e+01
5.993426693340954614e+01,1.016632500233290770e+01
5.995427264932838085e+01,1.018652892304459101e+01
5.997427836524721556e+01,1.116772167744622912e+01
5.999428408116605027e+01,1.160439577962430846e+01
6.001428979708488498e+01,1.245420033504297663e+01
6.003429551300371969e+01,1.256687395127420004e+01
6.005430122892255440e+01,1.324784231364833076e+01
6.007430694484138911e+01,1.415332297168122722e+01
6.009431266076021672e+01,1.454159755623437000e+01
6.011431837667905143e+01,1.573140033141880778e+01
6.013432409259788614e+01,1.679053460594305847e+01
6.015432980851672085e+01,1.733883190328716495e+01
6.017433552443555556e+01,1.814979649866999623e+01
6.019434124035439027e+01,1.887479089326323134e+01
6.021434695627322498e+01,2.040003341794943026e+01
6.023435267219205969e+01,2.082308196248852994e+01
6.025435838811089440e+01,2.213747073667490639e+01
6.027436410402972911e+01,2.274893781067686405e+01
6.029436981994855671e+01,2.285072073645144641e+01
6.031437553586739142e+01,2.370100884856335455e+01
6.033438125178622613e+01,2.534840770547975453e+01
6.035438696770506084e+01,2.480774990135892821e+01
6.037439268362389555e+01,2.530375151544817669e+01
6.039439839954273026e+01,2.639506035922991245e+01
6.041440411546156497e+01,2.570402146190463100e+01
6.043440983138039968e+01,2.579718288135820714e+01
6.045441554729923439e+01,2.467341722411492100e+01
6.047442126321806199e+01,2.482771743401448816e+01
6.049442697913689670e+01,2.475499055173762031e+01
6.051443269505573141e+01,2.428485590725117405e+01
6.053443841097456612e+01,2.326512976756522733e+01
6.055444412689340083e+01,2.319285108510776894e+01
6.057444984281223554e+01,2.276794161814421003e+01
6.059445555873107025e+01,2.125228957102073579e+01
6.061446127464990496e+01,2.069826711172254008e+01
6.063446699056873967e+01,2.041857705563524661e+01
6.065447270648756728e+01,1.852929276235415301e+01
6.067447842240640199e+01,1.877186877467621429e+01
6.069448413832523670e+01,1.683963999433790093e+01
6.071448985424407141e+01,1.588805418493713439e+01
6.073449557016290612e+01,1.508797776818527048e+01
6.075450128608174083e+01,1.473455795910873078e+01
6.077450700200057554e+01,1.370744289488181877e+01
6.079451271791941025e+01,1.225169420043701152e+01
6.081451843383824496e+01,1.225960155624103898e+01
6.083452414975707967e+01,1.147316119909502063e+01
6.085452986567590727e+01,1.007905063488092345e+01
6.087453558159474198e+01,1.096578544552917300e+01
6.089454129751357669e+01,1.042650457000131503e+01
6.091454701343241140e+01,1.017016947019435236e+01
6.093455272935124611e+01,9.551472126487560388e+00
6.095455844527008082e+01,9.667978006014600112e+00
6.097456416118891553e+01,8.320090334907739305e+00
6.099456987710775024e+01,7.638374761717582118e+00
6.101457559302658495e+01,8.516738983719406519e+00
6.103458130894541256e+01,7.761939815014856414e+00
6.105458702486424727e+01,7.842339766642242083e+00
6.107459274078308198e+01,7.890212682012965217e+00
6.109459845670191669e+01,7.428319542467798797e+00
6.111460417262075140e+01,7.624688923084137926e+00
6.113460988853958611e+01,7.483992348704616049e+00
6.115461560445842082e+01,6.811025978425769623e+00
6.117462132037725553e+01,7.958681164412201525e+00
6.119462703629609024e+01,7.639230854616503308e+00
6.121463275221492495e+01,8.246266441129593616e+00
6.123463846813375255e+01,8.376539039334289782e+00
6.125464418405258726e+01,8.460378320295399490e+00
6.127464989997142197e+01,8.070121066640854934e+00
6.129465561589025668e+01,7.958979609336862993e+00
6.131466133180909139e+01,8.671102094650976255e+00
6.133466704772792610e+01,8.792223469921257362e+00
6.135467276364676081e+01,8.552525690268073078e+00
6.137467847956559552e+01,8.790733286195168361e+00
6.139468419548443023e+01,9.443583656465543541e+00
6.141468991140325784e+01,8.447763239662879897e+00
6.143469562732209255e+01,9.307979856224342541e+00
6.145470134324092726e+01,9.226209154555114367e+00
6.147470705915976197e+01,1.015255489657114651e+01
6.149471277507859668e+01,1.045293951642540442e+01
6.151471849099743139e+01,1.011930397905208956e+01
6.153472420691626610e+01,1.077791794439510298e+01
6.155472992283510081e+01,1.205389016580294381e+01
6.157473563875393552e+01,1.153832059691365330e+01
6.159474135467276312e+01,1.229320546562269456e+01
6.161474707059159783e+01,1.240328148030335775e+01
6.163475278651043254e+01,1.258520793368194646e+01
6.165475850242926725e+01,1.347628377042811643e+01
6.167476421834810196e+01,1.410464271414022441e+01
6.169476993426693667e+01,1.441443205900733204e+01
6.171477565018577138e+01,1.488652623109901185e+01
6.173478136610460609e+01,1.440477251842044915e+01
6.175478708202344080e+01,1.483737850443437623e+01
6.177479279794227551e+01,1.401876932446437252e+01
6.179479851386110312e+01,1.361775326553774690e+01
6.181480422977993783e+01,1.292730286138453977e+01
6.183480994569877254e+01,1.267627324421520996e+01
6.185481566161760725e+01,1.171730604523322761e+01
6.187482137753644196e+01,1.144729534377773383e+01
6.189482709345527667e+01,9.951911729008267926e+00
6.191483280937411138e+01,1.040317425946359009e+01
6.193483852529294609e+01,9.345099020380187582e+00
6.195484424121178080e+01,8.515603075146259471e+00
6.197484995713060840e+01,7.483067477710955373e+00
6.199485567304944311e+01,7.614101144631584717e+00
6.201486138896827782e+01,7.571163141963800136e+00
6.203486710488711253e+01,7.134167932845059568e+00
6.205487282080594724e+01,7.071654135631099791e+00
6.207487853672478195e+01,6.939046108357365128e+00
6.209488425264361666e+01,6.942011847230910249e+00
6.211488996856245137e+01,5.877899146506200267e+00
6.213489568448128608e+01,5.535881650816723898e+00
6.215490140040011369e+01,6.486802433368930920e+00
6.217490711631894840e+01,6.284633316181373885e+00
6.219491283223778311e+01,6.030942344524026666e+00
6.221491854815661782e+01,6.338841610012568850e+00
6.223492426407545253e+01,5.967710230450942177e+00
6.225492997999428724e+01,6.694552745502317492e+00
6.227493569591312195e+01,5.850499223047977537e+00
6.229494141183195666e+01,6.574950816983569979e+00
6.231494712775079137e+01,5.956793299415261700e+00
6.233495284366962608e+01,6.176815143436607869e+00
6.235495855958845368e+01,5.539672719446617322e+00
6.237496427550728839e+01,6.164246404568211268e+00
6.239496999142612310e+01,5.518506131321766262e+00
6.241497570734495781e+01,6.648491467123633925e+00
6.243498142326379252e+01,6.673067389430154428e+00
6.245498713918262723e+01,5.936074194689780370e+00
6.247499285510146194e+01,6.554331807760582329e+00
6.249499857102029665e+01,6.198630191018763114e+00
6.251500428693913136e+01,5.758762966789950255e+00
6.253501000285795897e+01,7.137754485217808309e+00
6.255501571877679368e+01,6.287393206285742941e+00
6.257502143469562839e+01,6.059615490668361915e+00
6.259502715061446310e+01,6.941215528395315637e+00
6.261503286653329781e+01,5.796396465438689916e+00
6.263503858245213252e+01,6.250187302983214011e+00
6.265504429837096723e+01,6.347951572448534030e+00
6.267505001428980194e+01,5.782112344327868136e+00
6.269505573020863665e+01,6.315638533207620142e+00
6.271506144612747136e+01,6.479567781046605468e+00
6.273506716204629896e+01,5.798201584208408477e+00
6.275507287796513367e+01,6.816379551326905428e+00
6.277507859388396838e+01,5.814481847516983493e+00
6.279508430980280309e+01,5.575280868118203337e+00
6.281509002572163780e+01,6.418412333061258579e+00
6.283509574164047251e+01,5.510714613574400289e+00
6.285510145755930722e+01,5.932954521102006495e+00
6.287510717347814193e+01,6.228340825102170797e+00
6.289511288939697664e+01,6.533927108707518805e+00
6.291511860531580425e+01,5.927103713583699474e+00
6.293512432123463896e+01,5.913301270806678112e+00
6.295513003715347367e+01,5.486289858195457114e+00
6.297513575307230838e+01,5.850976439249611971e+00
6.299514146899114309e+01,6.343761748225918318e+00
6.301514718490997780e+01,6.379687783352197883e+00
6.303515290082881251e+01,6.388577794382941377e+00
6.305515861674764722e+01,6.771894090801188426e+00
6.307516433266648193e+01,6.966202239036661581e+00
6.309517004858530953e+01,6.484532358879974367e+00
6.311517576450414424e+01,6.759443156097877825e+00
6.313518148042297895e+01,7.332315510055793517e+00
6.315518719634181366e+01,6.165041614865760522e+00
6.317519291226064837e+01,6.958451944407644696e+00
6.319519862817948308e+01,6.382597421024022388e+00
6.321520434409831779e+01,6.903865123242972857e+00
6.323521006001715250e+01,7.131732286140199051e+00
6.325521577593598721e+01,6.179149048358528518e+00
6.327522149185482192e+01,6.621058434123600733e+00
6.329522720777364952e+01,6.396926175443558904e+00
6.331523292369248423e+01,6.635771560070068631e+00
6.333523863961131894e+01,6.120722516952014303e+00
6.335524435553015365e+01,6.910300398509071407e+00
6.337525007144898836e+01,6.960524718523016574e+00
6.339525578736782307e+01,6.339006327477848757e+00
6.341526150328665778e+01,6.113274215486665497e+00
6.343526721920549249e+01,5.210509120026102003e+00
6.345527293512432720e+01,5.731897760180759249e+00
6.347527865104315481e+01,6.589045916124609548e+00
6.349528436696198952e+01,5.919304583833087108e+00
6.351529008288082423e+01,5.345069539100904876e+00
6.353529579879965894e+01,5.783756167578696150e+00
6.355530151471849365e+01,6.047171990585525236e+00
6.357530723063732836e+01,6.452601726381937297e+00
6.359531294655616307e+01,5.897240108891617538e+00
6.361531866247499778e+01,6.244925263703574814e+00
6.363532437839383249e+01,5.834732443694927717e+00
6.365533009431266720e+01,5.740409756198301849e+00
6.367533581023149480e+01,5.812950865875269102e+00
6.369534152615032951e+01,6.281433581000818833e+00
6.371534724206916422e+01,5.769333160013517592e+00
6.373535295798799893e+01,5.822000745775358865e+00
6.375535867390683364e+01,5.963328452631962762e+00
6.377536438982566835e+01,6.395250692384362168e+00
6.379537010574450306e+01,5.658060328211553802e+00
6.381537582166333777e+01,6.661757990574587396e+00
6.383538153758217248e+01,6.035386210615405034e+00
6.385538725350100009e+01,6.253891623228984287e+00
6.387539296941983480e+01,6.101130096584268081e+00
6.389539868533866951e+01,5.448144944388017663e+00
6.391540440125750422e+01,6.505345145942412088e+00
6.393541011717633893e+01,5.923519386159080469e+00
6.395541583309517364e+01,5.745346520719492034e+00
6.397542154901400835e+01,5.224878535499861698e+00
6.399542726493284306e+01,5.749153651788753372e+00
6.401543298085167066e+01,5.573631346216973981e+00
6.403543869677051248e+01,5.033760246340337474e+00
6.405544441268934008e+01,5.699420284359496769e+00
6.407545012860816769e+01,5.821110983949292716e+00
6.409545584452700950e+01,5.558530749220778944e+00
6.411546156044585132e+01,5.397726678496173491e+00
6.413546727636467892e+01,5.942280587158629501e+00
6.415547299228350653e+01,6.206755081779002481e+00
6.417547870820234834e+01,5.127683138561287990e+00
6.419548442412119016e+01,6.191689705589936032e+00
6.421549014004001776e+01,5.467885061455541873e+00
6.423549585595884537e+01,5.594749728249460929e+00
6.425550157187768718e+01,5.240512148300859430e+00
6.427550728779651479e+01,5.876090657060377254e+00
6.429551300371534239e+01,5.666651171742301152e+00
6.431551871963418421e+01,6.324208724218253863e+00
6.433552443555302602e+01,5.505337890306748250e+00
6.435553015147185363e+01,6.092403103824228339e+00
6.437553586739068123e+01,6.487051501902074691e+00
6.439554158330952305e+01,6.208282266701957042e+00
6.441554729922835065e+01,6.165394150958603880e+00
6.443555301514717826e+01,5.560932354718168824e+00
6.445555873106602007e+01,5.130823101972842082e+00
6.447556444698486189e+01,6.084522212575114608e+00
6.449557016290368949e+01,6.072804138572022836e+00
6.451557587882251710e+01,6.068294575067385566e+00
6.453558159474135891e+01,6.238366782905384156e+00
6.455558731066020073e+01,6.408985145686472151e+00
6.457559302657902833e+01,5.657615676551570161e+00
6.459559874249785594e+01,5.263220972042238266e+00
6.461560445841669775e+01,5.858686497315595432e+00
6.463561017433552536e+01,5.325384299134434229e+00
6.465561589025435296e+01,5.549156500379725188e+00
6.467562160617319478e+01,5.721252449100322934e+00
6.469562732209203659e+01,6.881228548949860802e+00
6.471563303801086420e+01,5.720658541907333472e+00
6.473563875392969180e+01,6.855563785991891201e+00
6.475564446984853362e+01,6.882395105101657862e+00
6.477565018576737543e+01,6.593555225326758418e+00
6.479565590168618883e+01,6.614727702772362328e+00
6.481566161760503064e+01,6.564569847030382377e+00
6.483566733352387246e+01,6.395858290619484521e+00
6.485567304944270006e+01,7.263720989946394369e+00
6.487567876536152767e+01,6.959819656060738602e+00
6.489568448128036948e+01,7.001925615465719233e+00
6.491569019719921130e+01,7.342663406295228512e+00
6.493569591311803890e+01,7.528592290503090645e+00
6.495570162903686651e+01,7.112219095812630343e+00
6.497570734495570832e+01,7.648073100612398534e+00
6.499571306087453593e+01,7.748692068312292847e+00
6.501571877679336353e+01,7.877806499208508839e+00
6.503572449271220535e+01,8.245928515153208238e+00
6.505573020863104716e+01,8.201533939852353683e+00
6.507573592454987477e+01,8.163765067718637525e+00
6.509574164046870237e+01,8.212679744006784688e+00
6.511574735638754419e+01,8.694681595133863183e+00
6.513575307230638600e+01,8.712048404220515962e+00
6.515575878822521361e+01,9.022217510006258934e+00
6.517576450414404121e+01,8.746340630002496397e+00
6.519577022006288303e+01,8.690328740111409545e+00
6.521577593598171063e+01,8.861509959340082787e+00
6.523578165190053824e+01,8.795222052963858062e+00
6.525578736781938005e+01,8.806215534473507134e+00
6.527579308373822187e+01,9.109034232328864888e+00
6.529579879965704947e+01,8.165108329060156933e+00
6.531580451557587708e+01,8.665654931950086848e+00
6.533581023149471889e+01,8.617176579049537821e+00
6.535581594741354650e+01,7.018088408169791848e+00
6.537582166333237410e+01,7.074420074051886331e+00
6.539582737925121592e+01,7.403847506236162168e+00
6.541583309517005773e+01,6.897206333533388189e+00
6.543583881108888534e+01,7.584002822501535235e+00
6.545584452700771294e+01,6.883377614156087176e+00
6.547585024292655476e+01,6.706532715188384230e+00
6.549585595884539657e+01,5.899453068669082256e+00
6.551586167476422418e+01,6.316397829238338701e+00
6.553586739068305178e+01,6.647827989107910618e+00
6.555587310660189360e+01,5.756436342919938554e+00
6.557587882252072120e+01,6.152485771092040423e+00
6.559588453843954881e+01,6.865739146184609787e+00
6.561589025435839062e+01,6.009352408362746090e+00
6.563589597027723244e+01,6.493527491155827391e+00
6.565590168619606004e+01,6.036729776815405124e+00
6.567590740211488765e+01,6.633607780586888936e+00
6.569591311803372946e+01,6.116496107017061590e+00
6.571591883395257128e+01,6.615477283015034793e+00
6.573592454987138467e+01,5.674212499962327350e+00
6.575593026579022649e+01,6.360908650975573231e+00
6.577593598170906830e+01,6.084812843006448091e+00
6.579594169762789591e+01,6.187184107453818527e+00
6.581594741354672351e+01,6.700545276691665109e+00
6.583595312946556533e+01,5.633516460753552835e+00
6.585595884538440714e+01,6.449102214191243299e+00
6.587596456130323475e+01,6.591997184944561994e+00
6.589597027722206235e+01,5.940832897901756837e+00
6.591597599314090417e+01,6.142413631875852431e+00
6.593598170905973177e+01,5.840074260002380058e+00
6.595598742497855937e+01,6.016332728871457647e+00
6.597599314089740119e+01,6.179158511242823337e+00
6.599599885681624301e+01,5.577155355021753635e+00
6.601600457273507061e+01,6.449976376634261044e+00
6.603601028865389821e+01,6.091359585086673967e+00
6.605601600457274003e+01,6.010001421707363178e+00
6.607602172049158185e+01,6.302388029922694201e+00
6.609602743641040945e+01,6.157534123075102173e+00
6.611603315232923705e+01,5.967505497509062451e+00
6.613603886824807887e+01,5.605938412408509208e+00
6.615604458416690647e+01,5.189533268780599506e+00
6.617605030008573408e+01,5.641941877428193308e+00
6.619605601600457589e+01,6.605576690170448018e+00
6.621606173192341771e+01,6.098261764030314502e+00
6.623606744784224531e+01,6.901969009869413085e+00
6.625607316376107292e+01,6.218527779663444832e+00
6.627607887967991473e+01,6.194527249583764217e+00
6.629608459559874234e+01,6.178368628911663052e+00
6.631609031151756994e+01,5.812826233448291191e+00
6.633609602743641176e+01,6.160761918955378391e+00
6.635610174335525357e+01,6.412570017099654685e+00
6.637610745927408118e+01,6.279670860422147172e+00
6.639611317519290878e+01,6.082787166135000589e+00
6.641611889111175060e+01,7.128920310922203463e+00
6.643612460703059241e+01,7.152408888996628633e+00
6.645613032294942002e+01,6.851606559408602415e+00
6.647613603886824762e+01,7.132773282107681467e+00
6.649614175478708944e+01,7.165556873612340283e+00
6.651614747070591704e+01,7.114228714653449970e+00
6.653615318662474465e+01,7.571072369207572983e+00
6.655615890254358646e+01,7.168916695906662362e+00
6.657616461846242828e+01,7.903549044784439204e+00
6.659617033438125588e+01,7.957585291226198621e+00
6.661617605030008349e+01,8.694142421708804136e+00
6.663618176621892530e+01,8.375668924430470952e+00
6.665618748213776712e+01,7.487976648644632860e+00
6.667619319805658051e+01,8.091708339629615665e+00
6.669619891397542233e+01,8.786962303432490629e+00
6.671620462989426414e+01,8.914633756523638652e+00
6.673621034581309175e+01,8.260953241090655652e+00
6.675621606173191935e+01,8.335408338791886251e+00
6.677622177765076117e+01,9.014959095916175613e+00
6.679622749356960298e+01,8.801626790383258125e+00
6.681623320948843059e+01,8.222076894955769433e+00
6.683623892540725819e+01,8.449272136379235576e+00
6.685624464132610001e+01,7.720529823675606806e+00
6.687625035724492761e+01,6.799685597830966266e+00
6.689625607316375522e+01,7.793731841542971495e+00
6.691626178908259703e+01,7.781316238559716325e+00
6.693626750500143885e+01,7.519588274487352564e+00
6.695627322092026645e+01,7.271849487052090666e+00
6.697627893683909406e+01,7.005866077134665915e+00
6.699628465275793587e+01,6.605639684416792612e+00
6.701629036867677769e+01,6.984091741353392280e+00
6.703629608459560529e+01,7.062573643246039090e+00
6.705630180051443290e+01,7.257698588626572800e+00
6.707630751643327471e+01,6.692549564814185281e+00
6.709631323235210232e+01,6.942588494589566395e+00
6.711631894827092992e+01,6.841071182448454024e+00
6.713632466418977174e+01,6.455227835930731572e+00
6.715633038010861355e+01,6.461260295086832528e+00
6.717633609602744116e+01,6.282248708377704105e+00
6.719634181194626876e+01,5.952787123639749822e+00
6.721634752786511058e+01,6.228486521173925539e+00
6.723635324378393818e+01,6.736230295815442304e+00
6.725635895970276579e+01,5.896335886201629073e+00
6.727636467562160760e+01,5.955683138414043398e+00
6.729637039154044942e+01,6.272613447908037543e+00
6.731637610745927702e+01,5.634605838379954434e+00
6.733638182337810463e+01,5.401943368173478532e+00
6.735638753929694644e+01,5.672387634902245068e+00
6.737639325521578826e+01,5.337488550906456908e+00
6.739639897113461586e+01,5.862280698860523387e+00
6.741640468705344347e+01,6.485334248891543751e+00
6.743641040297228528e+01,6.327127117785781074e+00
6.745641611889111289e+01,5.869235241350491350e+00
6.747642183480994049e+01,5.220301376196992749e+00
6.749642755072878231e+01,5.817104180908821753e+00
6.751643326664762412e+01,6.609474986586549861e+00
6.753643898256645173e+01,6.223296141898111422e+00
6.755644469848527933e+01,6.534592103508389371e+00
6.757645041440412115e+01,6.822075460973798577e+00
6.759645613032296296e+01,6.350680163514479837e+00
6.761646184624177636e+01,5.928553551295919988e+00
6.763646756216061817e+01,5.604723288321643793e+00
6.765647327807945999e+01,6.820852397155594105e+00
6.767647899399828759e+01,6.199488780673798161e+00
6.769648470991711520e+01,6.336421013116322776e+00
6.771649042583595701e+01,5.603365633178104765e+00
6.773649614175479883e+01,6.047510526521750585e+00
6.775650185767362643e+01,5.756163979352622917e+00
6.777650757359245404e+01,5.579380887781703713e+00
6.779651328951129585e+01,5.796383762359338832e+00
6.781651900543012346e+01,5.736219900195791865e+00
6.783652472134895106e+01,6.226498373614038684e+00
6.785653043726779288e+01,5.594517255003983891e+00
6.787653615318663469e+01,5.726722175979197971e+00
6.789654186910546230e+01,5.755472104029792035e+00
6.791654758502428990e+01,5.588484282224141175e+00
6.793655330094313172e+01,5.951473510549774026e+00
6.795655901686197353e+01,6.352161475450007089e+00
6.797656473278080114e+01,6.565505127983367828e+00
6.799657044869962874e+01,6.437121414633245386e+00
6.801657616461847056e+01,5.317850638972482891e+00
6.803658188053729816e+01,7.087597971255750195e+00
6.805658759645612577e+01,6.484316963673547818e+00
6.807659331237496758e+01,5.973666722906161297e+00
6.809659902829380940e+01,5.867123010752138157e+00
6.811660474421263700e+01,6.331205344121391576e+00
6.813661046013146461e+01,6.862853714474308475e+00
6.815661617605030642e+01,6.656703273440477631e+00
6.817662189196913403e+01,6.947114830205059377e+00
6.819662760788796163e+01,6.725778737311280508e+00
6.821663332380680345e+01,6.644682997776746092e+00
6.823663903972564526e+01,7.009723094137447319e+00
6.825664475564447287e+01,6.880561427369315197e+00
6.827665047156330047e+01,6.960303452847096395e+00
6.829665618748214229e+01,6.526500788976759893e+00
6.831666190340098410e+01,6.352402415368414879e+00
6.833666761931981171e+01,6.712961962920319436e+00
6.835667333523863931e+01,6.389867174092504598e+00
6.837667905115748113e+01,6.534366378856522495e+00
6.839668476707630873e+01,5.596331341757867506e+00
6.841669048299513634e+01,5.641620041123122320e+00
6.843669619891397815e+01,6.785872054303801804e+00
6.845670191483281997e+01,6.467902603041374654e+00
6.847670763075164757e+01,6.119672751662937671e+00
6.849671334667047518e+01,7.155423697540587824e+00
6.851671906258931699e+01,6.693274983334019268e+00
6.853672477850815881e+01,6.788345865320738248e+00
6.855673049442697220e+01,6.441249802316332485e+00
6.857673621034581402e+01,7.329020247255293441e+00
6.859674192626465583e+01,6.542406591913406899e+00
6.861674764218348344e+01,7.314483150982516335e+00
6.863675335810231104e+01,7.569151180426025860e+00
6.865675907402115286e+01,8.377995412759650762e+00
6.867676478993999467e+01,9.102183445373039916e+00
6.869677050585882228e+01,8.703545850611627444e+00
6.871677622177764988e+01,9.231025668481580126e+00
6.873678193769649170e+01,9.490607056585167456e+00
6.875678765361531930e+01,9.773485196086690863e+00
6.877679336953414690e+01,1.018947462672796433e+01
6.879679908545298872e+01,1.144506109038168873e+01
6.881680480137183054e+01,1.156277523710241084e+01
6.883681051729065814e+01,1.196737600149439018e+01
6.885681623320948574e+01,1.228735746162856302e+01
6.887682194912832756e+01,1.196426027995914509e+01
6.889682766504716938e+01,1.163764430346150824e+01
6.891683338096599698e+01,1.162405087777635870e+01
6.893683909688482458e+01,1.249727864589396731e+01
6.895684481280366640e+01,1.124647070126247073e+01
6.897685052872249400e+01,1.181149671847552796e+01
6.899685624464132161e+01,1.190415040410597136e+01
6.901686196056016342e+01,1.129528486592212921e+01
6.903686767647900524e+01,1.089649130597383753e+01
6.905687339239783284e+01,1.148798397466364918e+01
6.907687910831666045e+01,1.130537323256661786e+01
6.909688482423550226e+01,1.034863819325849832e+01
6.911689054015432987e+01,1.052576384494365236e+01
6.913689625607315747e+01,9.612678971930691318e+00
6.915690197199199929e+01,9.626777190908734738e+00
6.917690768791084110e+01,8.567111009414027478e+00
6.919691340382966871e+01,8.688761325256130874e+00
6.921691911974849631e+01,8.063314684524904408e+00
6.923692483566733813e+01,7.107316883319432677e+00
6.925693055158617994e+01,7.605598414594690659e+00
6.927693626750500755e+01,7.721420341374027885e+00
6.929694198342383515e+01,7.924148912819675594e+00
6.931694769934267697e+01,7.048100201743871196e+00
6.933695341526150457e+01,7.665416609390321767e+00
6.935695913118033218e+01,6.660605422653608443e+00
6.937696484709917399e+01,6.701329436526818562e+00
6.939697056301801581e+01,6.974189922869665992e+00
6.941697627893684341e+01,7.809062918708301382e+00
6.943698199485567102e+01,7.389475048198063334e+00
6.945698771077451283e+01,7.883161745807187870e+00
6.947699342669335465e+01,8.688005595464268538e+00
6.949699914261216804e+01,8.591920415857075000e+00
6.951700485853100986e+01,8.320125531841615185e+00
6.953701057444985167e+01,9.119183191941578670e+00
6.955701629036867928e+01,8.468989060640959465e+00
6.957702200628750688e+01,8.614927154558296607e+00
6.959702772220634870e+01,9.055631685789553131e+00
6.961703343812519051e+01,8.742270136108952983e+00
6.963703915404401812e+01,8.738475204886405834e+00
6.965704486996284572e+01,8.587415097380866058e+00
6.967705058588168754e+01,9.205510512791420297e+00
6.969705630180051514e+01,8.238339640868982627e+00
6.971706201771934275e+01,8.552561461534256892e+00
6.973706773363818456e+01,8.267124576269118563e+00
6.975707344955702638e+01,8.408980411334146865e+00
6.977707916547585398e+01,7.851750097606691625e+00
6.979708488139468159e+01,7.428030340976020440e+00
6.981709059731352340e+01,7.799107447306127483e+00
6.983709631323236522e+01,7.444898089538639852e+00
6.985710202915119282e+01,8.120419520135186531e+00
6.987710774507002043e+01,7.310354490205089206e+00
6.989711346098886224e+01,8.317121843447003116e+00
6.991711917690768985e+01,7.375903465885557786e+00
6.993712489282651745e+01,7.889463448520846356e+00
6.995713060874535927e+01,8.045337103026398040e+00
6.997713632466420108e+01,7.969199340663963405e+00
6.999714204058302869e+01,7.824860733421530767e+00
7.001714775650185629e+01,7.390845163038024523e+00
7.003715347242069811e+01,7.761433740297618122e+00
7.005715918833952571e+01,7.530090721061098336e+00
7.007716490425835332e+01,7.071322920157209424e+00
7.009717062017719513e+01,6.753704228458801140e+00
7.011717633609603695e+01,6.992268645591806830e+00
7.013718205201486455e+01,6.997560408788306319e+00
7.015718776793369216e+01,6.676679605476874002e+00
7.017719348385253397e+01,7.052721531380704789e+00
7.019719919977137579e+01,6.306404981159011491e+00
7.021720491569020339e+01,6.720315213497896067e+00
7.023721063160903100e+01,7.143187843907393031e+00
7.025721634752787281e+01,6.880269736212023091e+00
7.027722206344670042e+01,6.765823929758466804e+00
7.029722777936552802e+01,6.792791333986267333e+00
7.031723349528436984e+01,7.220676120735637582e+00
7.033723921120321165e+01,7.565852499989160762e+00
7.035724492712203926e+01,7.420494660257146435e+00
7.037725064304086686e+01,8.071764513983424649e+00
7.039725635895970868e+01,7.268977845503139079e+00
7.041726207487855049e+01,8.036926483977431701e+00
7.043726779079736389e+01,8.803916799618789923e+00
7.045727350671620570e+01,8.491589853362356166e+00
7.047727922263504752e+01,8.534256877223537430e+00
7.049728493855387512e+01,9.218294918459886134e+00
7.051729065447270273e+01,8.759682867814383656e+00
7.053729637039154454e+01,9.381940383937276806e+00
7.055730208631038636e+01,9.943911836127544035e+00
7.057730780222921396e+01,9.949665789767578872e+00
7.059731351814804157e+01,1.033427369170210142e+01
7.061731923406688338e+01,1.006275831756075689e+01
7.063732494998571099e+01,9.215980768892174879e+00
7.065733066590453859e+01,1.065773677480634518e+01
7.067733638182338041e+01,1.026261297739288736e+01
7.069734209774222222e+01,1.130411047725669071e+01
7.071734781366104983e+01,1.097213159509037794e+01
7.073735352957987743e+01,1.117016711625846170e+01
7.075735924549871925e+01,1.174320204620979347e+01
7.077736496141756106e+01,1.294175029730237370e+01
7.079737067733638867e+01,1.305102506618903391e+01
7.081737639325521627e+01,1.309709781984679111e+01
7.083738210917405809e+01,1.312054734812786272e+01
7.085738782509288569e+01,1.413689141013058759e+01
7.087739354101171330e+01,1.509324812360624612e+01
7.089739925693055511e+01,1.521222385848234104e+01
7.091740497284939693e+01,1.521818288185686185e+01
7.093741068876822453e+01,1.542008046502636986e+01
7.095741640468705214e+01,1.614213477082688186e+01
7.097742212060589395e+01,1.570332072036519833e+01
7.099742783652472156e+01,1.540207028078624951e+01
7.101743355244354916e+01,1.551637078355650701e+01
7.103743926836239098e+01,1.555410997764657210e+01
7.105744498428123279e+01,1.471983547878173937e+01
7.107745070020006040e+01,1.472164476047783310e+01
7.109745641611888800e+01,1.411512185358395755e+01
7.111746213203772982e+01,1.332335983769718624e+01
7.113746784795657163e+01,1.362820347088825557e+01
7.115747356387539924e+01,1.278572772406714719e+01
7.117747927979422684e+01,1.291158543204990039e+01
7.119748499571306866e+01,1.220049388357687192e+01
7.121749071163189626e+01,1.148697078044390452e+01
7.123749642755072387e+01,1.164687918898905750e+01
7.125750214346956568e+01,1.122605305649049079e+01
7.127750785938840750e+01,1.054535299251182856e+01
7.129751357530723510e+01,1.094676092207959250e+01
7.131751929122606271e+01,1.041097756181077116e+01
7.133752500714490452e+01,1.049561265832880252e+01
7.135753072306374634e+01,1.075750595136995358e+01
7.137753643898255973e+01,1.087242045651678879e+01
7.139754215490140155e+01,1.161106436169360379e+01
7.141754787082024336e+01,1.102988916522958007e+01
7.143755358673907097e+01,1.228645754170763382e+01
7.145755930265789857e+01,1.235287220485895077e+01
7.147756501857674039e+01,1.330136850839754281e+01
7.149757073449558220e+01,1.373742270513696084e+01
7.151757645041440981e+01,1.354935604074727706e+01
7.153758216633323741e+01,1.406010794016883736e+01
7.155758788225207923e+01,1.420990683925926845e+01
7.157759359817090683e+01,1.490852848196324132e+01
7.159759931408973443e+01,1.488083916354591096e+01
7.161760503000857625e+01,1.386719694052285945e+01
7.163761074592741807e+01,1.495990856783013712e+01
7.165761646184624567e+01,1.475929705250077362e+01
7.167762217776507327e+01,1.344127545613985930e+01
7.169762789368391509e+01,1.242705326535467236e+01
7.171763360960275691e+01,1.248565543095035046e+01
7.173763932552158451e+01,1.232614825580275664e+01
7.175764504144041211e+01,1.121786532453222662e+01
7.177765075735925393e+01,1.055019367050750034e+01
7.179765647327808153e+01,1.015464065100846014e+01
7.181766218919690914e+01,9.712133360743029797e+00
7.183766790511575095e+01,8.334610471661719089e+00
7.185767362103459277e+01,8.525118346391510116e+00
7.187767933695342037e+01,9.352406322975749475e+00
7.189768505287224798e+01,7.914760829582654367e+00
7.191769076879108979e+01,8.276963092077952666e+00
7.193769648470991740e+01,7.407354400200298450e+00
7.195770220062874500e+01,7.944746362839425480e+00
7.197770791654758682e+01,8.360721701949538343e+00
7.199771363246642863e+01,8.701732067000712334e+00
7.201771934838525624e+01,9.138473551397400030e+00
7.203772506430408384e+01,9.344710242782969800e+00
7.205773078022292566e+01,1.012048444603832031e+01
7.207773649614176747e+01,1.023130867427384061e+01
7.209774221206059508e+01,1.020888476544036472e+01
7.211774792797942268e+01,1.181006678050962044e+01
7.213775364389826450e+01,1.273581585683783146e+01
7.215775935981709210e+01,1.311887986866615208e+01
7.217776507573591971e+01,1.300452582525079848e+01
7.219777079165476152e+01,1.359282319477521561e+01
7.221777650757360334e+01,1.439470063559352475e+01
7.223778222349243094e+01,1.396582493323754193e+01
7.225778793941125855e+01,1.452186626927522894e+01
7.227779365533010036e+01,1.352707718659090830e+01
7.229779937124894218e+01,1.395667742931798827e+01
7.231780508716775557e+01,1.281005149657859832e+01
7.233781080308659739e+01,1.218832664365246998e+01
7.235781651900543920e+01,1.115033411944773789e+01
7.237782223492426681e+01,1.110361654596745673e+01
7.239782795084309441e+01,1.002157112981676512e+01
7.241783366676193623e+01,9.261281081329684639e+00
7.243783938268077804e+01,9.119591849569903985e+00
7.245784509859960565e+01,8.711622085462979115e+00
7.247785081451843325e+01,7.202355387569192580e+00
7.249785653043727507e+01,7.977183646928067695e+00
7.251786224635610267e+01,7.586079075938080507e+00
7.253786796227493028e+01,6.892784809073924990e+00
7.255787367819377209e+01,6.700372865747064921e+00
7.257787939411261391e+01,7.385555715364841234e+00
7.259788511003144151e+01,6.340199887869693463e+00
7.261789082595026912e+01,6.870633064018546676e+00
7.263789654186911093e+01,6.506069179864829799e+00
7.265790225778795275e+01,6.132572478947653671e+00
7.267790797370678035e+01,7.729433801123475334e+00
7.269791368962560796e+01,6.599321614307942951e+00
7.271791940554444977e+01,7.173889032628453677e+00
7.273792512146327738e+01,7.108944616553516838e+00
7.275793083738210498e+01,6.917287414250257171e+00
7.277793655330094680e+01,6.454223689887423454e+00
7.279794226921978861e+01,6.982998543709737049e+00
7.281794798513861622e+01,7.139551160089940396e+00
7.283795370105744382e+01,7.644598606018794484e+00
7.285795941697628564e+01,7.157884002570147786e+00
7.287796513289511324e+01,7.507510292168566579e+00
7.289797084881394085e+01,7.353146112617443109e+00
7.291797656473278266e+01,7.214539351511782606e+00
7.293798228065162448e+01,7.210493264132108671e+00
7.295798799657045208e+01,6.750791934090096369e+00
7.297799371248927969e+01,7.113646957416378314e+00
7.299799942840812150e+01,7.208638758355311538e+00
7.301800514432696332e+01,7.582578691595077913e+00
7.303801086024579092e+01,6.997118675098192853e+00
7.305801657616461853e+01,7.954224258160564887e+00
7.307802229208346034e+01,7.562432788995660182e+00
7.309802800800228795e+01,7.707404551461324971e+00
7.311803372392111555e+01,7.880006439056214340e+00
7.313803943983995737e+01,8.350770969395666654e+00
7.315804515575879918e+01,8.152734273733056369e+00
7.317805087167762679e+01,8.550864866423941280e+00
7.319805658759645439e+01,8.942743076036709482e+00
7.321806230351529621e+01,9.064345041057336516e+00
7.323806801943413802e+01,8.413788646141123095e+00
7.325807373535295142e+01,8.643090224627417939e+00
7.327807945127179323e+01,9.294399878001133430e+00
7.329808516719063505e+01,8.812699273055407900e+00
7.331809088310946265e+01,9.730787935448356407e+00
7.333809659902829026e+01,9.362556361275757411e+00
7.335810231494713207e+01,9.607479576622194983e+00
7.337810803086597389e+01,1.003427970124071678e+01
7.339811374678480149e+01,9.469219807799927224e+00
7.341811946270362910e+01,1.059184065034694200e+01
7.343812517862247091e+01,1.050835328672539326e+01
7.345813089454129852e+01,1.030996442997725815e+01
7.347813661046012612e+01,9.540495276739550334e+00
7.349814232637896794e+01,9.844459541123766755e+00
7.351814804229780975e+01,9.743937232401069792e+00
7.353815375821663736e+01,9.269124299364710495e+00
7.355815947413546496e+01,8.003084318230568428e+00
7.357816519005430678e+01,7.531097376800305554e+00
7.359817090597314859e+01,7.099918739257556233e+00
7.361817662189197620e+01,7.960499292999562826e+00
7.363818233781080380e+01,6.974104732356737557e+00
7.365818805372964562e+01,7.410484534333468432e+00
7.367819376964847322e+01,6.645835743717735333e+00
7.369819948556730083e+01,6.317160575758819618e+00
7.371820520148614264e+01,6.545263214420339537e+00
7.373821091740498446e+01,6.590239321776898862e+00
7.375821663332381206e+01,6.897366414274898716e+00
7.377822234924263967e+01,6.123046242258724625e+00
7.379822806516148148e+01,5.991893291160958590e+00
7.381823378108030909e+01,5.707534920765446884e+00
7.383823949699913669e+01,6.517379935166787597e+00
7.385824521291797851e+01,5.277416999581629575e+00
7.387825092883682032e+01,6.223814090161337020e+00
7.389825664475564793e+01,5.756720512108760346e+00
7.391826236067447553e+01,5.856292959440134283e+00
7.393826807659331735e+01,5.533930574896928967e+00
7.395827379251215916e+01,5.740860245144622453e+00
7.397827950843098677e+01,5.443794056189510400e+00
7.399828522434981437e+01,5.589256119056051020e+00
7.401829094026865619e+01,5.628453910418379280e+00
7.403829665618748379e+01,5.663901832227716149e+00
7.405830237210632561e+01,5.874183895862291394e+00
7.407830808802515321e+01,6.124948494164513590e+00
7.409831380394398082e+01,5.756306722728875336e+00
7.411831951986282263e+01,5.989331923750279785e+00
7.413832523578165024e+01,6.541813585814230336e+00
7.415833095170049205e+01,5.526115924968213022e+00
7.417833666761931966e+01,5.592156355285770708e+00
7.419834238353816147e+01,6.442393362997620443e+00
7.421834809945698908e+01,5.802741177942644768e+00
7.423835381537583089e+01,6.039729792329524116e+00
7.425835953129465850e+01,6.560571858076272633e+00
7.427836524721348610e+01,6.603830813842746394e+00
7.429837096313232792e+01,6.153124993528074071e+00
7.431837667905115552e+01,6.396118056408450769e+00
7.433838239496999734e+01,6.552010716552956637e+00
7.435838811088882494e+01,7.459691416834003164e+00
7.437839382680766676e+01,6.006806757641122374e+00
7.439839954272649436e+01,6.271426350371868352e+00
7.441840525864533618e+01,7.380500391273424832e+00
7.443841097456416378e+01,7.864487119116548186e+00
7.445841669048300560e+01,6.878457960282474914e+00
7.447842240640183320e+01,7.169619085822782623e+00
7.449842812232066080e+01,7.252353143238424948e+00
7.451843383823950262e+01,8.002074298279126197e+00
7.453843955415833022e+01,7.534477229409139554e+00
7.455844527007717204e+01,6.784073705192717796e+00
7.457845098599599964e+01,6.938799089309212853e+00
7.459845670191484146e+01,6.920260058714145401e+00
7.461846241783366906e+01,7.362618243854262445e+00
7.463846813375251088e+01,6.627901195830539827e+00
7.465847384967133848e+01,6.480119736739560210e+00
7.467847956559016609e+01,7.123721138125339358e+00
7.469848528150900790e+01,6.826347370487372501e+00
7.471849099742783551e+01,6.031912911054245541e+00
7.473849671334667732e+01,6.204342321580081254e+00
7.475850242926550493e+01,6.641422813638035549e+00
7.477850814518434674e+01,5.697859860677164434e+00
7.479851386110317435e+01,5.938671871435930782e+00
7.481851957702201616e+01,6.250785205556319113e+00
7.483852529294084377e+01,6.551497089339934021e+00
7.485853100885967137e+01,5.764137782003405874e+00
7.487853672477851319e+01,6.681902830627263867e+00
7.489854244069734079e+01,6.536007445117206771e+00
7.491854815661618261e+01,5.678857120657696100e+00
7.493855387253501021e+01,6.218160907554928230e+00
7.495855958845385203e+01,6.043572343821300485e+00
7.497856530437267963e+01,6.752745791768690609e+00
7.499857102029152145e+01,6.855419557656020402e+00
7.501857673621034905e+01,6.655823671874546044e+00
7.503858245212917666e+01,6.602950772104172472e+00
7.505858816804801847e+01,6.143402632467587665e+00
7.507859388396684608e+01,7.103447831679780222e+00
7.509859959988568789e+01,7.552322394723715249e+00
7.511860531580451550e+01,7.629369348490593339e+00
7.513861103172335731e+01,6.880430730964250507e+00
7.515861674764218492e+01,7.275532975204588304e+00
7.517862246356102673e+01,8.030982670808521462e+00
7.519862817947985434e+01,8.006576856638361050e+00
7.521863389539868194e+01,7.687852601882550374e+00
7.523863961131752376e+01,7.121168597021168445e+00
7.525864532723635136e+01,7.978096824023515055e+00
7.527865104315519318e+01,7.107650655784022220e+00
7.529865675907402078e+01,7.344621653764139779e+00
7.531866247499286260e+01,7.784692718091068109e+00
7.533866819091169020e+01,6.786475133302477758e+00
7.535867390683053202e+01,7.123473308140248150e+00
7.537867962274935962e+01,7.277488031259020218e+00
7.539868533866820144e+01,6.612504959793767512e+00
7.541869105458702904e+01,7.244454278498999145e+00
7.543869677050585665e+01,7.572368724944452900e+00
7.545870248642469846e+01,6.811686353188792786e+00
7.547870820234352607e+01,6.901368209025596556e+00
7.549871391826236788e+01,7.092823761408766359e+00
7.551871963418119549e+01,6.854790913109944483e+00
7.553872535010003730e+01,6.812241655573577859e+00
7.555873106601886491e+01,6.521860988989646835e+00
7.557873678193770672e+01,7.379077746770529522e+00
7.559874249785653433e+01,6.278109918204420659e+00
7.561874821377536193e+01,7.314542566676888846e+00
7.563875392969420375e+01,6.833904564731625442e+00
7.565875964561303135e+01,8.045328119548866397e+00
7.567876536153187317e+01,8.163664066909998240e+00
7.569877107745070077e+01,7.727853314946314001e+00
7.571877679336954259e+01,7.693320712263295391e+00
7.573878250928837019e+01,8.117780874417020343e+00
7.575878822520721201e+01,8.260161937218267525e+00
7.577879394112603961e+01,8.303766158203394809e+00
7.579879965704486722e+01,9.062506831790432926e+00
7.581880537296370903e+01,9.030846257758231133e+00
7.583881108888253664e+01,9.675689847831117518e+00
7.585881680480137845e+01,9.022352372732100889e+00
7.587882252072020606e+01,9.494467508410181722e+00
7.589882823663904787e+01,9.740482814175017268e+00
7.591883395255787548e+01,1.063170805184421219e+01
7.593883966847671729e+01,1.077912828210480356e+01
7.595884538439554490e+01,1.085357240804453660e+01
7.597885110031437250e+01,1.120813549575596824e+01
7.599885681623321432e+01,1.057742069458571343e+01
7.601886253215204192e+01,1.065826098995252558e+01
7.603886824807088374e+01,1.071688025004926104e+01
7.605887396398971134e+01,1.162000514401544748e+01
7.607887967990855316e+01,1.078460324496624523e+01
7.609888539582738076e+01,1.077962332228267783e+01
7.611889111174622258e+01,1.067667945605524693e+01
7.613889682766505018e+01,1.077601336731700599e+01
7.615890254358387779e+01,1.139945059162509011e+01
7.617890825950271960e+01,1.107872933467323406e+01
7.619891397542154721e+01,1.106445340741552386e+01
7.621891969134038902e+01,1.044054367894952762e+01
7.623892540725921663e+01,1.107083951338288763e+01
7.625893112317805844e+01,1.130880381619873276e+01
7.627893683909688605e+01,1.115115057712538515e+01
7.629894255501572786e+01,1.078334603271002834e+01
7.631894827093455547e+01,1.120646999693168766e+01
7.633895398685339728e+01,1.027611447831116820e+01
7.635895970277222489e+01,1.034386574044800611e+01
7.637896541869105249e+01,9.956255346274769380e+00
7.639897113460989431e+01,1.016601697732669862e+01
7.641897685052872191e+01,9.533856983904659188e+00
7.643898256644756373e+01,9.950479431214434456e+00
7.645898828236639133e+01,1.024341473012621506e+01
7.647899399828523315e+01,8.933530949906671736e+00
7.649899971420406075e+01,8.965314243315596343e+00
7.651900543012290257e+01,8.480764642218842297e+00
7.653901114604173017e+01,7.750512170059058903e+00
7.655901686196055778e+01,8.211371384032840837e+00
7.657902257787939959e+01,8.274388183033586586e+00
7.659902829379822720e+01,8.064893673287699016e+00
7.661903400971706901e+01,7.561859127344824572e+00
7.663903972563589662e+01,7.647304322788915698e+00
7.665904544155473843e+01,7.127765602871198425e+00
7.667905115747356604e+01,6.960794595174174759e+00
7.669905687339240785e+01,6.826238247306505968e+00
7.671906258931123546e+01,6.723897098629157298e+00
7.673906830523006306e+01,6.854650968822676660e+00
7.675907402114890488e+01,5.877561099300676162e+00
7.677907973706773248e+01,6.477706126202762427e+00
7.679908545298657430e+01,5.876336176390688060e+00
7.681909116890540190e+01,6.389546331253264100e+00
7.683909688482424372e+01,5.872992780852963612e+00
7.685910260074307132e+01,6.545071177065829637e+00
7.687910831666191314e+01,6.374130017759026323e+00
7.689911403258074074e+01,5.946531630290311732e+00
7.691911974849956835e+01,5.695102913344092244e+00
7.693912546441841016e+01,6.116100730308572153e+00
7.695913118033723777e+01,6.119503671743217410e+00
7.697913689625607958e+01,6.706171813453212671e+00
7.699914261217490719e+01,6.324200895541416401e+00
7.701914832809374900e+01,6.556032778297913310e+00
7.703915404401257661e+01,5.790615195963938255e+00
7.705915975993141842e+01,5.591695677663532926e+00
7.707916547585024603e+01,5.894783022236254055e+00
7.709917119176907363e+01,5.867397291615917609e+00
7.711917690768791545e+01,5.478522385440498965e+00
7.713918262360674305e+01,5.914393218091043458e+00
7.715918833952558487e+01,6.408241403199033570e+00
7.717919405544441247e+01,5.936062094675790490e+00
7.719919977136325429e+01,6.145173048236287627e+00
7.721920548728208189e+01,6.073607768440201227e+00
7.723921120320092371e+01,5.272290929976900742e+00
7.725921691911975131e+01,5.592380515898327076e+00
7.727922263503859313e+01,5.911795432191246036e+00
7.729922835095742073e+01,5.951760572774073665e+00
7.731923406687624833e+01,6.289279234620041237e+00
7.733923978279509015e+01,6.145850202417536323e+00
7.735924549871391775e+01,6.301484714520253050e+00
7.737925121463275957e+01,6.040228710698049674e+00
7.739925693055158717e+01,6.100141048873425120e+00
7.741926264647042899e+01,6.647742093890919080e+00
7.743926836238925659e+01,6.002395562415933306e+00
7.745927407830809841e+01,6.799939112153522203e+00
7.747927979422692601e+01,6.121609043991174559e+00
7.749928551014575362e+01,6.629852231779817195e+00
7.751929122606459543e+01,5.884919324712933886e+00
7.753929694198342304e+01,6.443079079360611416e+00
7.755930265790226485e+01,6.600277216704292016e+00
7.757930837382109246e+01,6.240649445703477127e+00
7.759931408973993427e+01,6.113617709200312333e+00
7.761931980565876188e+01,6.347143421250130757e+00
7.763932552157760369e+01,5.862488633399237870e+00
7.765933123749643130e+01,6.246076688000041344e+00
7.767933695341525890e+01,6.399992617229204761e+00
7.769934266933410072e+01,6.285864364675232352e+00
7.771934838525292832e+01,5.267623867275088578e+00
7.773935410117177014e+01,5.785351796585538331e+00
7.775935981709059774e+01,5.586524019482702386e+00
7.777936553300943956e+01,6.116271435922266519e+00
7.779937124892826716e+01,5.592436987940829773e+00
7.781937696484710898e+01,6.178552675618100842e+00
7.783938268076593658e+01,5.631664115667568637e+00
7.785938839668476419e+01,5.827233912788342352e+00
7.787939411260360600e+01,6.854103307846115101e+00
7.789939982852243361e+01,6.102708766136586860e+00
7.791940554444127542e+01,6.632405305333558765e+00
7.793941126036010303e+01,5.892386700364610874e+00
7.795941697627894484e+01,6.688730022256568652e+00
7.797942269219777245e+01,5.645172470530377851e+00
7.799942840811661426e+01,6.897801986058758494e+00
7.801943412403544187e+01,5.699371990255337472e+00
7.803943983995426947e+01,6.253569802440989811e+00
7.805944555587311129e+01,5.423869245272483930e+00
7.807945127179193889e+01,6.110828284642877861e+00
7.809945698771078071e+01,5.397867021351928862e+00
7.811946270362960831e+01,6.140852275575049646e+00
7.813946841954845013e+01,6.659308673350592400e+00
7.815947413546727773e+01,5.900600322655631835e+00
7.817947985138611955e+01,5.580878393373440716e+00
7.819948556730494715e+01,5.763363510150146141e+00
7.821949128322378897e+01,6.211346873294878002e+00
7.823949699914261657e+01,5.736670299457312439e+00
7.825950271506144418e+01,5.810038573800614614e+00
7.827950843098028599e+01,6.172744985913335647e+00
7.829951414689911360e+01,6.273753213543744600e+00
7.831951986281795541e+01,5.318872285192052018e+00
7.833952557873678302e+01,6.210775222032006049e+00
7.835953129465562483e+01,4.996992234658702792e+00
7.837953701057445244e+01,5.428158778956388986e+00
7.839954272649329425e+01,5.411289992031400153e+00
7.841954844241212186e+01,5.844039503607938002e+00
7.843955415833094946e+01,5.023059559001488594e+00
7.845955987424979128e+01,6.571797725812254853e+00
7.847956559016861888e+01,5.778653934729800490e+00
7.849957130608746070e+01,5.361894689159931282e+00
7.851957702200628830e+01,5.546705882764889850e+00
7.853958273792513012e+01,5.361491753615473144e+00
7.855958845384395772e+01,5.242833901590955747e+00
7.857959416976279954e+01,5.705206064794633214e+00
7.859959988568162714e+01,5.014756323071763333e+00
7.861960560160045475e+01,6.064626991482893636e+00
7.863961131751929656e+01,5.485753969266472296e+00
7.865961703343812417e+01,4.926815038716449102e+00
7.867962274935696598e+01,5.430568098801344945e+00
7.869962846527579359e+01,5.799205550290976063e+00
7.871963418119463540e+01,5.511005600000865812e+00
7.873963989711346301e+01,5.868920565316862792e+00
7.875964561303230482e+01,5.534739082400449206e+00
7.877965132895113243e+01,5.667683137645799007e+00
7.879965704486996003e+01,6.070618043854938861e+00
7.881966276078880185e+01,5.384614915888254139e+00
7.883966847670762945e+01,5.857908991101394847e+00
7.885967419262647127e+01,5.687878674607892648e+00
7.887967990854529887e+01,5.773276788477771149e+00
7.889968562446414069e+01,5.420783695511627087e+00
7.891969134038296829e+01,5.565726161043858866e+00
7.893969705630181011e+01,4.865678979130030335e+00
7.895970277222063771e+01,5.794326362007401698e+00
7.897970848813946532e+01,5.677228322608647737e+00
7.899971420405830713e+01,6.031401153811119187e+00
7.901971991997713474e+01,5.702715490176363033e+00
7.903972563589597655e+01,5.646424336527804400e+00
7.905973135181480416e+01,6.138887098576814694e+00
7.907973706773364597e+01,5.235853477077491824e+00
7.909974278365247358e+01,6.068604236969072474e+00
7.911974849957131539e+01,5.648772226649190209e+00
7.913975421549014300e+01,5.061146925487893355e+00
7.915975993140898481e+01,5.675805791430603264e+00
7.917976564732781242e+01,6.256641992902414628e+00
7.919977136324664002e+01,6.383647935280018615e+00
7.921977707916548184e+01,5.668172968918160137e+00
7.923978279508430944e+01,5.340615503763046057e+00
7.925978851100315126e+01,6.217382873801482468e+00
7.927979422692197886e+01,5.910016109282684837e+00
7.929979994284082068e+01,5.971399129301875774e+00
7.931980565875964828e+01,5.894908815197419827e+00
7.933981137467849010e+01,5.598495255567511819e+00
7.935981709059731770e+01,6.430225500813921968e+00
7.937982280651614531e+01,5.587587673929802712e+00
7.939982852243498712e+01,5.174663540736144540e+00
7.941983423835381473e+01,5.458733023818471253e+00
7.943983995427265654e+01,6.032193088284042659e+00
7.945984567019148415e+01,5.364182331960080319e+00
7.947985138611032596e+01,5.960780781159736641e+00
7.949985710202915357e+01,6.430880542078174500e+00
7.951986281794799538e+01,6.503576958198511448e+00
7.953986853386682299e+01,5.768255387516878940e+00
7.955987424978565059e+01,5.190510175784876168e+00
7.957987996570449241e+01,5.578320669787935948e+00
7.959988568162332001e+01,5.940507964529899709e+00
7.961989139754216183e+01,5.402841396870931234e+00
7.963989711346098943e+01,6.479976429274873162e+00
7.965990282937983125e+01,5.246688823406810087e+00
7.967990854529865885e+01,5.511237940049550588e+00
7.969991426121750067e+01,6.161211857243909407e+00
7.971991997713632827e+01,6.771046425302582605e+00
7.973992569305515588e+01,6.638736427027574827e+00
7.975993140897399769e+01,6.285862829517966155e+00
7.977993712489282530e+01,6.286136226862597098e+00
7.979994284081166711e+01,6.618692649524586358e+00
7.981994855673049472e+01,5.882028378527250467e+00
7.983995427264933653e+01,5.460570264909231142e+00
7.985995998856816414e+01,5.377440912875707468e+00
7.987996570448700595e+01,5.933250530464608374e+00
7.989997142040583356e+01,5.817872074965141138e+00
7.991997713632466116e+01,5.435381108569650621e+00
7.993998285224350298e+01,6.501056599018399496e+00
7.995998856816233058e+01,5.975825573762310938e+00
7.997999428408117240e+01,5.753699121257629834e+00
8.000000000000000000e+01,6.138511030693759807e+00
