angle,intensity
1.000000000000000000e+01,5.219567668095112190e+00
1.002000571591883471e+01,7.903755353169112929e+00
1.004001143183766764e+01,8.518258473390590169e+00
1.006001714775650235e+01,8.608452475855086661e+00
1.008002286367533529e+01,8.493157479493849138e+00
1.010002857959417000e+01,8.615063561406184789e+00
1.012003429551300293e+01,8.987362425552948508e+00
1.014004001143183764e+01,9.178382647820360063e+00
1.016004572735067235e+01,8.620856782338851332e+00
1.018005144326950528e+01,8.689135431750582228e+00
1.020005715918833999e+01,9.238012606784339553e+00
1.022006287510717293e+01,9.590427087289107533e+00
1.024006859102600764e+01,8.372651229826745478e+00
1.026007430694484057e+01,9.341883061070106464e+00
1.028008002286367528e+01,8.430276411328492259e+00
1.030008573878250999e+01,9.588332402465596260e+00
1.032009145470134293e+01,8.846977220399885766e+00
1.034009717062017764e+01,8.629081908524026900e+00
1.036010288653901057e+01,8.863217896832050968e+00
1.038010860245784528e+01,7.798820182110015153e+00
1.040011431837667999e+01,7.655706005788175617e+00
1.042012003429551292e+01,8.217144738839181173e+00
1.044012575021434763e+01,7.909266250738809845e+00
1.046013146613318057e+01,8.197675066429850332e+00
1.048013718205201528e+01,8.871794203920075006e+00
1.050014289797084821e+01,8.780241752068157268e+00
1.052014861388968292e+01,8.219540957409837034e+00
1.054015432980851585e+01,8.446639329890730963e+00
1.056016004572735056e+01,8.637805868973291723e+00
1.058016576164618527e+01,8.676798415021508504e+00
1.060017147756501821e+01,8.840208630487133235e+00
1.062017719348385292e+01,8.849076517409717013e+00
1.064018290940268585e+01,8.756571563357763210e+00
1.066018862532152056e+01,8.951010217632015653e+00
1.068019434124035527e+01,8.928491546630755948e+00
1.070020005715918820e+01,9.564647386609731683e+00
1.072020577307802292e+01,9.968378473364452930e+00
1.074021148899685585e+01,9.786785400087651965e+00
1.076021720491569056e+01,1.006024984493025975e+01
1.078022292083452349e+01,1.059848826862456050e+01
1.080022863675335820e+01,1.092153398415223187e+01
1.082023435267219291e+01,1.107114717416082428e+01
1.084024006859102585e+01,1.046392781034013986e+01
1.086024578450986056e+01,1.156699792250548242e+01
1.088025150042869349e+01,1.170226028927273276e+01
1.090025721634752820e+01,1.150482536171043435e+01
1.092026293226636113e+01,1.202711690673817202e+01
1.094026864818519584e+01,1.253722055554246673e+01
1.096027436410403055e+01,1.281559894879645611e+01
1.098028008002286349e+01,1.311929551411579631e+01
1.100028579594169820e+01,1.302368761684164689e+01
1.102029151186053113e+01,1.401268158510925943e+01
1.104029722777936584e+01,1.314834910601070028e+01
1.106030294369819877e+01,1.487573879264215293e+01
1.108030865961703348e+01,1.473230502118656560e+01
1.110031437553586819e+01,1.525749258272897713e+01
1.112032009145470113e+01,1.540252976435093402e+01
1.114032580737353584e+01,1.489243477068292520e+01
1.116033152329236877e+01,1.657213124665343429e+01
1.118033723921120348e+01,1.646099248708128471e+01
1.120034295513003642e+01,1.646077337191488965e+01
1.122034867104887113e+01,1.672743366290144351e+01
1.124035438696770584e+01,1.740042655988397513e+01
1.126036010288653877e+01,1.791150816282645408e+01
1.128036581880537348e+01,1.836954298535183838e+01
1.130037153472420641e+01,1.870680893057884830e+01
1.132037725064304112e+01,1.887699696646910041e+01
1.134038296656187583e+01,1.893873624176036685e+01
1.136038868248070877e+01,2.004411136418544004e+01
1.138039439839954348e+01,1.985502922396424097e+01
1.140040011431837641e+01,2.051805486394781752e+01
1.142040583023721112e+01,2.144987864539763223e+01
1.144041154615604405e+01,2.205436433191366064e+01
1.146041726207487876e+01,2.252599829330494430e+01
1.148042297799371170e+01,2.211426452393507347e+01
1.150042869391254641e+01,2.256052592349151809e+01
1.152043440983138112e+01,2.388014410665378051e+01
1.154044012575021405e+01,2.415252900096165689e+01
1.156044584166904876e+01,2.478457532874531921e+01
1.158045155758788169e+01,2.543761476079053807e+01
1.160045727350671640e+01,2.601283751618183260e+01
1.162046298942555111e+01,2.589049926874155005e+01
1.164046870534438405e+01,2.630108359331958212e+01
1.166047442126321876e+01,2.688852318835600386e+01
1.168048013718205169e+01,2.713731925821417690e+01
1.170048585310088640e+01,2.798561046804178787e+01
1.172049156901971934e+01,2.887973776055611452e+01
1.174049728493855405e+01,2.912655079168688133e+01
1.176050300085738698e+01,2.986343767561322693e+01
1.178050871677622169e+01,2.975034489924840386e+01
1.180051443269505640e+01,3.099767400195526434e+01
1.182052014861388933e+01,3.077454321405038229e+01
1.184052586453272404e+01,3.081269438921800585e+01
1.186053158045155698e+01,3.211563420094789478e+01
1.188053729637039169e+01,3.202725964847692097e+01
1.190054301228922640e+01,3.247285246683758686e+01
1.192054872820805933e+01,3.278171229756097205e+01
1.194055444412689404e+01,3.397044969442441698e+01
1.196056016004572697e+01,3.381078218619499864e+01
1.198056587596456168e+01,3.455468942825611123e+01
1.200057159188339639e+01,3.429979283225787867e+01
1.202057730780222933e+01,3.409121759879823799e+01
1.204058302372106226e+01,3.460612687250987562e+01
1.206058873963989697e+01,3.535836969667252561e+01
1.208059445555873168e+01,3.507069872393415721e+01
1.210060017147756461e+01,3.515937921576038150e+01
1.212060588739639932e+01,3.434042584647362162e+01
1.214061160331523226e+01,3.461070882095943801e+01
1.216061731923406697e+01,3.566335935847791916e+01
1.218062303515290168e+01,3.454829295040772763e+01
1.220062875107173461e+01,3.550604152083786857e+01
1.222063446699056932e+01,3.456300764861597230e+01
1.224064018290940226e+01,3.406131479303414267e+01
1.226064589882823697e+01,3.371952119538670445e+01
1.228065161474707168e+01,3.361503655425509152e+01
1.230065733066590461e+01,3.428678136207479099e+01
1.232066304658473754e+01,3.390373028523200816e+01
1.234066876250357225e+01,3.412452193705938441e+01
1.236067447842240696e+01,3.382844397557334304e+01
1.238068019434123990e+01,3.317791871171311868e+01
1.240068591026007461e+01,3.253995948439678898e+01
1.242069162617890754e+01,3.293011830992490019e+01
1.244069734209774225e+01,3.239867747043811619e+01
1.246070305801657696e+01,3.150063532512002240e+01
1.248070877393540989e+01,3.125245208588760448e+01
1.250071448985424460e+01,3.077083098557034191e+01
1.252072020577307754e+01,2.927310744109542640e+01
1.254072592169191225e+01,2.918173316094461711e+01
1.256073163761074696e+01,2.859874123553293046e+01
1.258073735352957989e+01,2.721125105686880374e+01
1.260074306944841460e+01,2.654741009716464362e+01
1.262074878536724754e+01,2.596290958466711629e+01
1.264075450128608225e+01,2.458086407751664382e+01
1.266076021720491518e+01,2.314048275455158432e+01
1.268076593312374989e+01,2.196296980523425901e+01
1.270077164904258282e+01,2.077163002756905286e+01
1.272077736496141753e+01,1.954944962983796586e+01
1.274078308088025224e+01,1.890497585349257292e+01
1.276078879679908518e+01,1.763103521759312997e+01
1.278079451271791989e+01,1.580169728412789887e+01
1.280080022863675282e+01,1.523186157802520491e+01
1.282080594455558753e+01,1.550433925935306689e+01
1.284081166047442224e+01,1.363281958093525326e+01
1.286081737639325517e+01,1.328405723380610048e+01
1.288082309231208988e+01,1.215530696648383469e+01
1.290082880823092282e+01,1.226821216518032642e+01
1.292083452414975753e+01,1.127981432330268952e+01
1.294084024006859224e+01,1.000556721918112579e+01
1.296084595598742517e+01,1.064802727383780478e+01
1.298085167190625810e+01,8.791183227199807604e+00
1.300085738782509281e+01,8.300901700358629398e+00
1.302086310374392752e+01,8.590677811524678020e+00
1.304086881966276046e+01,8.022820723671847176e+00
1.306087453558159517e+01,7.165662423666034009e+00
1.308088025150042810e+01,6.515342858053300823e+00
1.310088596741926281e+01,5.861808042895242821e+00
1.312089168333809752e+01,6.431477341585052798e+00
1.314089739925693046e+01,5.452642027207240005e+00
1.316090311517576517e+01,5.111775756526869330e+00
1.318090883109459810e+01,5.354529216573064687e+00
1.320091454701343281e+01,5.347048317867614919e+00
1.322092026293226752e+01,5.058773584922105826e+00
1.324092597885110045e+01,4.716717580816885302e+00
1.326093169476993339e+01,4.885881844113394656e+00
1.328093741068876810e+01,5.224106463198754824e+00
1.330094312660760281e+01,4.825860936727645267e+00
1.332094884252643574e+01,4.410430303136268826e+00
1.334095455844527045e+01,4.440977650119961595e+00
1.336096027436410338e+01,4.007455816451470199e+00
1.338096599028293809e+01,4.243791217773543067e+00
1.340097170620177280e+01,4.585384109294195376e+00
1.342097742212060574e+01,3.734381034911847586e+00
1.344098313803944045e+01,4.357885519527450846e+00
1.346098885395827338e+01,3.457095812122032097e+00
1.348099456987710809e+01,4.273458889662559379e+00
1.350100028579594280e+01,3.344704603456879255e+00
1.352100600171477573e+01,2.978629214568855765e+00
1.354101171763361044e+01,3.397805365909925435e+00
1.356101743355244338e+01,3.643600115718037102e+00
1.358102314947127809e+01,3.490594369790577467e+00
1.360102886539011102e+01,3.673999937765234591e+00
1.362103458130894573e+01,3.411130621675153130e+00
1.364104029722777867e+01,2.926318389857740954e+00
1.366104601314661338e+01,2.561915719955450310e+00
1.368105172906544809e+01,3.110550791605712462e+00
1.370105744498428102e+01,3.449386684081105159e+00
1.372106316090311573e+01,3.974795541126999510e+00
1.374106887682194866e+01,3.931281498393802476e+00
1.376107459274078337e+01,3.500454220090055912e+00
1.378108030865961808e+01,3.431320436728422685e+00
1.380108602457845102e+01,3.250458702191793225e+00
1.382109174049728573e+01,3.682852461581640036e+00
1.384109745641611866e+01,2.779704642514382762e+00
1.386110317233495337e+01,2.785024940947309346e+00
1.388110888825378808e+01,3.253323760739470494e+00
1.390111460417262101e+01,2.735382826217874985e+00
1.392112032009145395e+01,2.814482614262008298e+00
1.394112603601028866e+01,2.720533544220077538e+00
1.396113175192912337e+01,3.341205832995108427e+00
1.398113746784795630e+01,2.578750473370932106e+00
1.400114318376679101e+01,3.174297179321627915e+00
1.402114889968562395e+01,3.577547877849670321e+00
1.404115461560445866e+01,3.100994755370470202e+00
1.406116033152329337e+01,3.954963240048042117e+00
1.408116604744212630e+01,3.293031114495368783e+00
1.410117176336095923e+01,3.178560972949837193e+00
1.412117747927979394e+01,2.935003880806588583e+00
1.414118319519862865e+01,2.888623824515226701e+00
1.416118891111746336e+01,3.052720686162369468e+00
1.418119462703629630e+01,2.758685277555660509e+00
1.420120034295512923e+01,2.526568859167624748e+00
1.422120605887396394e+01,2.444579454625670500e+00
1.424121177479279865e+01,3.667771579698199780e+00
1.426121749071163336e+01,2.529771930762223064e+00
1.428122320663046629e+01,3.305734619718620593e+00
1.430122892254929923e+01,3.171217677025635950e+00
1.432123463846813394e+01,3.311730159568158971e+00
1.434124035438696865e+01,2.749346449844455087e+00
1.436124607030580158e+01,3.017794260938044815e+00
1.438125178622463629e+01,3.084567809825359497e+00
1.440125750214346922e+01,2.806412772446040371e+00
1.442126321806230393e+01,3.854130519004214772e+00
1.444126893398113864e+01,3.339974565816715035e+00
1.446127464989997158e+01,3.174558182776332060e+00
1.448128036581880451e+01,3.798433926454824139e+00
1.450128608173763922e+01,3.552824729776661972e+00
1.452129179765647393e+01,3.642197934598191189e+00
1.454129751357530864e+01,3.625136124685477412e+00
1.456130322949414158e+01,3.003133720289524078e+00
1.458130894541297451e+01,3.464115583870105652e+00
1.460131466133180922e+01,4.363610792842164798e+00
1.462132037725064393e+01,3.891485084039288722e+00
1.464132609316947686e+01,3.124550446414357197e+00
1.466133180908831157e+01,3.524323314968153653e+00
1.468133752500714451e+01,4.101673363001026473e+00
1.470134324092597922e+01,4.005656136313779037e+00
1.472134895684481393e+01,4.169891230802273085e+00
1.474135467276364686e+01,3.859616489851902088e+00
1.476136038868247979e+01,3.950058078834650210e+00
1.478136610460131450e+01,4.623835009654005290e+00
1.480137182052014921e+01,4.746432912662529091e+00
1.482137753643898392e+01,4.865827585880914796e+00
1.484138325235781686e+01,4.483335169934292708e+00
1.486138896827664979e+01,3.932323372008961648e+00
1.488139468419548450e+01,3.852863626421910936e+00
1.490140040011431921e+01,5.168157507816824925e+00
1.492140611603315392e+01,5.251298425994372465e+00
1.494141183195198685e+01,5.491477228869251270e+00
1.496141754787081979e+01,5.070268092220210576e+00
1.498142326378965450e+01,5.690903134150925524e+00
1.500142897970848921e+01,5.158569152294336213e+00
1.502143469562732214e+01,5.837636624762128967e+00
1.504144041154615508e+01,5.416067317155198069e+00
1.506144612746498979e+01,6.050874222627955490e+00
1.508145184338382450e+01,5.252651382544843983e+00
1.510145755930265921e+01,5.382331305061140547e+00
1.512146327522149214e+01,5.520214037972412058e+00
1.514146899114032507e+01,6.424955385394648388e+00
1.516147470705915978e+01,6.232433177165683347e+00
1.518148042297799449e+01,6.639032997792094548e+00
1.520148613889682920e+01,6.631195103168309402e+00
1.522149185481566214e+01,7.222273728823690675e+00
1.524149757073449507e+01,6.753851598022839298e+00
1.526150328665332978e+01,7.012864327505817563e+00
1.528150900257216449e+01,7.412644583756675232e+00
1.530151471849099742e+01,7.144680947258570392e+00
1.532152043440983036e+01,7.478306717786541213e+00
1.534152615032866507e+01,7.686290436410954996e+00
1.536153186624749978e+01,8.638437715997199007e+00
1.538153758216633449e+01,8.418328347937201528e+00
1.540154329808516742e+01,8.178867470324290068e+00
1.542154901400400036e+01,8.424373092819973152e+00
1.544155472992283507e+01,8.257869097676664438e+00
1.546156044584166978e+01,8.548930541849632192e+00
1.548156616176050449e+01,9.520168337417793225e+00
1.550157187767933742e+01,8.893718997783302882e+00
1.552157759359817035e+01,9.742939924792516138e+00
1.554158330951700506e+01,9.585545330090358362e+00
1.556158902543583977e+01,1.073145869125184326e+01
1.558159474135467271e+01,1.021792247200647985e+01
1.560160045727350742e+01,1.047790672559152192e+01
1.562160617319234035e+01,1.115934344904466613e+01
1.564161188911117506e+01,1.196829488630157456e+01
1.566161760503000977e+01,1.245100607994874231e+01
1.568162332094884270e+01,1.208963663039600966e+01
1.570162903686767564e+01,1.213768025946111706e+01
1.572163475278651035e+01,1.260657764424360749e+01
1.574164046870534506e+01,1.237012340857212322e+01
1.576164618462417977e+01,1.318893370648658880e+01
1.578165190054301270e+01,1.367076950032124394e+01
1.580165761646184563e+01,1.369500258636390022e+01
1.582166333238068034e+01,1.397921339330350854e+01
1.584166904829951505e+01,1.465175396239663108e+01
1.586167476421834799e+01,1.457520651917481302e+01
1.588168048013718270e+01,1.514442607708384969e+01
1.590168619605601563e+01,1.607056427505187202e+01
1.592169191197485034e+01,1.561811853060463662e+01
1.594169762789368505e+01,1.655726758623744743e+01
1.596170334381251799e+01,1.715360855411727670e+01
1.598170905973135092e+01,1.703638643171110445e+01
1.600171477565018563e+01,1.799864132290286278e+01
1.602172049156902034e+01,1.765488360961853331e+01
1.604172620748785505e+01,1.910829429082806286e+01
1.606173192340668976e+01,1.964512512807967681e+01
1.608173763932552092e+01,1.958737071699265897e+01
1.610174335524435563e+01,1.969437377685160584e+01
1.612174907116319034e+01,2.069720513775505566e+01
1.614175478708202505e+01,2.139587724571487115e+01
1.616176050300085620e+01,2.129103665974453108e+01
1.618176621891969091e+01,2.139923464571295142e+01
1.620177193483852562e+01,2.235634138740114452e+01
1.622177765075736033e+01,2.247238399582808199e+01
1.624178336667619504e+01,2.309904659657043524e+01
1.626178908259502620e+01,2.241416603268142183e+01
1.628179479851386091e+01,2.332011864773136267e+01
1.630180051443269562e+01,2.411602013421591550e+01
1.632180623035153033e+01,2.314266917921443678e+01
1.634181194627036149e+01,2.358789624962862419e+01
1.636181766218919620e+01,2.405906284837674036e+01
1.638182337810803091e+01,2.359814306636931747e+01
1.640182909402686562e+01,2.353925168432088810e+01
1.642183480994570033e+01,2.242947741045732002e+01
1.644184052586453504e+01,2.344963765536372335e+01
1.646184624178336620e+01,2.183572700568626601e+01
1.648185195770220091e+01,2.090735796148852188e+01
1.650185767362103562e+01,2.130572267706816092e+01
1.652186338953986677e+01,2.079520590664765578e+01
1.654186910545870148e+01,1.902884045419968828e+01
1.656187482137753619e+01,1.814225381193915254e+01
1.658188053729637090e+01,1.809098169154032831e+01
1.660188625321520561e+01,1.606846347634936478e+01
1.662189196913404032e+01,1.556052863682071141e+01
1.664189768505287148e+01,1.480910913054475841e+01
1.666190340097170619e+01,1.369005367764123804e+01
1.668190911689054090e+01,1.253781206245489699e+01
1.670191483280937561e+01,1.259640974240446809e+01
1.672192054872820677e+01,1.116674824531847676e+01
1.674192626464704148e+01,1.132922780267179874e+01
1.676193198056587619e+01,1.032198892746783336e+01
1.678193769648471090e+01,9.224926150473814701e+00
1.680194341240354561e+01,9.501903061287963581e+00
1.682194912832238032e+01,9.106030581307301475e+00
1.684195484424121148e+01,8.107764707524223624e+00
1.686196056016004619e+01,8.071196496604917670e+00
1.688196627607888090e+01,8.009801031238581004e+00
1.690197199199771205e+01,7.647932594838552589e+00
1.692197770791654676e+01,7.357760275407960293e+00
1.694198342383538147e+01,8.077763933084513681e+00
1.696198913975421618e+01,7.851657763054882722e+00
1.698199485567305089e+01,7.858232061832305604e+00
1.700200057159188560e+01,7.449156442625612939e+00
1.702200628751071676e+01,7.320547697076820626e+00
1.704201200342955147e+01,7.494895575214913563e+00
1.706201771934838618e+01,7.375688799359695125e+00
1.708202343526722089e+01,7.446057613459974966e+00
1.710202915118605205e+01,6.505685911190852266e+00
1.712203486710488676e+01,7.425745865376967458e+00
1.714204058302372147e+01,7.755352828846506341e+00
1.716204629894255618e+01,7.474338978215063989e+00
1.718205201486139089e+01,8.057646785728486805e+00
1.720205773078022204e+01,8.351071165283633135e+00
1.722206344669905675e+01,8.325815254145908284e+00
1.724206916261789146e+01,8.272380067087103939e+00
1.726207487853672617e+01,8.178977414993365613e+00
1.728208059445555733e+01,8.575578517726180294e+00
1.730208631037439204e+01,9.688987817471355513e+00
1.732209202629322675e+01,8.512500805398342862e+00
1.734209774221206146e+01,9.275670968155800722e+00
1.736210345813089617e+01,1.006892396877060314e+01
1.738210917404973088e+01,9.194358287436429578e+00
1.740211488996856204e+01,9.555543066224840842e+00
1.742212060588739675e+01,1.015905343710429598e+01
1.744212632180623146e+01,1.028363658295808136e+01
1.746213203772506262e+01,1.103803910288736034e+01
1.748213775364389733e+01,1.069434641015990195e+01
1.750214346956273204e+01,1.161848715952370625e+01
1.752214918548156675e+01,1.242299360090149918e+01
1.754215490140040146e+01,1.202401007390175280e+01
1.756216061731923617e+01,1.204690495330438615e+01
1.758216633323806732e+01,1.224060407471752754e+01
1.760217204915690203e+01,1.259169114421226787e+01
1.762217776507573674e+01,1.306276722876136631e+01
1.764218348099457145e+01,1.426008535073512995e+01
1.766218919691340261e+01,1.440761454721890544e+01
1.768219491283223732e+01,1.541573359584301883e+01
1.770220062875107203e+01,1.533376700950904592e+01
1.772220634466990674e+01,1.537831870592288652e+01
1.774221206058874145e+01,1.640594953157376068e+01
1.776221777650757616e+01,1.706062881895345029e+01
1.778222349242640732e+01,1.727881856758443035e+01
1.780222920834524203e+01,1.807459840739567269e+01
1.782223492426407674e+01,1.819643945689384168e+01
1.784224064018290790e+01,1.853968238299486160e+01
1.786224635610174261e+01,1.864028603170357812e+01
1.788225207202057732e+01,1.934562773253352930e+01
1.790225778793941203e+01,2.128282286470700058e+01
1.792226350385824674e+01,2.147996041854102955e+01
1.794226921977708145e+01,2.159893418615522975e+01
1.796227493569591260e+01,2.215105442714556006e+01
1.798228065161474731e+01,2.225103901561724484e+01
1.800228636753358202e+01,2.395681082193845768e+01
1.802229208345241318e+01,2.499406614950771655e+01
1.804229779937124789e+01,2.448520966682318090e+01
1.806230351529008260e+01,2.586366207993347288e+01
1.808230923120891731e+01,2.626477738283935892e+01
1.810231494712775202e+01,2.746060804928185917e+01
1.812232066304658673e+01,2.732398055661770897e+01
1.814232637896542144e+01,2.788990678838801784e+01
1.816233209488425260e+01,2.938451354590634779e+01
1.818233781080308731e+01,2.945908651986218985e+01
1.820234352672191847e+01,3.010009618071939741e+01
1.822234924264075318e+01,3.067562156724284250e+01
1.824235495855958789e+01,3.241810931030564547e+01
1.826236067447842260e+01,3.223506436113521545e+01
1.828236639039725731e+01,3.296826809712841566e+01
1.830237210631609202e+01,3.359264551237973961e+01
1.832237782223492673e+01,3.363568551888884883e+01
1.834238353815375788e+01,3.465857860614119090e+01
1.836238925407259259e+01,3.559388509580658422e+01
1.838239496999142730e+01,3.566625555146899273e+01
1.840240068591025846e+01,3.546537344163506589e+01
1.842240640182909317e+01,3.619423479791889520e+01
1.844241211774792788e+01,3.650658670903047209e+01
1.846241783366676259e+01,3.642605979300935815e+01
1.848242354958559730e+01,3.638934196574862767e+01
1.850242926550443201e+01,3.610858360413864432e+01
1.852243498142326672e+01,3.608153917248996123e+01
1.854244069734209788e+01,3.605869436392905669e+01
1.856244641326093259e+01,3.513361209728040535e+01
1.858245212917976374e+01,3.437825404431515608e+01
1.860245784509859845e+01,3.357955530409915212e+01
1.862246356101743316e+01,3.326344297614620160e+01
1.864246927693626787e+01,3.239246263248783464e+01
1.866247499285510258e+01,3.168518653431544152e+01
1.868248070877393729e+01,3.021883183059933486e+01
1.870248642469277200e+01,2.877571057719013226e+01
1.872249214061160316e+01,2.671738787960851980e+01
1.874249785653043787e+01,2.628084885242002144e+01
1.876250357244927258e+01,2.496994677188655487e+01
1.878250928836810374e+01,2.297474111019511867e+01
1.880251500428693845e+01,2.123498774876765793e+01
1.882252072020577316e+01,1.993380424204175227e+01
1.884252643612460787e+01,1.863474506586828028e+01
1.886253215204344258e+01,1.748651954455597490e+01
1.888253786796227729e+01,1.637174437272106786e+01
1.890254358388111200e+01,1.482131847631718102e+01
1.892254929979994316e+01,1.397630855769483738e+01
1.894255501571877787e+01,1.395107811257268260e+01
1.896256073163760902e+01,1.287409981939078563e+01
1.898256644755644373e+01,1.235752084653622873e+01
1.900257216347527844e+01,1.206687244939991288e+01
1.902257787939411315e+01,1.157758217688889424e+01
1.904258359531294786e+01,1.127787045887721717e+01
1.906258931123178257e+01,1.109368501760669190e+01
1.908259502715061728e+01,1.112115923771927228e+01
1.910260074306944844e+01,1.015529475227513956e+01
1.912260645898828315e+01,1.044030326763999561e+01
1.914261217490711431e+01,1.033864162852249891e+01
1.916261789082594902e+01,1.028203261770990551e+01
1.918262360674478373e+01,1.081509254309214541e+01
1.920262932266361844e+01,1.070958094868537458e+01
1.922263503858245315e+01,1.091899583913181004e+01
1.924264075450128786e+01,1.044640038531116311e+01
1.926264647042012257e+01,1.116022495111711876e+01
1.928265218633895373e+01,1.054838350070493469e+01
1.930265790225778844e+01,1.054719130047105935e+01
1.932266361817662315e+01,1.110404656313608562e+01
1.934266933409545430e+01,1.173499595524572747e+01
1.936267505001428901e+01,1.098497483408108266e+01
1.938268076593312372e+01,1.169936090808081985e+01
1.940268648185195843e+01,1.135689004753593245e+01
1.942269219777079314e+01,1.067235499558390543e+01
1.944269791368962785e+01,1.181581751225905030e+01
1.946270362960846256e+01,1.176384744058752219e+01
1.948270934552729372e+01,1.129150424438075007e+01
1.950271506144612843e+01,1.201965854889321150e+01
1.952272077736495959e+01,1.109456287881161529e+01
1.954272649328379430e+01,1.050180413359372622e+01
1.956273220920262901e+01,1.123757174226509647e+01
1.958273792512146372e+01,1.102276400108206289e+01
1.960274364104029843e+01,1.119669714040463049e+01
1.962274935695913314e+01,1.106963235680813895e+01
1.964275507287796785e+01,1.123074006738906760e+01
1.966276078879679901e+01,1.206536599622230810e+01
1.968276650471563372e+01,1.230578938900999475e+01
1.970277222063446487e+01,1.219535394639563286e+01
1.972277793655329958e+01,1.117046477650812619e+01
1.974278365247213429e+01,1.158110103618575693e+01
1.976278936839096900e+01,1.217547203442419601e+01
1.978279508430980371e+01,1.238418196921856484e+01
1.980280080022863842e+01,1.277854843707292432e+01
1.982280651614747313e+01,1.276291251626813583e+01
1.984281223206630784e+01,1.403643840024648526e+01
1.986281794798513900e+01,1.422962281432102394e+01
1.988282366390397371e+01,1.393473972993453813e+01
1.990282937982280487e+01,1.399153708438237764e+01
1.992283509574163958e+01,1.484577392859057809e+01
1.994284081166047429e+01,1.508233062502460342e+01
1.996284652757930900e+01,1.474293386690564667e+01
1.998285224349814371e+01,1.559406075656659674e+01
2.000285795941697842e+01,1.645926818090482868e+01
2.002286367533581313e+01,1.664342912990569090e+01
2.004286939125464428e+01,1.730257020459827899e+01
2.006287510717347899e+01,1.824244097108707763e+01
2.008288082309231015e+01,1.835948971909300909e+01
2.010288653901114486e+01,1.822479097320218244e+01
2.012289225492997957e+01,1.907655399546750630e+01
2.014289797084881428e+01,1.916974719960423812e+01
2.016290368676764899e+01,2.008309136763654124e+01
2.018290940268648370e+01,2.053742873349936104e+01
2.020291511860531841e+01,2.168535807068920462e+01
2.022292083452414957e+01,2.208975921425742328e+01
2.024292655044298428e+01,2.204756855726870413e+01
2.026293226636181899e+01,2.285301910169030037e+01
2.028293798228065015e+01,2.304471589307744495e+01
2.030294369819948486e+01,2.350843084507002345e+01
2.032294941411831957e+01,2.406784771855175364e+01
2.034295513003715428e+01,2.485067943209632801e+01
2.036296084595598899e+01,2.527427447900686985e+01
2.038296656187482370e+01,2.606829012481421870e+01
2.040297227779365841e+01,2.668135910370941843e+01
2.042297799371248956e+01,2.636926365627213187e+01
2.044298370963132427e+01,2.693135356292210503e+01
2.046298942555015543e+01,2.717116114848215958e+01
2.048299514146899014e+01,2.720015715745341822e+01
2.050300085738782485e+01,2.715727987977488667e+01
2.052300657330665956e+01,2.705091473919510037e+01
2.054301228922549427e+01,2.652541843680329237e+01
2.056301800514432898e+01,2.676724082320762221e+01
2.058302372106316369e+01,2.692359499314413540e+01
2.060302943698199485e+01,2.663988901314595381e+01
2.062303515290082956e+01,2.581575400023904621e+01
2.064304086881966072e+01,2.385054594575687048e+01
2.066304658473849543e+01,2.419566050384658240e+01
2.068305230065733014e+01,2.247268445951394966e+01
2.070305801657616485e+01,2.238472473139869834e+01
2.072306373249499956e+01,2.105230956922482477e+01
2.074306944841383427e+01,2.060097096100260572e+01
2.076307516433266898e+01,1.932314898216390731e+01
2.078308088025150369e+01,1.780014647749549539e+01
2.080308659617033484e+01,1.746227483671337311e+01
2.082309231208916955e+01,1.615021200871805007e+01
2.084309802800800071e+01,1.573829239506169131e+01
2.086310374392683542e+01,1.510572250885251755e+01
2.088310945984567013e+01,1.444234137921726102e+01
2.090311517576450484e+01,1.462022522181740491e+01
2.092312089168333955e+01,1.376038551420321809e+01
2.094312660760217426e+01,1.458225853366497304e+01
2.096313232352100897e+01,1.407169765452513666e+01
2.098313803943984013e+01,1.322790389477665762e+01
2.100314375535867484e+01,1.342311287942832365e+01
2.102314947127750600e+01,1.351774524518311793e+01
2.104315518719634071e+01,1.367369695209609759e+01
2.106316090311517542e+01,1.405848492952111783e+01
2.108316661903401013e+01,1.381005629581995109e+01
2.110317233495284484e+01,1.522249867340944718e+01
2.112317805087167955e+01,1.503080634668022597e+01
2.114318376679051426e+01,1.458152511667243800e+01
2.116318948270934541e+01,1.550969984778664923e+01
2.118319519862818012e+01,1.537549532660244722e+01
2.120320091454701483e+01,1.655067874324771893e+01
2.122320663046584599e+01,1.637928022460287281e+01
2.124321234638468070e+01,1.715324816161290755e+01
2.126321806230351541e+01,1.668671376466437550e+01
2.128322377822235012e+01,1.776479936121126002e+01
2.130322949414118483e+01,1.787859508106955531e+01
2.132323521006001954e+01,1.942212382845912799e+01
2.134324092597885425e+01,2.028183958582006952e+01
2.136324664189768541e+01,2.033757038352671742e+01
2.138325235781652012e+01,2.071020115669617923e+01
2.140325807373535127e+01,2.114619794470174696e+01
2.142326378965418598e+01,2.227826382929957205e+01
2.144326950557302069e+01,2.329384769266819433e+01
2.146327522149185540e+01,2.354815274804126446e+01
2.148328093741069011e+01,2.437261942855928609e+01
2.150328665332952482e+01,2.485851074635976943e+01
2.152329236924835953e+01,2.471259060471740909e+01
2.154329808516719069e+01,2.675361166891308784e+01
2.156330380108602540e+01,2.706171137239294922e+01
2.158330951700485656e+01,2.809133295313025869e+01
2.160331523292369127e+01,2.813769338400141606e+01
2.162332094884252598e+01,2.905814883037654894e+01
2.164332666476136069e+01,2.951408034774959788e+01
2.166333238068019540e+01,2.997076816664273835e+01
2.168333809659903011e+01,3.045403759198055127e+01
2.170334381251786482e+01,3.178838410753635912e+01
2.172334952843669598e+01,3.147246381933392101e+01
2.174335524435553069e+01,3.279734344999771878e+01
2.176336096027436540e+01,3.325589753980784025e+01
2.178336667619319655e+01,3.322915462963358380e+01
2.180337239211203126e+01,3.301443434718873959e+01
2.182337810803086597e+01,3.341340167028540264e+01
2.184338382394970068e+01,3.427456964718020771e+01
2.186338953986853539e+01,3.421650088211092111e+01
2.188339525578737010e+01,3.435221354012223571e+01
2.190340097170620481e+01,3.352811545587593400e+01
2.192340668762503597e+01,3.336253359681555253e+01
2.194341240354387068e+01,3.309411691957392065e+01
2.196341811946270184e+01,3.303639596135695911e+01
2.198342383538153655e+01,3.243678920425058010e+01
2.200342955130037126e+01,3.179198626420660290e+01
2.202343526721920597e+01,3.216023959044765945e+01
2.204344098313804068e+01,3.151474815960259690e+01
2.206344669905687539e+01,3.111134527357903323e+01
2.208345241497571010e+01,3.041479470005520369e+01
2.210345813089454126e+01,3.033262559489170940e+01
2.212346384681337597e+01,2.987212596613814597e+01
2.214346956273221068e+01,2.972021360917803179e+01
2.216347527865104183e+01,3.012039134942797602e+01
2.218348099456987654e+01,3.019522386343670206e+01
2.220348671048871125e+01,2.955339918385165632e+01
2.222349242640754596e+01,3.024012004267460796e+01
2.224349814232638067e+01,3.109524714906265430e+01
2.226350385824521538e+01,3.053882008862404618e+01
2.228350957416405009e+01,3.100794476204659134e+01
2.230351529008288125e+01,3.081274233089927606e+01
2.232352100600171596e+01,3.178620649901467488e+01
2.234352672192054712e+01,3.234084196038706693e+01
2.236353243783938183e+01,3.186140442060294120e+01
2.238353815375821654e+01,3.245965838923935110e+01
2.240354386967705125e+01,3.275294606403109299e+01
2.242354958559588596e+01,3.228361421522316732e+01
2.244355530151472067e+01,3.275918322981422648e+01
2.246356101743355538e+01,3.303966145761930306e+01
2.248356673335238654e+01,3.290876359268008855e+01
2.250357244927122125e+01,3.215686370257714088e+01
2.252357816519005240e+01,3.175671861798703333e+01
2.254358388110888711e+01,3.192978914695228454e+01
2.256358959702772182e+01,3.047672587070622896e+01
2.258359531294655653e+01,3.012824011999936857e+01
2.260360102886539124e+01,2.844381493273294836e+01
2.262360674478422595e+01,2.785479374484278736e+01
2.264361246070306066e+01,2.612975737419725419e+01
2.266361817662189182e+01,2.452755025559943647e+01
2.268362389254072653e+01,2.392920183464885753e+01
2.270362960845956124e+01,2.187756381896764424e+01
2.272363532437839240e+01,2.106238221155196655e+01
2.274364104029722711e+01,1.914245212155736553e+01
2.276364675621606182e+01,1.749240766137690883e+01
2.278365247213489653e+01,1.633943925692604893e+01
2.280365818805373124e+01,1.441449503967944779e+01
2.282366390397256595e+01,1.413038367901009984e+01
2.284366961989140066e+01,1.238052105514247359e+01
2.286367533581023181e+01,1.145617934500601365e+01
2.288368105172906652e+01,1.108714877124847753e+01
2.290368676764789768e+01,1.080928381189393761e+01
2.292369248356673239e+01,1.047544682560588036e+01
2.294369819948556710e+01,9.434228269190043648e+00
2.296370391540440181e+01,9.031386973168308074e+00
2.298370963132323652e+01,9.246243653907530557e+00
2.300371534724207123e+01,8.889280872284953006e+00
2.302372106316090594e+01,7.978823551732503461e+00
2.304372677907973710e+01,7.714920940919215653e+00
2.306373249499857181e+01,6.796116995250256920e+00
2.308373821091740652e+01,7.261831427039529885e+00
2.310374392683623768e+01,6.264657446898334037e+00
2.312374964275507239e+01,6.694221991133384897e+00
2.314375535867390710e+01,6.607773436979124781e+00
2.316376107459274181e+01,6.426127258980661061e+00
2.318376679051157652e+01,6.531931440632597230e+00
2.320377250643041123e+01,6.506467711551312760e+00
2.322377822234924594e+01,6.496365477638230246e+00
2.324378393826807709e+01,5.812070101089477525e+00
2.326378965418691180e+01,6.614194217769931328e+00
2.328379537010574296e+01,6.461348299748069124e+00
2.330380108602457767e+01,6.087248294033257956e+00
2.332380680194341238e+01,6.552107587842081138e+00
2.334381251786224709e+01,5.984477090107754194e+00
2.336381823378108180e+01,6.016620123189733604e+00
2.338382394969991651e+01,5.944709619509334075e+00
2.340382966561875122e+01,5.946923635398663421e+00
2.342383538153758238e+01,6.120802135340763783e+00
2.344384109745641709e+01,5.869675139589647372e+00
2.346384681337524825e+01,6.608788267253988380e+00
2.348385252929408296e+01,5.406669865654551543e+00
2.350385824521291767e+01,5.856947599345170730e+00
2.352386396113175238e+01,5.932568420048802693e+00
2.354386967705058709e+01,5.895345685709073358e+00
2.356387539296942180e+01,5.602613123491817504e+00
2.358388110888825651e+01,5.547718565135705049e+00
2.360388682480708766e+01,5.790928577596686999e+00
2.362389254072592237e+01,5.829782365439829306e+00
2.364389825664475708e+01,5.919763102767740648e+00
2.366390397256358824e+01,5.923612376562292781e+00
2.368390968848242295e+01,5.523425301669114162e+00
2.370391540440125766e+01,6.349422827220038812e+00
2.372392112032009237e+01,6.153872358042923096e+00
2.374392683623892708e+01,6.217512011293559127e+00
2.376393255215776179e+01,5.769642910219018539e+00
2.378393826807659650e+01,6.139410899822107304e+00
2.380394398399542766e+01,6.231182931029240812e+00
2.382394969991426237e+01,5.821530162577176704e+00
2.384395541583309353e+01,5.722645855697262363e+00
2.386396113175192824e+01,6.488393172399293363e+00
2.388396684767076295e+01,6.848856773183227276e+00
2.390397256358959766e+01,6.902468473750858813e+00
2.392397827950843237e+01,5.931715713480807395e+00
2.394398399542726708e+01,6.769302327194978375e+00
2.396398971134610179e+01,6.263221777047355943e+00
2.398399542726493294e+01,6.094824233698890481e+00
2.400400114318376765e+01,6.352864043489649504e+00
2.402400685910260236e+01,7.035718002874574495e+00
2.404401257502143352e+01,6.260807568267191314e+00
2.406401829094026823e+01,7.357727973324141857e+00
2.408402400685910294e+01,7.263183893438084127e+00
2.410402972277793765e+01,7.558599325105397781e+00
2.412403543869677236e+01,6.702176832707332110e+00
2.414404115461560707e+01,6.982133459103877726e+00
2.416404687053444178e+01,6.646628184788642812e+00
2.418405258645327294e+01,6.814076351252773556e+00
2.420405830237210765e+01,6.726427584010842509e+00
2.422406401829093880e+01,6.549668975830405415e+00
2.424406973420977351e+01,6.461744675862304277e+00
2.426407545012860822e+01,7.536049220463087117e+00
2.428408116604744293e+01,7.151895440188109632e+00
2.430408688196627764e+01,6.608938754335301979e+00
2.432409259788511235e+01,6.441293259853296149e+00
2.434409831380394706e+01,7.001366298717485392e+00
2.436410402972277822e+01,7.164329409250648872e+00
2.438410974564161293e+01,7.483689610667354053e+00
2.440411546156044409e+01,7.239670948348073232e+00
2.442412117747927880e+01,6.848650706877309702e+00
2.444412689339811351e+01,7.643811903549693199e+00
2.446413260931694822e+01,6.562056138391952231e+00
2.448413832523578293e+01,6.547425744896401945e+00
2.450414404115461764e+01,6.648792523245068864e+00
2.452414975707345235e+01,6.824069372966553360e+00
2.454415547299228351e+01,6.641369632267638323e+00
2.456416118891111822e+01,6.627166830685771615e+00
2.458416690482995293e+01,6.471338270048882180e+00
2.460417262074878408e+01,6.490508947238222248e+00
2.462417833666761879e+01,6.631441141610165957e+00
2.464418405258645350e+01,6.346732515299420285e+00
2.466418976850528821e+01,6.714873501338510131e+00
2.468419548442412292e+01,6.957122843128971112e+00
2.470420120034295763e+01,6.266332423750622382e+00
2.472420691626179234e+01,6.126331663547688322e+00
2.474421263218062350e+01,6.947551544345660801e+00
2.476421834809945821e+01,6.536626197101323754e+00
2.478422406401828937e+01,7.264175399297456259e+00
2.480422977993712408e+01,7.313236970730847553e+00
2.482423549585595879e+01,6.316858320571358654e+00
2.484424121177479350e+01,6.577309503098448751e+00
2.486424692769362821e+01,6.424109926798026393e+00
2.488425264361246292e+01,7.005205912930373202e+00
2.490425835953129763e+01,7.134305478412789725e+00
2.492426407545012879e+01,7.370893680095645273e+00
2.494426979136896350e+01,7.783163209480950862e+00
2.496427550728779821e+01,7.936474147065448292e+00
2.498428122320662936e+01,7.320340156136875720e+00
2.500428693912546407e+01,7.533185780099760365e+00
2.502429265504429878e+01,7.809617489195961326e+00
2.504429837096313349e+01,7.812457074315162231e+00
2.506430408688196820e+01,8.266345275712779994e+00
2.508430980280080291e+01,7.513533844879525248e+00
2.510431551871963762e+01,8.318746202111530152e+00
2.512432123463846878e+01,8.819064322315037785e+00
2.514432695055730349e+01,8.620432655367718411e+00
2.516433266647613465e+01,8.000879326802746050e+00
2.518433838239496936e+01,8.800329613956094477e+00
2.520434409831380407e+01,8.379526307415972042e+00
2.522434981423263878e+01,9.556201062256127088e+00
2.524435553015147349e+01,9.133220192967929307e+00
2.526436124607030820e+01,8.483554567014522263e+00
2.528436696198914291e+01,8.655127301842167498e+00
2.530437267790797407e+01,9.197118367166194020e+00
2.532437839382680878e+01,9.008197136056994125e+00
2.534438410974563993e+01,1.008789371910940957e+01
2.536438982566447464e+01,9.292414722573184349e+00
2.538439554158330935e+01,9.691111349718656953e+00
2.540440125750214406e+01,9.016578486304752005e+00
2.542440697342097877e+01,9.663484009722438373e+00
2.544441268933981348e+01,1.037343359247572394e+01
2.546441840525864819e+01,9.587684559828302255e+00
2.548442412117747935e+01,1.059174781594904680e+01
2.550442983709631406e+01,9.819319508444110056e+00
2.552443555301514877e+01,1.095846237045195792e+01
2.554444126893397993e+01,1.091869944472151843e+01
2.556444698485281464e+01,1.145842846524628200e+01
2.558445270077164935e+01,1.134188757246967860e+01
2.560445841669048406e+01,1.197862359150512646e+01
2.562446413260931877e+01,1.171423093291042505e+01
2.564446984852815348e+01,1.190498092421092480e+01
2.566447556444698819e+01,1.313964938055155152e+01
2.568448128036581934e+01,1.320543832704585618e+01
2.570448699628465405e+01,1.294044277998192349e+01
2.572449271220348521e+01,1.390590244254542007e+01
2.574449842812231992e+01,1.347695776051577710e+01
2.576450414404115463e+01,1.506723310323642373e+01
2.578450985995998934e+01,1.568038037683358610e+01
2.580451557587882405e+01,1.537756584168822549e+01
2.582452129179765876e+01,1.646364229744112606e+01
2.584452700771649347e+01,1.640067898074351405e+01
2.586453272363532463e+01,1.669464450494114161e+01
2.588453843955415934e+01,1.820424929402659231e+01
2.590454415547299405e+01,1.790548963690815398e+01
2.592454987139182521e+01,1.915687641837079269e+01
2.594455558731065992e+01,1.966207584280250487e+01
2.596456130322949463e+01,1.944528187330172742e+01
2.598456701914832934e+01,2.117849089132865004e+01
2.600457273506716405e+01,2.194111943129571074e+01
2.602457845098599520e+01,2.299072923704189009e+01
2.604458416690482991e+01,2.373571020004145282e+01
2.606458988282366462e+01,2.524704228715315324e+01
2.608459559874249933e+01,2.570508618784078081e+01
2.610460131466133404e+01,2.708368834411126613e+01
2.612460703058016520e+01,2.794539416426353995e+01
2.614461274649899991e+01,2.998569308861139859e+01
2.616461846241783462e+01,3.161305351441650657e+01
2.618462417833666933e+01,3.253760633930382085e+01
2.620462989425550404e+01,3.429025784637766350e+01
2.622463561017433520e+01,3.570278189191068918e+01
2.624464132609316991e+01,3.828249922157516494e+01
2.626464704201200462e+01,3.963939584951978645e+01
2.628465275793083933e+01,4.184719165976478905e+01
2.630465847384967049e+01,4.373193207722574982e+01
2.632466418976850520e+01,4.574279638516948410e+01
2.634466990568733991e+01,4.837426697357362571e+01
2.636467562160617462e+01,5.062604487787697849e+01
2.638468133752500933e+01,5.262163511653151460e+01
2.640468705344384048e+01,5.530752439581067392e+01
2.642469276936267519e+01,5.887706602361934927e+01
2.644469848528150990e+01,6.100339720607168914e+01
2.646470420120034461e+01,6.343277026772535976e+01
2.648470991711917932e+01,6.641528695392599957e+01
2.650471563303801048e+01,6.915064814893399614e+01
2.652472134895684519e+01,7.156257523962416656e+01
2.654472706487567990e+01,7.530862867008593753e+01
2.656473278079451461e+01,7.822681566725142943e+01
2.658473849671334932e+01,8.147084894896313756e+01
2.660474421263218048e+01,8.367485850755203103e+01
2.662474992855101519e+01,8.693926279334849028e+01
2.664475564446984990e+01,8.979189912044570576e+01
2.666476136038868461e+01,9.193425574417764778e+01
2.668476707630751577e+01,9.419908028038983616e+01
2.670477279222635048e+01,9.657602527638772472e+01
2.672477850814518519e+01,9.827185913597406852e+01
2.674478422406401990e+01,9.847431103435854993e+01
2.676478993998285461e+01,9.923318749582651321e+01
2.678479565590168576e+01,1.000000000000000000e+02
2.680480137182052047e+01,9.939006175438845503e+01
2.682480708773935518e+01,9.869588556860705353e+01
2.684481280365818989e+01,9.764140847529350253e+01
2.686481851957702460e+01,9.527401588901193463e+01
2.688482423549585576e+01,9.257894997238020096e+01
2.690482995141469047e+01,8.906712874258515455e+01
2.692483566733352518e+01,8.494475963175736410e+01
2.694484138325235989e+01,8.229227091335813782e+01
2.696484709917119105e+01,7.749451567226648763e+01
2.698485281509002576e+01,7.364011736868724256e+01
2.700485853100886047e+01,6.930201490708734013e+01
2.702486424692769518e+01,6.470253790043000208e+01
2.704486996284652989e+01,6.159492794448087238e+01
2.706487567876536104e+01,5.776553200261997745e+01
2.708488139468419575e+01,5.425508601130501063e+01
2.710488711060303046e+01,5.164451673873790583e+01
2.712489282652186517e+01,4.827647617163839300e+01
2.714489854244069988e+01,4.673328071711365084e+01
2.716490425835953104e+01,4.438391178581123597e+01
2.718490997427836575e+01,4.334164745630334181e+01
2.720491569019720046e+01,4.207533831802521718e+01
2.722492140611603517e+01,4.170652765963508557e+01
2.724492712203486633e+01,4.065678352855423583e+01
2.726493283795370104e+01,4.080939570321731935e+01
2.728493855387253575e+01,3.999632072016564877e+01
2.730494426979137046e+01,4.084886953127238485e+01
2.732494998571020517e+01,4.059009771996534255e+01
2.734495570162903633e+01,4.132096249828990153e+01
2.736496141754787104e+01,4.229034804188796670e+01
2.738496713346670575e+01,4.324819607897482854e+01
2.740497284938554046e+01,4.357414963765259586e+01
2.742497856530437517e+01,4.560245370398607889e+01
2.744498428122320632e+01,4.588257496408012059e+01
2.746498999714204103e+01,4.773019855324268690e+01
2.748499571306087574e+01,4.912775505256594499e+01
2.750500142897971045e+01,5.097983585173201959e+01
2.752500714489854516e+01,5.288441083890745631e+01
2.754501286081737632e+01,5.372683641852276537e+01
2.756501857673621103e+01,5.550079382024013341e+01
2.758502429265504574e+01,5.754910197004127781e+01
2.760503000857388045e+01,5.924272838690981757e+01
2.762503572449271161e+01,6.053059496832729280e+01
2.764504144041154632e+01,6.263402299356358327e+01
2.766504715633038103e+01,6.318786793755134568e+01
2.768505287224921574e+01,6.483355814252351479e+01
2.770505858816805045e+01,6.651108014605296148e+01
2.772506430408688161e+01,6.664178922712767417e+01
2.774507002000571632e+01,6.768468405530589393e+01
2.776507573592455103e+01,6.812281837257262396e+01
2.778508145184338574e+01,6.837051231435580689e+01
2.780508716776222045e+01,6.836208657786335152e+01
2.782509288368105160e+01,6.766870598161548855e+01
2.784509859959988631e+01,6.679135867084062284e+01
2.786510431551872102e+01,6.557439770500874943e+01
2.788511003143755573e+01,6.406830186016350126e+01
2.790511574735638689e+01,6.288815574332417668e+01
2.792512146327522160e+01,6.154798929678946706e+01
2.794512717919405631e+01,6.022357181227403089e+01
2.796513289511289102e+01,5.863629107553258990e+01
2.798513861103172573e+01,5.671229066081068027e+01
2.800514432695055689e+01,5.533017589160505878e+01
2.802515004286939160e+01,5.389584238402977689e+01
2.804515575878822631e+01,5.280499619502252528e+01
2.806516147470706102e+01,5.148489316091757928e+01
2.808516719062589573e+01,5.107784525120466412e+01
2.810517290654472689e+01,4.984425420779245286e+01
2.812517862246356160e+01,4.907168161882891155e+01
2.814518433838239631e+01,4.911012846725979131e+01
2.816519005430123102e+01,4.808066154531330483e+01
2.818519577022006217e+01,4.868899849976754979e+01
2.820520148613889688e+01,4.882982870676997322e+01
2.822520720205773159e+01,4.875335986445058722e+01
2.824521291797656630e+01,4.888260868179218477e+01
2.826521863389540101e+01,4.977453679832625255e+01
2.828522434981423217e+01,5.059523061727848869e+01
2.830523006573306688e+01,5.066707652105041859e+01
2.832523578165190159e+01,5.164904497629767377e+01
2.834524149757073630e+01,5.179889795294456434e+01
2.836524721348957101e+01,5.385870206743096844e+01
2.838525292940840217e+01,5.458844037228018919e+01
2.840525864532723688e+01,5.561057885939035828e+01
2.842526436124607159e+01,5.580532214632337684e+01
2.844527007716490630e+01,5.704835984545388783e+01
2.846527579308374101e+01,5.839023885450640705e+01
2.848528150900257216e+01,5.924924478941781558e+01
2.850528722492140687e+01,6.059238332950199890e+01
2.852529294084024158e+01,6.095293349003739536e+01
2.854529865675907629e+01,6.223005872675496164e+01
2.856530437267790745e+01,6.178685086099324053e+01
2.858531008859674216e+01,6.266475551329039462e+01
2.860531580451557687e+01,6.252802528396181003e+01
2.862532152043441158e+01,6.299498947154032891e+01
2.864532723635324629e+01,6.290582829241510865e+01
2.866533295227207745e+01,6.270591605257210688e+01
2.868533866819091216e+01,6.065503205122420383e+01
2.870534438410974687e+01,6.037307856973307452e+01
2.872535010002858158e+01,5.904596097990065573e+01
2.874535581594741629e+01,5.731487171928885971e+01
2.876536153186624745e+01,5.565078872029030777e+01
2.878536724778508216e+01,5.325103130720081879e+01
2.880537296370391687e+01,5.226825885435574293e+01
2.882537867962275158e+01,5.062150156638267617e+01
2.884538439554158273e+01,4.775139281665148872e+01
2.886539011146041744e+01,4.572535487529191300e+01
2.888539582737925215e+01,4.427774640463977818e+01
2.890540154329808686e+01,4.195453616903630234e+01
2.892540725921692157e+01,4.061345712650928874e+01
2.894541297513575273e+01,3.860818040329414202e+01
2.896541869105458744e+01,3.754764720007002410e+01
2.898542440697342215e+01,3.713338466448556119e+01
2.900543012289225686e+01,3.604614590868775537e+01
2.902543583881109157e+01,3.560869631610398756e+01
2.904544155472992273e+01,3.549259550071653280e+01
2.906544727064875744e+01,3.480631395823910168e+01
2.908545298656759215e+01,3.481050562497586753e+01
2.910545870248642686e+01,3.493118334184775620e+01
2.912546441840525802e+01,3.538940314346531579e+01
2.914547013432409273e+01,3.507479217733018828e+01
2.916547585024292744e+01,3.475779835075288560e+01
2.918548156616176215e+01,3.551384550623315306e+01
2.920548728208059686e+01,3.494798538264691956e+01
2.922549299799942801e+01,3.486286270940937015e+01
2.924549871391826272e+01,3.467483415162541860e+01
2.926550442983709743e+01,3.381388215007795139e+01
2.928551014575593214e+01,3.404041088356940037e+01
2.930551586167476685e+01,3.283156416504158415e+01
2.932552157759359801e+01,3.256540958573364719e+01
2.934552729351243272e+01,3.182207817196376709e+01
2.936553300943126743e+01,3.139581664455097965e+01
2.938553872535010214e+01,3.118896149100132220e+01
2.940554444126893330e+01,2.954213386376565964e+01
2.942555015718776801e+01,2.901555374033407730e+01
2.944555587310660272e+01,2.791445338906502371e+01
2.946556158902543743e+01,2.698510703010943956e+01
2.948556730494427214e+01,2.638936478265669194e+01
2.950557302086310330e+01,2.637592652715578367e+01
2.952557873678193801e+01,2.476237293992016930e+01
2.954558445270077272e+01,2.511622043643134106e+01
2.956559016861960743e+01,2.531228662971301091e+01
2.958559588453844214e+01,2.385794815742706021e+01
2.960560160045727329e+01,2.471108331965721305e+01
2.962560731637610800e+01,2.464523414042832883e+01
2.964561303229494271e+01,2.445807255852941964e+01
2.966561874821377742e+01,2.451968855935046321e+01
2.968562446413261213e+01,2.526939902421448636e+01
2.970563018005144329e+01,2.518684183737945403e+01
2.972563589597027800e+01,2.641460191985421346e+01
2.974564161188911271e+01,2.589472948251979290e+01
2.976564732780794742e+01,2.652609237707133971e+01
2.978565304372677858e+01,2.598029510468060010e+01
2.980565875964561329e+01,2.709799374476914835e+01
2.982566447556444800e+01,2.764342572789193753e+01
2.984567019148328271e+01,2.816058219503684512e+01
2.986567590740211742e+01,2.767638253331072917e+01
2.988568162332094857e+01,2.809733490962357294e+01
2.990568733923978328e+01,2.814348894419730129e+01
2.992569305515861799e+01,2.758925764984077844e+01
2.994569877107745270e+01,2.789547881407172270e+01
2.996570448699628741e+01,2.765014063810046352e+01
2.998571020291511857e+01,2.693888700667715597e+01
3.000571591883395328e+01,2.631223975108568425e+01
3.002572163475278799e+01,2.584819325278186852e+01
3.004572735067162270e+01,2.547390144525670763e+01
3.006573306659045386e+01,2.429381873855912488e+01
3.008573878250928857e+01,2.346269999359977732e+01
3.010574449842812328e+01,2.238600021818106001e+01
3.012575021434695799e+01,2.068723811997916684e+01
3.014575593026579270e+01,1.959964477587564602e+01
3.016576164618462386e+01,1.829022138718588053e+01
3.018576736210345857e+01,1.770681098034301471e+01
3.020577307802229328e+01,1.721806636874318741e+01
3.022577879394112799e+01,1.610742201905101822e+01
3.024578450985996270e+01,1.536152203418012974e+01
3.026579022577879385e+01,1.437933635022285017e+01
3.028579594169762856e+01,1.494346526853608026e+01
3.030580165761646327e+01,1.375814453669681292e+01
3.032580737353529798e+01,1.319183515072217361e+01
3.034581308945412914e+01,1.284178089247626886e+01
3.036581880537296385e+01,1.345050235147247264e+01
3.038582452129179856e+01,1.337331680159380554e+01
3.040583023721063327e+01,1.203793898287463904e+01
3.042583595312946798e+01,1.217736203481441670e+01
3.044584166904829914e+01,1.183842107216731598e+01
3.046584738496713385e+01,1.212507301491064382e+01
3.048585310088596856e+01,1.259402113195697481e+01
3.050585881680480327e+01,1.246110093520008633e+01
3.052586453272363798e+01,1.248217223704543599e+01
3.054587024864246914e+01,1.311827160969671802e+01
3.056587596456130385e+01,1.241932516546201981e+01
3.058588168048013856e+01,1.355802166261324082e+01
3.060588739639897327e+01,1.334242599877791591e+01
3.062589311231780798e+01,1.328722819121122356e+01
3.064589882823663913e+01,1.399026666966315346e+01
3.066590454415547384e+01,1.349045269358966337e+01
3.068591026007430855e+01,1.356417368804190104e+01
3.070591597599314326e+01,1.461392010050478518e+01
3.072592169191197442e+01,1.450988026620425408e+01
3.074592740783080913e+01,1.462631159257618307e+01
3.076593312374964384e+01,1.472808089812462740e+01
3.078593883966847855e+01,1.541081545818574483e+01
3.080594455558731326e+01,1.526703871551400837e+01
3.082595027150614442e+01,1.445498755567454374e+01
3.084595598742497913e+01,1.496392180505629455e+01
3.086596170334381384e+01,1.418365131690624636e+01
3.088596741926264855e+01,1.412101331355144751e+01
3.090597313518148326e+01,1.538180596996328831e+01
3.092597885110031442e+01,1.395474031533148462e+01
3.094598456701914913e+01,1.451408796502977872e+01
3.096599028293798384e+01,1.422593266026491676e+01
3.098599599885681855e+01,1.413573899028496683e+01
3.100600171477564970e+01,1.436550626892878135e+01
3.102600743069448441e+01,1.363820230829761826e+01
3.104601314661331912e+01,1.401140944395076815e+01
3.106601886253215383e+01,1.360018380465415966e+01
3.108602457845098854e+01,1.344062283167127347e+01
3.110603029436981970e+01,1.377768707377626001e+01
3.112603601028865441e+01,1.279147517973622428e+01
3.114604172620748912e+01,1.288763643787511626e+01
3.116604744212632383e+01,1.341533346171928365e+01
3.118605315804515854e+01,1.256709358967436430e+01
3.120605887396398970e+01,1.310541815796437426e+01
3.122606458988282441e+01,1.386680560398138340e+01
3.124607030580165912e+01,1.335024550436883395e+01
3.126607602172049383e+01,1.334459594675082528e+01
3.128608173763932498e+01,1.393817791397599848e+01
3.130608745355815969e+01,1.383461976861857501e+01
3.132609316947699440e+01,1.383709775495900018e+01
3.134609888539582911e+01,1.403422718084116738e+01
3.136610460131466382e+01,1.460485806942499210e+01
3.138611031723349498e+01,1.560750313867533734e+01
3.140611603315232969e+01,1.526159459263608298e+01
3.142612174907116440e+01,1.566010961521108058e+01
3.144612746498999911e+01,1.524946693582670321e+01
3.146613318090883382e+01,1.604505510894433584e+01
3.148613889682766498e+01,1.522086845858492410e+01
3.150614461274649969e+01,1.634688767969520740e+01
3.152615032866533440e+01,1.633450477689968849e+01
3.154615604458416911e+01,1.703287336009670838e+01
3.156616176050300382e+01,1.741413217996331042e+01
3.158616747642183498e+01,1.653331814878897177e+01
3.160617319234066969e+01,1.836015174167370034e+01
3.162617890825950440e+01,1.815637337697616971e+01
3.164618462417833911e+01,1.834866018603449334e+01
3.166619034009717026e+01,1.821823943357941999e+01
3.168619605601600497e+01,1.803578539397602754e+01
3.170620177193483968e+01,1.878580904481661662e+01
3.172620748785367439e+01,1.901679935938478749e+01
3.174621320377250910e+01,1.905838219103091546e+01
3.176621891969134026e+01,1.916350258891173652e+01
3.178622463561017497e+01,1.892397403592871541e+01
3.180623035152900968e+01,1.913819346280821776e+01
3.182623606744784439e+01,1.822123243265581394e+01
3.184624178336667910e+01,1.895486077710150852e+01
3.186624749928551026e+01,1.780850210415379919e+01
3.188625321520434497e+01,1.835390342519548312e+01
3.190625893112317968e+01,1.682389346720723822e+01
3.192626464704201439e+01,1.695901691605087436e+01
3.194627036296084555e+01,1.655688640233190512e+01
3.196627607887968026e+01,1.505856667507713453e+01
3.198628179479851497e+01,1.484276450657122837e+01
3.200628751071734968e+01,1.355012142428541111e+01
3.202629322663618439e+01,1.311734893377007971e+01
3.204629894255501199e+01,1.215425085835883934e+01
3.206630465847385381e+01,1.141413297784721514e+01
3.208631037439268141e+01,1.116564268257815229e+01
3.210631609031152323e+01,1.026601239069037241e+01
3.212632180623035083e+01,1.064417140805683459e+01
3.214632752214918554e+01,9.310242481354272570e+00
3.216633323806802025e+01,9.438520416670829860e+00
3.218633895398685496e+01,9.531250921470196147e+00
3.220634466990568967e+01,9.205699979577088854e+00
3.222635038582451728e+01,9.078578647772552301e+00
3.224635610174335909e+01,8.721610482375595552e+00
3.226636181766218670e+01,8.602008157431182411e+00
3.228636753358102851e+01,8.217569732574339980e+00
3.230637324949985612e+01,8.367700014260726959e+00
3.232637896541869083e+01,8.131282302845884047e+00
3.234638468133752554e+01,7.329931821321386209e+00
3.236639039725636025e+01,8.253560415105829051e+00
3.238639611317519496e+01,7.868109294416735011e+00
3.240640182909402967e+01,7.193583266456988312e+00
3.242640754501286438e+01,7.148814278134626221e+00
3.244641326093169198e+01,8.037713969742936726e+00
3.246641897685053380e+01,6.979730983544227385e+00
3.248642469276936140e+01,7.299359369146252163e+00
3.250643040868819611e+01,6.891257911770152234e+00
3.252643612460703082e+01,6.946945686968177824e+00
3.254644184052586553e+01,8.119759797312969596e+00
3.256644755644470024e+01,7.134969931814424626e+00
3.258645327236353495e+01,7.030301226056442587e+00
3.260645898828236966e+01,8.057159898797706887e+00
3.262646470420119726e+01,7.278990045023665090e+00
3.264647042012003908e+01,8.430778790542767354e+00
3.266647613603886668e+01,7.668943653126648385e+00
3.268648185195770850e+01,8.571253415234235007e+00
3.270648756787653610e+01,7.747781891600045157e+00
3.272649328379537081e+01,8.182971029411287844e+00
3.274649899971420552e+01,8.107693413402616400e+00
3.276650471563304023e+01,7.985892459916851038e+00
3.278651043155187494e+01,8.209122837193305600e+00
3.280651614747070255e+01,8.658908993759535377e+00
3.282652186338954436e+01,9.504601745244084299e+00
3.284652757930837197e+01,9.046468956143444373e+00
3.286653329522721378e+01,9.596556532756917335e+00
3.288653901114604139e+01,9.498548008597840209e+00
3.290654472706487610e+01,9.527644156344351245e+00
3.292655044298371081e+01,1.011595269987732770e+01
3.294655615890254552e+01,9.431819497446669587e+00
3.296656187482138023e+01,1.050852253945754811e+01
3.298656759074020783e+01,1.021094329428404990e+01
3.300657330665904965e+01,1.016769523570369671e+01
3.302657902257787725e+01,1.162093949387576686e+01
3.304658473849671907e+01,1.145094346179642208e+01
3.306659045441554667e+01,1.189031207611450824e+01
3.308659617033438138e+01,1.206348436136504176e+01
3.310660188625321609e+01,1.223280280306940071e+01
3.312660760217205080e+01,1.308548474938303841e+01
3.314661331809088551e+01,1.394968739201202013e+01
3.316661903400971312e+01,1.343965083686232376e+01
3.318662474992855493e+01,1.410467569441614444e+01
3.320663046584738254e+01,1.478479147981265740e+01
3.322663618176622435e+01,1.496348937859475114e+01
3.324664189768505196e+01,1.657608878148592169e+01
3.326664761360388667e+01,1.578750006690869157e+01
3.328665332952272138e+01,1.592573324014295366e+01
3.330665904544155609e+01,1.771080266418695004e+01
3.332666476136039080e+01,1.700751130258310440e+01
3.334667047727922551e+01,1.853182797085369060e+01
3.336667619319806022e+01,1.918592504558751699e+01
3.338668190911688782e+01,1.918983235852309832e+01
3.340668762503572964e+01,1.982999828477501225e+01
3.342669334095455724e+01,2.049624803218236124e+01
3.344669905687339195e+01,2.135757514790345368e+01
3.346670477279222666e+01,2.132295173615373329e+01
3.348671048871106137e+01,2.141223206018489833e+01
3.350671620462989608e+01,2.201018131235181130e+01
3.352672192054873079e+01,2.309788898971925519e+01
3.354672763646756550e+01,2.410984059414550984e+01
3.356673335238639311e+01,2.535081003941503752e+01
3.358673906830523492e+01,2.580140550651091758e+01
3.360674478422406253e+01,2.621536202732460907e+01
3.362675050014290434e+01,2.652637605269348242e+01
3.364675621606173195e+01,2.773248443290784238e+01
3.366676193198056666e+01,2.805045532165448918e+01
3.368676764789940137e+01,2.904444278223758857e+01
3.370677336381823608e+01,2.990798238455266400e+01
3.372677907973707079e+01,3.142734306346763518e+01
3.374678479565589839e+01,3.157227603334177246e+01
3.376679051157474021e+01,3.282821089367779166e+01
3.378679622749356781e+01,3.354339743001023777e+01
3.380680194341240963e+01,3.376679975593856398e+01
3.382680765933123723e+01,3.269511661993324481e+01
3.384681337525007194e+01,3.324905609729567857e+01
3.386681909116890665e+01,3.336358687590507088e+01
3.388682480708774136e+01,3.292464329240539200e+01
3.390683052300657607e+01,3.335618223671507820e+01
3.392683623892540368e+01,3.276532549284439710e+01
3.394684195484424549e+01,3.125734930398557410e+01
3.396684767076307310e+01,3.157287598395648232e+01
3.398685338668191491e+01,3.083529417589554811e+01
3.400685910260074252e+01,3.058186559048734665e+01
3.402686481851957723e+01,2.969781418078954260e+01
3.404687053443841194e+01,2.917665474648120494e+01
3.406687625035724665e+01,2.911308797259015790e+01
3.408688196627608136e+01,2.954041402308983777e+01
3.410688768219490896e+01,2.911910850091525305e+01
3.412689339811375078e+01,2.965322049932556325e+01
3.414689911403257838e+01,2.998125267573193753e+01
3.416690482995142020e+01,2.995471196976325956e+01
3.418691054587024780e+01,3.014377891550546451e+01
3.420691626178908251e+01,3.144786351856988205e+01
3.422692197770791722e+01,3.083759040742172175e+01
3.424692769362675193e+01,3.149049630675153821e+01
3.426693340954558664e+01,3.138778012881090618e+01
3.428693912546442135e+01,3.197599532198249506e+01
3.430694484138325606e+01,3.237259912433870568e+01
3.432695055730208367e+01,3.192981281740567567e+01
3.434695627322092548e+01,3.359016658278167000e+01
3.436696198913975309e+01,3.369977543438430700e+01
3.438696770505858780e+01,3.335284896124288423e+01
3.440697342097742251e+01,3.318074253231397819e+01
3.442697913689625722e+01,3.423147822599521106e+01
3.444698485281509193e+01,3.362124373836326185e+01
3.446699056873392664e+01,3.387519759478708181e+01
3.448699628465276135e+01,3.461031934166356905e+01
3.450700200057158895e+01,3.554065989900688294e+01
3.452700771649043077e+01,3.549321899297980565e+01
3.454701343240925837e+01,3.596265207630978011e+01
3.456701914832810019e+01,3.601665563328894848e+01
3.458702486424692779e+01,3.597088579073196968e+01
3.460703058016576250e+01,3.620373348366705812e+01
3.462703629608459721e+01,3.643156789761972902e+01
3.464704201200343192e+01,3.678973359352304584e+01
3.466704772792226663e+01,3.690806842034203328e+01
3.468705344384109424e+01,3.652842971114112913e+01
3.470705915975993605e+01,3.612174452560174132e+01
3.472706487567876366e+01,3.528270512383498669e+01
3.474707059159760547e+01,3.400782067263891406e+01
3.476707630751643308e+01,3.318437492980367409e+01
3.478708202343526779e+01,3.147550896832533951e+01
3.480708773935410250e+01,3.067337623242080724e+01
3.482709345527293721e+01,2.883628172419623326e+01
3.484709917119177192e+01,2.727537451751923925e+01
3.486710488711059952e+01,2.606362712272349569e+01
3.488711060302944134e+01,2.451236843013770184e+01
3.490711631894826894e+01,2.287699093575900378e+01
3.492712203486711076e+01,2.183788783334992445e+01
3.494712775078593836e+01,2.066239622128771458e+01
3.496713346670477307e+01,1.867577527108110758e+01
3.498713918262360778e+01,1.839632670562939509e+01
3.500714489854244249e+01,1.735679790451759885e+01
3.502715061446127720e+01,1.654132347848658569e+01
3.504715633038010481e+01,1.633037149525841158e+01
3.506716204629894662e+01,1.568834685328240752e+01
3.508716776221777423e+01,1.555995335284339554e+01
3.510717347813661604e+01,1.459329316972595336e+01
3.512717919405544365e+01,1.489667070524293280e+01
3.514718490997427836e+01,1.411165236252693767e+01
3.516719062589311307e+01,1.408979587087322827e+01
3.518719634181194778e+01,1.431458370947478542e+01
3.520720205773078249e+01,1.362695638020989364e+01
3.522720777364961720e+01,1.405075473171390144e+01
3.524721348956845191e+01,1.332834673766561551e+01
3.526721920548727951e+01,1.324751053020751712e+01
3.528722492140612133e+01,1.394219306087185117e+01
3.530723063732494893e+01,1.301396585321891664e+01
3.532723635324378364e+01,1.280399340808280151e+01
3.534724206916261835e+01,1.212448692078125667e+01
3.536724778508145306e+01,1.193708829508185154e+01
3.538725350100028777e+01,1.279014285121954764e+01
3.540725921691912248e+01,1.125021886508725899e+01
3.542726493283795719e+01,1.065496326308480945e+01
3.544727064875678479e+01,1.035245729616251253e+01
3.546727636467562661e+01,1.033449618754748656e+01
3.548728208059445421e+01,1.083263585132717388e+01
3.550728779651329603e+01,1.033214181860238057e+01
3.552729351243212363e+01,8.698193991199953956e+00
3.554729922835095834e+01,9.027301463761476796e+00
3.556730494426979305e+01,8.587252921593815813e+00
3.558731066018862776e+01,8.508134509066508144e+00
3.560731637610746247e+01,9.255510694149803541e+00
3.562732209202629008e+01,8.072150213598337842e+00
3.564732780794513189e+01,7.429045620597982236e+00
3.566733352386395950e+01,8.308743130121060361e+00
3.568733923978280131e+01,7.742109851467461112e+00
3.570734495570162892e+01,7.678873134045169024e+00
3.572735067162046363e+01,7.471689767684162931e+00
3.574735638753929834e+01,7.560947118554983248e+00
3.576736210345813305e+01,6.958821454425124564e+00
3.578736781937696776e+01,7.206831247199481538e+00
3.580737353529579536e+01,6.993007094388065781e+00
3.582737925121463718e+01,7.154746392791345500e+00
3.584738496713346478e+01,6.444776488598378705e+00
3.586739068305230660e+01,7.514130012671946801e+00
3.588739639897113420e+01,7.496031706142133544e+00
3.590740211488996891e+01,7.150441300368922448e+00
3.592740783080880362e+01,7.456840856379496785e+00
3.594741354672763833e+01,7.106878371795419369e+00
3.596741926264647304e+01,7.298816929662113040e+00
3.598742497856530065e+01,7.210571317377777234e+00
3.600743069448414246e+01,7.047575113400558422e+00
3.602743641040297007e+01,6.992318987672119235e+00
3.604744212632181188e+01,7.021315502559851041e+00
3.606744784224063949e+01,7.204715617887654133e+00
3.608745355815947420e+01,6.343200318627864931e+00
3.610745927407830891e+01,7.189831437171243955e+00
3.612746498999714362e+01,6.746068012079167175e+00
3.614747070591597833e+01,7.407820553537412422e+00
3.616747642183481304e+01,6.218243638274239871e+00
3.618748213775364775e+01,6.790696224974360540e+00
3.620748785367247535e+01,7.370801683893105860e+00
3.622749356959131717e+01,7.859732935404059262e+00
3.624749928551014477e+01,7.129579299197665421e+00
3.626750500142897948e+01,7.680088553359301962e+00
3.628751071734781419e+01,6.870755667955902979e+00
3.630751643326664890e+01,7.326125545811729367e+00
3.632752214918548361e+01,7.173236609151029342e+00
3.634752786510431832e+01,6.258541541096276362e+00
3.636753358102315303e+01,7.488402172757153252e+00
3.638753929694198064e+01,7.323807172536139554e+00
3.640754501286082245e+01,8.012924182074952384e+00
3.642755072877965006e+01,7.462777326038439796e+00
3.644755644469849187e+01,7.040998720607745121e+00
3.646756216061731948e+01,7.698529397726256995e+00
3.648756787653615419e+01,7.491746488215063060e+00
3.650757359245498890e+01,7.438256748846644228e+00
3.652757930837382361e+01,7.167486492265181752e+00
3.654758502429265832e+01,7.490106711940556217e+00
3.656759074021148592e+01,8.128091203360325423e+00
3.658759645613032774e+01,7.827807682557951452e+00
3.660760217204915534e+01,7.919394468472328974e+00
3.662760788796799716e+01,8.022647254349827506e+00
3.664761360388682476e+01,7.858710661648421691e+00
3.666761931980565947e+01,9.179088955038345432e+00
3.668762503572449418e+01,9.689027752067847388e+00
3.670763075164332889e+01,9.625746264934706531e+00
3.672763646756216360e+01,9.534850446408658087e+00
3.674764218348099121e+01,9.680535956426524535e+00
3.676764789939983302e+01,1.042173629000433088e+01
3.678765361531866063e+01,9.406940879997321758e+00
3.680765933123750244e+01,1.114958547151505641e+01
3.682766504715633005e+01,1.015716367503492279e+01
3.684767076307516476e+01,1.079584298547193200e+01
3.686767647899399947e+01,1.156158982333492347e+01
3.688768219491283418e+01,1.192404425340255436e+01
3.690768791083166889e+01,1.271477707385471945e+01
3.692769362675049649e+01,1.332141644677877323e+01
3.694769934266933831e+01,1.267119960561988989e+01
3.696770505858816591e+01,1.291508374092742883e+01
3.698771077450700773e+01,1.357401134560812928e+01
3.700771649042583533e+01,1.501773444905289878e+01
3.702772220634467004e+01,1.469033320966759248e+01
3.704772792226350475e+01,1.589360046126203940e+01
3.706773363818233946e+01,1.583797273576853115e+01
3.708773935410117417e+01,1.552483006166896651e+01
3.710774507002000888e+01,1.582544800021538478e+01
3.712775078593884359e+01,1.758171415330567555e+01
3.714775650185767120e+01,1.743886374488803881e+01
3.716776221777651301e+01,1.735212452669800598e+01
3.718776793369534062e+01,1.843378825870778925e+01
3.720777364961417533e+01,1.788884156810474835e+01
3.722777936553301004e+01,1.896686822083620072e+01
3.724778508145184475e+01,1.933253296766726592e+01
3.726779079737067946e+01,2.021586633643286746e+01
3.728779651328951417e+01,1.977532054421588370e+01
3.730780222920834888e+01,2.036454704115872261e+01
3.732780794512717648e+01,2.163394821390921408e+01
3.734781366104601830e+01,2.147527743413873935e+01
3.736781937696484590e+01,2.175588504969087467e+01
3.738782509288368772e+01,2.215027648196776511e+01
3.740783080880251532e+01,2.364395165108714281e+01
3.742783652472135003e+01,2.421589687242692435e+01
3.744784224064018474e+01,2.458376289322604435e+01
3.746784795655901945e+01,2.538743040054094280e+01
3.748785367247785416e+01,2.723805983923219287e+01
3.750785938839668177e+01,2.751773144201392540e+01
3.752786510431552358e+01,2.870807762357961934e+01
3.754787082023435119e+01,2.978639293945751376e+01
3.756787653615319300e+01,3.048106160412089594e+01
3.758788225207202061e+01,3.179855298874011282e+01
3.760788796799085532e+01,3.200774401661534085e+01
3.762789368390969003e+01,3.320109033876424576e+01
3.764789939982852474e+01,3.357832136179263216e+01
3.766790511574735945e+01,3.360593666356045617e+01
3.768791083166618705e+01,3.412852334730172288e+01
3.770791654758502887e+01,3.457483850189291275e+01
3.772792226350385647e+01,3.358644864289352938e+01
3.774792797942269829e+01,3.479911864731970894e+01
3.776793369534152589e+01,3.465829520813392151e+01
3.778793941126036060e+01,3.400880652219966294e+01
3.780794512717919531e+01,3.298109261103963519e+01
3.782795084309803002e+01,3.179367689471275682e+01
3.784795655901686473e+01,3.101043712128540619e+01
3.786796227493569234e+01,3.073142288565745162e+01
3.788796799085453415e+01,2.889405166239443190e+01
3.790797370677336176e+01,2.791955470905639913e+01
3.792797942269220357e+01,2.684172785540338069e+01
3.794798513861103118e+01,2.551271123316004008e+01
3.796799085452986589e+01,2.467561359041860314e+01
3.798799657044870060e+01,2.318395607353480870e+01
3.800800228636753531e+01,2.185630416673366483e+01
3.802800800228637002e+01,2.209287342007301902e+01
3.804801371820520473e+01,2.112161355879597835e+01
3.806801943412403944e+01,1.957018551144438945e+01
3.808802515004286704e+01,1.979500671149618540e+01
3.810803086596170886e+01,1.877052433462701586e+01
3.812803658188053646e+01,1.876983901210865824e+01
3.814804229779937117e+01,1.836466871082928876e+01
3.816804801371820588e+01,1.801424519449459183e+01
3.818805372963704059e+01,1.773540451264596385e+01
3.820805944555587530e+01,1.912549812467233323e+01
3.822806516147471001e+01,1.870639647575922737e+01
3.824807087739354472e+01,1.872487337507725869e+01
3.826807659331237232e+01,1.826324460166170383e+01
3.828808230923121414e+01,1.836829794108132319e+01
3.830808802515004174e+01,1.864907445257816931e+01
3.832809374106888356e+01,1.934629946446706583e+01
3.834809945698771116e+01,1.938566781147178375e+01
3.836810517290654587e+01,2.042209368987627371e+01
3.838811088882538058e+01,1.945676896067858763e+01
3.840811660474421529e+01,2.066404505195954044e+01
3.842812232066305000e+01,2.006598248773897808e+01
3.844812803658187761e+01,2.133175414163587646e+01
3.846813375250071942e+01,2.149366272311983295e+01
3.848813946841954703e+01,2.197612387365436248e+01
3.850814518433838884e+01,2.254632459117783583e+01
3.852815090025721645e+01,2.282810907052244076e+01
3.854815661617605116e+01,2.337954034647118462e+01
3.856816233209488587e+01,2.394426256830920963e+01
3.858816804801372058e+01,2.444915112127532808e+01
3.860817376393255529e+01,2.448987404364519449e+01
3.862817947985138289e+01,2.536276993811284441e+01
3.864818519577022471e+01,2.531098294506777791e+01
3.866819091168905231e+01,2.607709615964733629e+01
3.868819662760789413e+01,2.758752707259751347e+01
3.870820234352672173e+01,2.771342881922897305e+01
3.872820805944555644e+01,2.824543988842441422e+01
3.874821377536439115e+01,2.897963939671009825e+01
3.876821949128322586e+01,2.963502057141341695e+01
3.878822520720206057e+01,2.874443879604736551e+01
3.880823092312088818e+01,2.967885421165873083e+01
3.882823663903972999e+01,2.968474253420403386e+01
3.884824235495855760e+01,2.934009184756953204e+01
3.886824807087739941e+01,2.994856133144840271e+01
3.888825378679622702e+01,3.018450914300041177e+01
3.890825950271506173e+01,2.987731733955093105e+01
3.892826521863389644e+01,2.868314967198243437e+01
3.894827093455273115e+01,2.898827130431524068e+01
3.896827665047156586e+01,2.816413128996083515e+01
3.898828236639040057e+01,2.739874204062517293e+01
3.900828808230923528e+01,2.671941313772959603e+01
3.902829379822806288e+01,2.612633307482966671e+01
3.904829951414690470e+01,2.543455337254232518e+01
3.906830523006573230e+01,2.507640968413349469e+01
3.908831094598456701e+01,2.420249751154395312e+01
3.910831666190340172e+01,2.404448628067828508e+01
3.912832237782223643e+01,2.435203214263864524e+01
3.914832809374107114e+01,2.310578030142728778e+01
3.916833380965990585e+01,2.351629449199035804e+01
3.918833952557874056e+01,2.313020176415118812e+01
3.920834524149756817e+01,2.278180511587032697e+01
3.922835095741640998e+01,2.238632411459557403e+01
3.924835667333523759e+01,2.260048081285646049e+01
3.926836238925407940e+01,2.200045123035701522e+01
3.928836810517290701e+01,2.221645512274474399e+01
3.930837382109174172e+01,2.097802917964865443e+01
3.932837953701057643e+01,2.122390152297630550e+01
3.934838525292941114e+01,2.102374286321373376e+01
3.936839096884824585e+01,2.090096702212411373e+01
3.938839668476707345e+01,2.013389620029059301e+01
3.940840240068591527e+01,2.041576155535639359e+01
3.942840811660474287e+01,2.113043887223497563e+01
3.944841383252358469e+01,2.069731886696739309e+01
3.946841954844241229e+01,2.074603178483857135e+01
3.948842526436124700e+01,2.108766554882973665e+01
3.950843098028008171e+01,2.142683698323738994e+01
3.952843669619891642e+01,2.074948168290328709e+01
3.954844241211775113e+01,2.045117932253420889e+01
3.956844812803657874e+01,2.100887986687781250e+01
3.958845384395542055e+01,2.157114342162860865e+01
3.960845955987424816e+01,2.020628381311262345e+01
3.962846527579308997e+01,2.054894992786714880e+01
3.964847099171191758e+01,2.101552511728948147e+01
3.966847670763075229e+01,2.068257402227544972e+01
3.968848242354958700e+01,1.943113648420431616e+01
3.970848813946842171e+01,1.923912655286211759e+01
3.972849385538725642e+01,1.954812927856846727e+01
3.974849957130608402e+01,1.956924152358508451e+01
3.976850528722492584e+01,1.791384226853285710e+01
3.978851100314375344e+01,1.821543780961930281e+01
3.980851671906259526e+01,1.801884651044220931e+01
3.982852243498142286e+01,1.765696580080757272e+01
3.984852815090025757e+01,1.562983008538832053e+01
3.986853386681909228e+01,1.718667242161417263e+01
3.988853958273792699e+01,1.653554930998564032e+01
3.990854529865676170e+01,1.759993569470163166e+01
3.992855101457559641e+01,1.483423754364817526e+01
3.994855673049443112e+01,1.735064183297178531e+01
3.996856244641325873e+01,1.740338979298164546e+01
3.998856816233210054e+01,1.660460686389069807e+01
4.000857387825092815e+01,1.439232459809412035e+01
4.002857959416976286e+01,1.664858505652973975e+01
4.004858531008859757e+01,1.724196401000338597e+01
4.006859102600743228e+01,1.730893297725925706e+01
4.008859674192626699e+01,1.444027723266030527e+01
4.010860245784510170e+01,1.679609312785918718e+01
4.012860817376393641e+01,1.731836673183812536e+01
4.014861388968276401e+01,1.691579020537465183e+01
4.016861960560160583e+01,1.584323390273575782e+01
4.018862532152043343e+01,1.778504026461707710e+01
4.020863103743927525e+01,1.863901371156784847e+01
4.022863675335810285e+01,1.805299164403672307e+01
4.024864246927693756e+01,1.841595554834115589e+01
4.026864818519577227e+01,1.973726586316558596e+01
4.028865390111460698e+01,1.976810860592528130e+01
4.030865961703344169e+01,2.028561784506223376e+01
4.032866533295226930e+01,2.036758283678117465e+01
4.034867104887111111e+01,2.130697338772242944e+01
4.036867676478993872e+01,2.275501859457394715e+01
4.038868248070878053e+01,2.332982124543562463e+01
4.040868819662760814e+01,2.464810881929826536e+01
4.042869391254644285e+01,2.531597877220325898e+01
4.044869962846527756e+01,2.608438417892488559e+01
4.046870534438411227e+01,2.659824939332549931e+01
4.048871106030294698e+01,2.831387674766812523e+01
4.050871677622177458e+01,2.931638077688255350e+01
4.052872249214061640e+01,2.969604436021571914e+01
4.054872820805944400e+01,3.071979785115635764e+01
4.056873392397828582e+01,3.150734997562909712e+01
4.058873963989711342e+01,3.192599008870010380e+01
4.060874535581594813e+01,3.408806504913908242e+01
4.062875107173478284e+01,3.365999392172169991e+01
4.064875678765361755e+01,3.468998432823163824e+01
4.066876250357245226e+01,3.586361582730511088e+01
4.068876821949127986e+01,3.608643964032827256e+01
4.070877393541012168e+01,3.710985696341739271e+01
4.072877965132894929e+01,3.712783763926802294e+01
4.074878536724779110e+01,3.719743822100760156e+01
4.076879108316661871e+01,3.837472689189675634e+01
4.078879679908545342e+01,3.764663742106436928e+01
4.080880251500428813e+01,3.755360703072072681e+01
4.082880823092312284e+01,3.788668829313135689e+01
4.084881394684195755e+01,3.792478128427248407e+01
4.086881966276079226e+01,3.812089218791970779e+01
4.088882537867962697e+01,3.657921838430545591e+01
4.090883109459845457e+01,3.690658240423172032e+01
4.092883681051729639e+01,3.634003182663298048e+01
4.094884252643612399e+01,3.524847491648009168e+01
4.096884824235495870e+01,3.413720672822110203e+01
4.098885395827379341e+01,3.356706787833801542e+01
4.100885967419262812e+01,3.178475230781725003e+01
4.102886539011146283e+01,3.138912811646261503e+01
4.104887110603029754e+01,2.995872107264712270e+01
4.106887682194913225e+01,2.883551892674546124e+01
4.108888253786795985e+01,2.736837963371854343e+01
4.110888825378680167e+01,2.690111085409929359e+01
4.112889396970562927e+01,2.505329908430499586e+01
4.114889968562447109e+01,2.533289298410294066e+01
4.116890540154329869e+01,2.397726258244578901e+01
4.118891111746213340e+01,2.298369118013649626e+01
4.120891683338096811e+01,2.160614052500045545e+01
4.122892254929980282e+01,2.180157905981086941e+01
4.124892826521863753e+01,2.206973244756445496e+01
4.126893398113746514e+01,2.139093334113096745e+01
4.128893969705630695e+01,2.044972612028423242e+01
4.130894541297513456e+01,2.070403405261641794e+01
4.132895112889397637e+01,2.087666677000743931e+01
4.134895684481280398e+01,2.069373026603812349e+01
4.136896256073163869e+01,2.098508853182407918e+01
4.138896827665047340e+01,2.130441608986799906e+01
4.140897399256930811e+01,2.209379305045217379e+01
4.142897970848814282e+01,2.230114299388190346e+01
4.144898542440697042e+01,2.265934282657187282e+01
4.146899114032581224e+01,2.291515023361403181e+01
4.148899685624463984e+01,2.456317999937062879e+01
4.150900257216348166e+01,2.393141933224882223e+01
4.152900828808230926e+01,2.467551372653108999e+01
4.154901400400114397e+01,2.540045977463832827e+01
4.156901971991997868e+01,2.590854365503007983e+01
4.158902543583881339e+01,2.678549377643648910e+01
4.160903115175764810e+01,2.659794226946140938e+01
4.162903686767647571e+01,2.727517229006647170e+01
4.164904258359531752e+01,2.693251211907474385e+01
4.166904829951414513e+01,2.783358300958658305e+01
4.168905401543298694e+01,2.778890906972968367e+01
4.170905973135181455e+01,2.727320374601734088e+01
4.172906544727064926e+01,2.723066463422705397e+01
4.174907116318948397e+01,2.705922779833039726e+01
4.176907687910831868e+01,2.652997700519375712e+01
4.178908259502715339e+01,2.606200720043176844e+01
4.180908831094598810e+01,2.626861217210880284e+01
4.182909402686482281e+01,2.618960589596331801e+01
4.184909974278365041e+01,2.511847349203502233e+01
4.186910545870249223e+01,2.509534564505398890e+01
4.188911117462131983e+01,2.452655041668521108e+01
4.190911689054015454e+01,2.487166569240478964e+01
4.192912260645898925e+01,2.401549623471039752e+01
4.194912832237782396e+01,2.375506575403580811e+01
4.196913403829665867e+01,2.457310207381287626e+01
4.198913975421549338e+01,2.393809948374140717e+01
4.200914547013432809e+01,2.434272257675991114e+01
4.202915118605316280e+01,2.471991494717216398e+01
4.204915690197199041e+01,2.444387798720428862e+01
4.206916261789082512e+01,2.411707042771425336e+01
4.208916833380965983e+01,2.434157374102968063e+01
4.210917404972849454e+01,2.476353081378979226e+01
4.212917976564732925e+01,2.466988136439458401e+01
4.214918548156616396e+01,2.570672048064653126e+01
4.216919119748499867e+01,2.523067978338014328e+01
4.218919691340383338e+01,2.550581405793720791e+01
4.220920262932266809e+01,2.610027316936989195e+01
4.222920834524150280e+01,2.631908397528851395e+01
4.224921406116033040e+01,2.683986781939286104e+01
4.226921977707916511e+01,2.659512731601476077e+01
4.228922549299799982e+01,2.537670562460765211e+01
4.230923120891683453e+01,2.552627999140495874e+01
4.232923692483566924e+01,2.549080233284981745e+01
4.234924264075450395e+01,2.487012646558496698e+01
4.236924835667333866e+01,2.405547948571841488e+01
4.238925407259217337e+01,2.354162785694614257e+01
4.240925978851100808e+01,2.335418374255649709e+01
4.242926550442983569e+01,2.256296981676674207e+01
4.244927122034867040e+01,2.167160099254478922e+01
4.246927693626750511e+01,2.150424727322670293e+01
4.248928265218633982e+01,2.104552215448710228e+01
4.250928836810517453e+01,1.994978542601995386e+01
4.252929408402400924e+01,1.954185842223553493e+01
4.254929979994284395e+01,1.997249950709544919e+01
4.256930551586167866e+01,1.930937949156853861e+01
4.258931123178051337e+01,1.924363021569864429e+01
4.260931694769934097e+01,1.932753544488515729e+01
4.262932266361817568e+01,1.848504593230742543e+01
4.264932837953701039e+01,1.908921568506481137e+01
4.266933409545584510e+01,1.832560581456149151e+01
4.268933981137467981e+01,1.869232972939551018e+01
4.270934552729351452e+01,1.770119315636987523e+01
4.272935124321234923e+01,1.792068239032995791e+01
4.274935695913118394e+01,1.804000344632352437e+01
4.276936267505001865e+01,1.721459958466925144e+01
4.278936839096885336e+01,1.774103259317613990e+01
4.280937410688768097e+01,1.728403932369657880e+01
4.282937982280651568e+01,1.655095110713254769e+01
4.284938553872535039e+01,1.667863313204799169e+01
4.286939125464418510e+01,1.757579373192835348e+01
4.288939697056301981e+01,1.653684574898614201e+01
4.290940268648185452e+01,1.683083113679800391e+01
4.292940840240068923e+01,1.717759882410490135e+01
4.294941411831952394e+01,1.811101230066291023e+01
4.296941983423835865e+01,1.825652390238010270e+01
4.298942555015718625e+01,1.782284694099182687e+01
4.300943126607602096e+01,1.910710680140429574e+01
4.302943698199485567e+01,1.995074411412682380e+01
4.304944269791369038e+01,1.976110079380047324e+01
4.306944841383252509e+01,2.038632137602805727e+01
4.308945412975135980e+01,2.176205874364293180e+01
4.310945984567019451e+01,2.233219186341897711e+01
4.312946556158902922e+01,2.228987267584049548e+01
4.314947127750786393e+01,2.409012412343192011e+01
4.316947699342669864e+01,2.347791626448537983e+01
4.318948270934552625e+01,2.538472128611270051e+01
4.320948842526436096e+01,2.581955718892042739e+01
4.322949414118319567e+01,2.684356201735889869e+01
4.324949985710203038e+01,2.712345306620030527e+01
4.326950557302086509e+01,2.698721328713197565e+01
4.328951128893969980e+01,2.686754550052540580e+01
4.330951700485853451e+01,2.749993490278290409e+01
4.332952272077736922e+01,2.754187283002976017e+01
4.334952843669620393e+01,2.767335862739103192e+01
4.336953415261503153e+01,2.824492603029413118e+01
4.338953986853386624e+01,2.725089412295808700e+01
4.340954558445270095e+01,2.799657734959026811e+01
4.342955130037153566e+01,2.829596345657891021e+01
4.344955701629037037e+01,2.733140811085910116e+01
4.346956273220920508e+01,2.775042279210716600e+01
4.348956844812803979e+01,2.796600177263768217e+01
4.350957416404687450e+01,2.848679187857796791e+01
4.352957987996570921e+01,2.835872606623811265e+01
4.354958559588453681e+01,2.774272451682060137e+01
4.356959131180337153e+01,2.775081479437718812e+01
4.358959702772220624e+01,2.916167513329825667e+01
4.360960274364104095e+01,2.870818149931049135e+01
4.362960845955987566e+01,2.935128031564511986e+01
4.364961417547871037e+01,2.995178544253008113e+01
4.366961989139754508e+01,3.055270283579660529e+01
4.368962560731637979e+01,3.126015535703238513e+01
4.370963132323521450e+01,3.160839570835345569e+01
4.372963703915404921e+01,3.158598035084344602e+01
4.374964275507287681e+01,3.246660931150905327e+01
4.376964847099171152e+01,3.351203820286187351e+01
4.378965418691054623e+01,3.469474566215339451e+01
4.380965990282938094e+01,3.436501518804359279e+01
4.382966561874821565e+01,3.510839669665749341e+01
4.384967133466705036e+01,3.556841630652162678e+01
4.386967705058588507e+01,3.556004143553119690e+01
4.388968276650471978e+01,3.480187515381299335e+01
4.390968848242355449e+01,3.569052729494711684e+01
4.392969419834238209e+01,3.462491965629117630e+01
4.394969991426121680e+01,3.540194703773143203e+01
4.396970563018005151e+01,3.479780692184924362e+01
4.398971134609888622e+01,3.514616848153760031e+01
4.400971706201772093e+01,3.524425882573492430e+01
4.402972277793655564e+01,3.375365057362983379e+01
4.404972849385539035e+01,3.385143883190348646e+01
4.406973420977422506e+01,3.421340044948058079e+01
4.408973992569305977e+01,3.258349844469287149e+01
4.410974564161189448e+01,3.243619869290358793e+01
4.412975135753072209e+01,3.125113732683027834e+01
4.414975707344955680e+01,2.991327864674670423e+01
4.416976278936839151e+01,2.980845582879556588e+01
4.418976850528722622e+01,2.836428820893135949e+01
4.420977422120606093e+01,2.800022868644079566e+01
4.422977993712489564e+01,2.680460627612493596e+01
4.424978565304373035e+01,2.535589718711939611e+01
4.426979136896256506e+01,2.413082198480460860e+01
4.428979708488139977e+01,2.299252086387353700e+01
4.430980280080022737e+01,2.182267454797207407e+01
4.432980851671906208e+01,2.090638573094016905e+01
4.434981423263789679e+01,2.007598916897365271e+01
4.436981994855673150e+01,1.962159824767186578e+01
4.438982566447556621e+01,1.915021800668094443e+01
4.440983138039440092e+01,1.763783517156049641e+01
4.442983709631323563e+01,1.779334573563920685e+01
4.444984281223207034e+01,1.652274602654622626e+01
4.446984852815090505e+01,1.605354523815069001e+01
4.448985424406973266e+01,1.621329915560400536e+01
4.450985995998856737e+01,1.562416251201177175e+01
4.452986567590740208e+01,1.527702053516367542e+01
4.454987139182623679e+01,1.508943777595612090e+01
4.456987710774507150e+01,1.371148065159033536e+01
4.458988282366390621e+01,1.477163997617870450e+01
4.460988853958274092e+01,1.299296848792276116e+01
4.462989425550157563e+01,1.413868801427052269e+01
4.464989997142041034e+01,1.367064955048338959e+01
4.466990568733924505e+01,1.361791287105897297e+01
4.468991140325807265e+01,1.286821143393747136e+01
4.470991711917690736e+01,1.310529741120753222e+01
4.472992283509574207e+01,1.249982607855061190e+01
4.474992855101457678e+01,1.221392608243617062e+01
4.476993426693341149e+01,1.179682319212807684e+01
4.478993998285224620e+01,1.193130899702209646e+01
4.480994569877108091e+01,1.155673801514858745e+01
4.482995141468991562e+01,1.120069129433075261e+01
4.484995713060875033e+01,1.111530350758174812e+01
4.486996284652757794e+01,1.036797429672420989e+01
4.488996856244641265e+01,1.069628127891335012e+01
4.490997427836524736e+01,1.030511595615151066e+01
4.492997999428408207e+01,9.968745636643999930e+00
4.494998571020291678e+01,9.870006112074875659e+00
4.496999142612175149e+01,1.037549257060235064e+01
4.498999714204058620e+01,1.057762321121606774e+01
4.501000285795942091e+01,9.731043917900613849e+00
4.503000857387825562e+01,1.024739697058053167e+01
4.505001428979709033e+01,9.837740896461278695e+00
4.507002000571591793e+01,9.198242220730158181e+00
4.509002572163475264e+01,9.330459694840028462e+00
4.511003143755358735e+01,9.612984820962580557e+00
4.513003715347242206e+01,9.211674519277977424e+00
4.515004286939125677e+01,9.057415370734066329e+00
4.517004858531009148e+01,8.949227636712297596e+00
4.519005430122892619e+01,9.397616300971044723e+00
4.521006001714776090e+01,8.793527891316454514e+00
4.523006573306659561e+01,9.173051340579039703e+00
4.525007144898542322e+01,9.146460999441277551e+00
4.527007716490425793e+01,9.470456477608063750e+00
4.529008288082309264e+01,9.387586175381873232e+00
4.531008859674192735e+01,9.174725270375374109e+00
4.533009431266076206e+01,9.413977908085888302e+00
4.535010002857959677e+01,9.431358821639072687e+00
4.537010574449843148e+01,9.754543687803106877e+00
4.539011146041726619e+01,9.670070295300538632e+00
4.541011717633610090e+01,1.059492098691663742e+01
4.543012289225492850e+01,1.025409021108450958e+01
4.545012860817376321e+01,1.090649355472493554e+01
4.547013432409259792e+01,1.095711554099638896e+01
4.549014004001143263e+01,1.118710008756857732e+01
4.551014575593026734e+01,1.124951069643271317e+01
4.553015147184910205e+01,1.159290433052353109e+01
4.555015718776793676e+01,1.121035455034296291e+01
4.557016290368677147e+01,1.223925794724337379e+01
4.559016861960560618e+01,1.213133092642337374e+01
4.561017433552444089e+01,1.210885702656676166e+01
4.563018005144326850e+01,1.278892279535571319e+01
4.565018576736210321e+01,1.304944112492248109e+01
4.567019148328093792e+01,1.351010314957772707e+01
4.569019719919977263e+01,1.304748574215041579e+01
4.571020291511860734e+01,1.361360263428981909e+01
4.573020863103744205e+01,1.412255875659508497e+01
4.575021434695627676e+01,1.424421134428199309e+01
4.577022006287511147e+01,1.468038286512909352e+01
4.579022577879394618e+01,1.487145516290369684e+01
4.581023149471277378e+01,1.569572405949139338e+01
4.583023721063160849e+01,1.586747314779520224e+01
4.585024292655044320e+01,1.608273009793899888e+01
4.587024864246927791e+01,1.577546447275591923e+01
4.589025435838811262e+01,1.686185464025597014e+01
4.591026007430694733e+01,1.685202049366860422e+01
4.593026579022578204e+01,1.841516937439424950e+01
4.595027150614461675e+01,1.835755164046989307e+01
4.597027722206345146e+01,1.882887347393271682e+01
4.599028293798228617e+01,1.921815069174224533e+01
4.601028865390111378e+01,1.948196315784225163e+01
4.603029436981994849e+01,1.989402970597766540e+01
4.605030008573878320e+01,2.119217750376417797e+01
4.607030580165761791e+01,2.100777297314975911e+01
4.609031151757645262e+01,2.115892520280443989e+01
4.611031723349528733e+01,2.175523404182026610e+01
4.613032294941412204e+01,2.195495701476674810e+01
4.615032866533295675e+01,2.136268709623636397e+01
4.617033438125179146e+01,2.193812951735277750e+01
4.619034009717061906e+01,2.164444191259210726e+01
4.621034581308945377e+01,2.165511608224234408e+01
4.623035152900828848e+01,2.037100322241221306e+01
4.625035724492712319e+01,2.064301884446523161e+01
4.627036296084595790e+01,1.977224938796399556e+01
4.629036867676479261e+01,1.999644882958854097e+01
4.631037439268362732e+01,1.876292453194671594e+01
4.633038010860246203e+01,1.759291874940781497e+01
4.635038582452129674e+01,1.661820688109251876e+01
4.637039154044012434e+01,1.639514183897728827e+01
4.639039725635895905e+01,1.556058344761902745e+01
4.641040297227779376e+01,1.479437791886529752e+01
4.643040868819662847e+01,1.433347543448329020e+01
4.645041440411546319e+01,1.511931081180257408e+01
4.647042012003429790e+01,1.396155566442616447e+01
4.649042583595313261e+01,1.435315420905563855e+01
4.651043155187196732e+01,1.329143806763572755e+01
4.653043726779080203e+01,1.454933559037022661e+01
4.655044298370963674e+01,1.473736803882692215e+01
4.657044869962846434e+01,1.426129767180614216e+01
4.659045441554729905e+01,1.325000366430525744e+01
4.661046013146613376e+01,1.399467839916233736e+01
4.663046584738496847e+01,1.490981295858110478e+01
4.665047156330380318e+01,1.336484353599631980e+01
4.667047727922263789e+01,1.437395279164068107e+01
4.669048299514147260e+01,1.443748057104646776e+01
4.671048871106030731e+01,1.460484239484243574e+01
4.673049442697914202e+01,1.413671208422501735e+01
4.675050014289796962e+01,1.474201271671922875e+01
4.677050585881680433e+01,1.438609731949013337e+01
4.679051157473563904e+01,1.444755826869806725e+01
4.681051729065447375e+01,1.422155511518844406e+01
4.683052300657330846e+01,1.318713486624334941e+01
4.685052872249214317e+01,1.354141977365125982e+01
4.687053443841097788e+01,1.298965058253386573e+01
4.689054015432981259e+01,1.342848549723497875e+01
4.691054587024864730e+01,1.306674356246636926e+01
4.693055158616748201e+01,1.188232904371000132e+01
4.695055730208630962e+01,1.222720003975090819e+01
4.697056301800514433e+01,1.166262364524846440e+01
4.699056873392397904e+01,1.205586137463682661e+01
4.701057444984281375e+01,1.131959016504234938e+01
4.703058016576164846e+01,1.144500385190551484e+01
4.705058588168048317e+01,1.089959882178446549e+01
4.707059159759931788e+01,1.117649777610333572e+01
4.709059731351815259e+01,1.052724557266289906e+01
4.711060302943698730e+01,1.124973015746187954e+01
4.713060874535581490e+01,1.058634737389033553e+01
4.715061446127464961e+01,1.131228887890254420e+01
4.717062017719348432e+01,1.078835497865555659e+01
4.719062589311231903e+01,1.095690542409544932e+01
4.721063160903115374e+01,1.139798103606924684e+01
4.723063732494998845e+01,1.138327523144985776e+01
4.725064304086882316e+01,1.241551092784140664e+01
4.727064875678765787e+01,1.244632633318310688e+01
4.729065447270649258e+01,1.223385596260359698e+01
4.731066018862532019e+01,1.326077028845272565e+01
4.733066590454415490e+01,1.302868163955768921e+01
4.735067162046298961e+01,1.284211396867990373e+01
4.737067733638182432e+01,1.444875505205322241e+01
4.739068305230065903e+01,1.395755075086431063e+01
4.741068876821949374e+01,1.395582807017282789e+01
4.743069448413832845e+01,1.469892208489785901e+01
4.745070020005716316e+01,1.437884100325715764e+01
4.747070591597599787e+01,1.624933281250275741e+01
4.749071163189483258e+01,1.509291464690484474e+01
4.751071734781366018e+01,1.568225771260085111e+01
4.753072306373249489e+01,1.575085490908420027e+01
4.755072877965132960e+01,1.634714051537529755e+01
4.757073449557016431e+01,1.742746187220948073e+01
4.759074021148899902e+01,1.664752661493190544e+01
4.761074592740783373e+01,1.771730414381575258e+01
4.763075164332666844e+01,1.799505935577316507e+01
4.765075735924550315e+01,1.883247568820348050e+01
4.767076307516433786e+01,1.844580176975170360e+01
4.769076879108316547e+01,1.844299554062607882e+01
4.771077450700200018e+01,1.836068567697755327e+01
4.773078022292083489e+01,1.864858027503786886e+01
4.775078593883966960e+01,1.847797295214006397e+01
4.777079165475850431e+01,1.874935889661637489e+01
4.779079737067733902e+01,1.873540332533955421e+01
4.781080308659617373e+01,1.876980806909145372e+01
4.783080880251500844e+01,1.941642947675416053e+01
4.785081451843384315e+01,1.915656017310186598e+01
4.787082023435267075e+01,1.870632615507278018e+01
4.789082595027150546e+01,1.867317271650652089e+01
4.791083166619034017e+01,1.751702922886705949e+01
4.793083738210917488e+01,1.762929428983970581e+01
4.795084309802800959e+01,1.756714662593880405e+01
4.797084881394684430e+01,1.686085881429308131e+01
4.799085452986567901e+01,1.670694028488683003e+01
4.801086024578451372e+01,1.614130135639818064e+01
4.803086596170334843e+01,1.600610154662499696e+01
4.805087167762218314e+01,1.604024234011529160e+01
4.807087739354101075e+01,1.613436692486549617e+01
4.809088310945984546e+01,1.599905823068746002e+01
4.811088882537868017e+01,1.642538966305941273e+01
4.813089454129751488e+01,1.619665058490235765e+01
4.815090025721634959e+01,1.666479562127113923e+01
4.817090597313518430e+01,1.599063571069239487e+01
4.819091168905401901e+01,1.629613585525313368e+01
4.821091740497285372e+01,1.638191813193556712e+01
4.823092312089168843e+01,1.689779440350940831e+01
4.825092883681051603e+01,1.613190190649429212e+01
4.827093455272935074e+01,1.604391672892921150e+01
4.829094026864818545e+01,1.715536261660414752e+01
4.831094598456702016e+01,1.707489924059490960e+01
4.833095170048585487e+01,1.634957700551951021e+01
4.835095741640468958e+01,1.649905075096324225e+01
4.837096313232352429e+01,1.601922856962247010e+01
4.839096884824235900e+01,1.669810492670140789e+01
4.841097456416119371e+01,1.581321863468679112e+01
4.843098028008002842e+01,1.572809383411680351e+01
4.845098599599885603e+01,1.456568507065489015e+01
4.847099171191769074e+01,1.521925447825969258e+01
4.849099742783652545e+01,1.525542148953457300e+01
4.851100314375536016e+01,1.473601519139474902e+01
4.853100885967419487e+01,1.396791173035635936e+01
4.855101457559302958e+01,1.308589728020922927e+01
4.857102029151186429e+01,1.326922904580068163e+01
4.859102600743069900e+01,1.386829397931506946e+01
4.861103172334953371e+01,1.259348794051672904e+01
4.863103743926836131e+01,1.291666028861093807e+01
4.865104315518719602e+01,1.248664294853551660e+01
4.867104887110603073e+01,1.378665990004441788e+01
4.869105458702486544e+01,1.346771655328035422e+01
4.871106030294370015e+01,1.353568960827174550e+01
4.873106601886253486e+01,1.383965154269837328e+01
4.875107173478136957e+01,1.406602128196577794e+01
4.877107745070020428e+01,1.348555914070185935e+01
4.879108316661903899e+01,1.469452365193731680e+01
4.881108888253786660e+01,1.431660506994409943e+01
4.883109459845670131e+01,1.424313416049890435e+01
4.885110031437553602e+01,1.469145214288292500e+01
4.887110603029437073e+01,1.526337718774662022e+01
4.889111174621320544e+01,1.504499013329764345e+01
4.891111746213204015e+01,1.579667273596941968e+01
4.893112317805087486e+01,1.491357925123365646e+01
4.895112889396970957e+01,1.536447498932351863e+01
4.897113460988854428e+01,1.583348162782780122e+01
4.899114032580737899e+01,1.663821563203493881e+01
4.901114604172620659e+01,1.618586480789054605e+01
4.903115175764504130e+01,1.581745275349758550e+01
4.905115747356387601e+01,1.572033478832899611e+01
4.907116318948271072e+01,1.731210102695874298e+01
4.909116890540154543e+01,1.729049169020484200e+01
4.911117462132038014e+01,1.736402938922319095e+01
4.913118033723921485e+01,1.777826146616119019e+01
4.915118605315804956e+01,1.739910919028401537e+01
4.917119176907688427e+01,1.874474158337257279e+01
4.919119748499571187e+01,1.852227500064828902e+01
4.921120320091454658e+01,1.915735685039732772e+01
4.923120891683338129e+01,1.940107365892798796e+01
4.925121463275221600e+01,1.954612143013993730e+01
4.927122034867105071e+01,1.977387933575853651e+01
4.929122606458988542e+01,1.968301490196296299e+01
4.931123178050872014e+01,2.048492901095560370e+01
4.933123749642755485e+01,2.031838272007751200e+01
4.935124321234638956e+01,2.108842511970967593e+01
4.937124892826522427e+01,2.162411425163512035e+01
4.939125464418405187e+01,2.257218795998006300e+01
4.941126036010288658e+01,2.181027878394760933e+01
4.943126607602172129e+01,2.320580967895950408e+01
4.945127179194055600e+01,2.405517682054687612e+01
4.947127750785939071e+01,2.412523875722851230e+01
4.949128322377822542e+01,2.533959909624989137e+01
4.951128893969706013e+01,2.562183019779733684e+01
4.953129465561589484e+01,2.489557655538390435e+01
4.955130037153472955e+01,2.566437323267292214e+01
4.957130608745355715e+01,2.601626326426183056e+01
4.959131180337239186e+01,2.589343953668934262e+01
4.961131751929122657e+01,2.565966018327910092e+01
4.963132323521006128e+01,2.540656208494293722e+01
4.965132895112889599e+01,2.471804805286485873e+01
4.967133466704773070e+01,2.462714618182134529e+01
4.969134038296656541e+01,2.461225309524778027e+01
4.971134609888540012e+01,2.394677804884443617e+01
4.973135181480423483e+01,2.315655522199056549e+01
4.975135753072306244e+01,2.277710748137948826e+01
4.977136324664189715e+01,2.226562880196421546e+01
4.979136896256073186e+01,2.252390415245172051e+01
4.981137467847956657e+01,2.255462502012001380e+01
4.983138039439840128e+01,2.168560771834588508e+01
4.985138611031723599e+01,2.115115899358141149e+01
4.987139182623607070e+01,2.076241264636220762e+01
4.989139754215490541e+01,2.013886873459571092e+01
4.991140325807374012e+01,2.055270406001858419e+01
4.993140897399257483e+01,2.032612259521535236e+01
4.995141468991140243e+01,2.063167145633548216e+01
4.997142040583023714e+01,2.013624144523416959e+01
4.999142612174907185e+01,2.011685517453764049e+01
5.001143183766790656e+01,1.965937733448746627e+01
5.003143755358674127e+01,1.999318353892320133e+01
5.005144326950557598e+01,1.909365377156282051e+01
5.007144898542441069e+01,1.984300598886350286e+01
5.009145470134324540e+01,1.946494305880901976e+01
5.011146041726208011e+01,1.883973522787375288e+01
5.013146613318090772e+01,1.900705845489648027e+01
5.015147184909974243e+01,1.934675533605249598e+01
5.017147756501857714e+01,1.947597970222811981e+01
5.019148328093741185e+01,1.874159237454088611e+01
5.021148899685624656e+01,1.858965692493356414e+01
5.023149471277508127e+01,1.952879709583078238e+01
5.025150042869391598e+01,1.873989502275624375e+01
5.027150614461275069e+01,1.872480967136110763e+01
5.029151186053158540e+01,1.832517668238386221e+01
5.031151757645042011e+01,1.902970187060943630e+01
5.033152329236924771e+01,1.862707117956669478e+01
5.035152900828808242e+01,1.883857136870459925e+01
5.037153472420691713e+01,1.819502611623755683e+01
5.039154044012575184e+01,1.826332059510789918e+01
5.041154615604458655e+01,1.803775989594720031e+01
5.043155187196342126e+01,1.747089099958490266e+01
5.045155758788225597e+01,1.729029050748155782e+01
5.047156330380109068e+01,1.654969411098573318e+01
5.049156901971992539e+01,1.635550319289378507e+01
5.051157473563875300e+01,1.565339777638669005e+01
5.053158045155758771e+01,1.675232029763834163e+01
5.055158616747642242e+01,1.621089249905570995e+01
5.057159188339525713e+01,1.521211046062026107e+01
5.059159759931409184e+01,1.519178095154565611e+01
5.061160331523292655e+01,1.547005784415165763e+01
5.063160903115176126e+01,1.442988067279400966e+01
5.065161474707059597e+01,1.505954708176647650e+01
5.067162046298943068e+01,1.517652499753760686e+01
5.069162617890825828e+01,1.499166097043966772e+01
5.071163189482709299e+01,1.632684017058588211e+01
5.073163761074592770e+01,1.541605979297630569e+01
5.075164332666476241e+01,1.632882962780833935e+01
5.077164904258359712e+01,1.625003946246232545e+01
5.079165475850243183e+01,1.770666880157312661e+01
5.081166047442126654e+01,1.764962042155954691e+01
5.083166619034010125e+01,1.857503127933768639e+01
5.085167190625893596e+01,1.864041521725200568e+01
5.087167762217777067e+01,1.986057516746646812e+01
5.089168333809659828e+01,2.043856178975197935e+01
5.091168905401543299e+01,2.079851154993227169e+01
5.093169476993426770e+01,2.174423222539037326e+01
5.095170048585310241e+01,2.232637922813998443e+01
5.097170620177193712e+01,2.176615209706622522e+01
5.099171191769077183e+01,2.233530928098815949e+01
5.101171763360960654e+01,2.279180864724782651e+01
5.103172334952844125e+01,2.250820400970243185e+01
5.105172906544727596e+01,2.303142048007201481e+01
5.107173478136610356e+01,2.219610641370292115e+01
5.109174049728493827e+01,2.161683698623805583e+01
5.111174621320377298e+01,2.135556473230171193e+01
5.113175192912260769e+01,2.156952999535695170e+01
5.115175764504144240e+01,1.934318669301442739e+01
5.117176336096027711e+01,2.012896697034589977e+01
5.119176907687911182e+01,1.919944858943914312e+01
5.121177479279794653e+01,1.940406986954834068e+01
5.123178050871678124e+01,1.905149047910524729e+01
5.125178622463561595e+01,1.821671897095932380e+01
5.127179194055444356e+01,1.739812822072418186e+01
5.129179765647327827e+01,1.808709751310257730e+01
5.131180337239211298e+01,1.669580930258845797e+01
5.133180908831094769e+01,1.710911980474172012e+01
5.135181480422978240e+01,1.723575699616994683e+01
5.137182052014861711e+01,1.702080655309524460e+01
5.139182623606745182e+01,1.680325877022766434e+01
5.141183195198628653e+01,1.553249642112805162e+01
5.143183766790512124e+01,1.580317034271662457e+01
5.145184338382394884e+01,1.644288843625553298e+01
5.147184909974278355e+01,1.496499157126896051e+01
5.149185481566161826e+01,1.580770654351427140e+01
5.151186053158045297e+01,1.507033395746678650e+01
5.153186624749928768e+01,1.496129286448050344e+01
5.155187196341812239e+01,1.374064469683373702e+01
5.157187767933695710e+01,1.355173147098930997e+01
5.159188339525579181e+01,1.389864437495904070e+01
5.161188911117462652e+01,1.305439411166391395e+01
5.163189482709345413e+01,1.310592894205166559e+01
5.165190054301228884e+01,1.307705371752584966e+01
5.167190625893112355e+01,1.266303701651934510e+01
5.169191197484995826e+01,1.267159458399241601e+01
5.171191769076879297e+01,1.251255499820028128e+01
5.173192340668762768e+01,1.245037430429383107e+01
5.175192912260646239e+01,1.319370598387656202e+01
5.177193483852529710e+01,1.328779345250900690e+01
5.179194055444413181e+01,1.426587586158185417e+01
5.181194627036296652e+01,1.320265203114977126e+01
5.183195198628179412e+01,1.423457085519148535e+01
5.185195770220062883e+01,1.467457334510307376e+01
5.187196341811946354e+01,1.477160875094224934e+01
5.189196913403829825e+01,1.573348985348384765e+01
5.191197484995713296e+01,1.576110181724044068e+01
5.193198056587596767e+01,1.716571093830287253e+01
5.195198628179480238e+01,1.814078773866707195e+01
5.197199199771363709e+01,1.743471155640847670e+01
5.199199771363247180e+01,1.883890289187004896e+01
5.201200342955129940e+01,1.881463984922741162e+01
5.203200914547013411e+01,1.931473389012831632e+01
5.205201486138896882e+01,1.995547036723087331e+01
5.207202057730780353e+01,1.994443998605807877e+01
5.209202629322663824e+01,2.121877980727975910e+01
5.211203200914547295e+01,2.102104430041563532e+01
5.213203772506430766e+01,2.100134524228896282e+01
5.215204344098314237e+01,2.123152404714064900e+01
5.217204915690197708e+01,2.067251006990228746e+01
5.219205487282081180e+01,2.073282157911073398e+01
5.221206058873963940e+01,1.916095606554890196e+01
5.223206630465847411e+01,1.906204990774016750e+01
5.225207202057730882e+01,1.846540541496071697e+01
5.227207773649614353e+01,1.747830199006995855e+01
5.229208345241497824e+01,1.597970045574850673e+01
5.231208916833381295e+01,1.627763566003230267e+01
5.233209488425264766e+01,1.494770303941778344e+01
5.235210060017148237e+01,1.397435672790872907e+01
5.237210631609031708e+01,1.357000475718321653e+01
5.239211203200914468e+01,1.241418893968161186e+01
5.241211774792797939e+01,1.316038898656322687e+01
5.243212346384681410e+01,1.211802236133159383e+01
5.245212917976564881e+01,1.191619647558483308e+01
5.247213489568448352e+01,1.102696293694987162e+01
5.249214061160331823e+01,1.136179384213168930e+01
5.251214632752215294e+01,1.147447499795565662e+01
5.253215204344098765e+01,1.109618719700666389e+01
5.255215775935982236e+01,1.163418740227871950e+01
5.257216347527864997e+01,1.020294744726832548e+01
5.259216919119748468e+01,1.120075663883618944e+01
5.261217490711631939e+01,1.105523146822981850e+01
5.263218062303515410e+01,1.105427930650264656e+01
5.265218633895398881e+01,1.171854420821975218e+01
5.267219205487282352e+01,1.097950090163466186e+01
5.269219777079165823e+01,1.055506217684970593e+01
5.271220348671049294e+01,1.134083655051871276e+01
5.273220920262932765e+01,1.083768890646668837e+01
5.275221491854816236e+01,1.131549823363218721e+01
5.277222063446698996e+01,1.109366034320965966e+01
5.279222635038582467e+01,1.151293834345418077e+01
5.281223206630465938e+01,1.123092696047913108e+01
5.283223778222349409e+01,1.130620073299735573e+01
5.285224349814232880e+01,1.058786191206122140e+01
5.287224921406116351e+01,9.964483495630325649e+00
5.289225492997999822e+01,9.968119621306279043e+00
5.291226064589883293e+01,1.062740753465010357e+01
5.293226636181766764e+01,9.476206531602340277e+00
5.295227207773649525e+01,9.788746159097719612e+00
5.297227779365532996e+01,9.968476277910912842e+00
5.299228350957416467e+01,9.447191997981331468e+00
5.301228922549299938e+01,1.008899269111177155e+01
5.303229494141183409e+01,9.960334173904339394e+00
5.305230065733066880e+01,1.097728942803161445e+01
5.307230637324950351e+01,1.081752968941527548e+01
5.309231208916833822e+01,1.052751490662636513e+01
5.311231780508717293e+01,1.113946421322996017e+01
5.313232352100600764e+01,1.068173407634377980e+01
5.315232923692483524e+01,1.067338407699099001e+01
5.317233495284366995e+01,1.078468089463223656e+01
5.319234066876250466e+01,1.043703712213408963e+01
5.321234638468133937e+01,1.039148691131101998e+01
5.323235210060017408e+01,1.056711617396214109e+01
5.325235781651900879e+01,1.139135584870443552e+01
5.327236353243784350e+01,1.091320318011066526e+01
5.329236924835667821e+01,1.103867042087253836e+01
5.331237496427551292e+01,1.061987961438575390e+01
5.333238068019434053e+01,1.126078911946673600e+01
5.335238639611317524e+01,1.105133876768790735e+01
5.337239211203200995e+01,1.011506231261814293e+01
5.339239782795084466e+01,1.124217907065347610e+01
5.341240354386967937e+01,1.020649337532115553e+01
5.343240925978851408e+01,1.026001194723118104e+01
5.345241497570734879e+01,1.053183713905838559e+01
5.347242069162618350e+01,9.825721194738669340e+00
5.349242640754501821e+01,1.005709184151920610e+01
5.351243212346384581e+01,1.088125493001484578e+01
5.353243783938268052e+01,9.912455486199881705e+00
5.355244355530151523e+01,1.049449452339971955e+01
5.357244927122034994e+01,9.986633529516167229e+00
5.359245498713918465e+01,1.120908869096494698e+01
5.361246070305801936e+01,1.043855766264564977e+01
5.363246641897685407e+01,1.155699219538080591e+01
5.365247213489568878e+01,1.102318071139363198e+01
5.367247785081452349e+01,1.118782168808441924e+01
5.369248356673335820e+01,1.050118394662949584e+01
5.371248928265218581e+01,1.073290808762490123e+01
5.373249499857102052e+01,1.162280960378655692e+01
5.375250071448985523e+01,1.119116836755081756e+01
5.377250643040868994e+01,1.108781118318509584e+01
5.379251214632752465e+01,1.078071604005255324e+01
5.381251786224635936e+01,1.146797843311121312e+01
5.383252357816519407e+01,1.087755903519722622e+01
5.385252929408402878e+01,1.055548170477383607e+01
5.387253501000286349e+01,1.062527653521491544e+01
5.389254072592169109e+01,1.055717836501623808e+01
5.391254644184052580e+01,1.099851600032984322e+01
5.393255215775936051e+01,1.151583865539766371e+01
5.395255787367819522e+01,1.108997174765359084e+01
5.397256358959702993e+01,1.114337517161639113e+01
5.399256930551586464e+01,1.044143790690218943e+01
5.401257502143469935e+01,1.193855287939659249e+01
5.403258073735353406e+01,1.139583023184442290e+01
5.405258645327236877e+01,1.193165005685095359e+01
5.407259216919120348e+01,1.170689413502148923e+01
5.409259788511003109e+01,1.194590767278567256e+01
5.411260360102886580e+01,1.133350338287439385e+01
5.413260931694770051e+01,1.189254810256411332e+01
5.415261503286653522e+01,1.205182365342565731e+01
5.417262074878536993e+01,1.167772229087427327e+01
5.419262646470420464e+01,1.197176479664664228e+01
5.421263218062303935e+01,1.235224448426671628e+01
5.423263789654187406e+01,1.208239041024999239e+01
5.425264361246070877e+01,1.149826906958175243e+01
5.427264932837953637e+01,1.163235418614828554e+01
5.429265504429837108e+01,1.169353500738634288e+01
5.431266076021720579e+01,1.218085379043172267e+01
5.433266647613604050e+01,1.186937105227441691e+01
5.435267219205487521e+01,1.122479774024900934e+01
5.437267790797370992e+01,1.175319180724618207e+01
5.439268362389254463e+01,1.178117335920633124e+01
5.441268933981137934e+01,1.170045313813933419e+01
5.443269505573021405e+01,1.079038272684571709e+01
5.445270077164904166e+01,1.156087885799281878e+01
5.447270648756787637e+01,1.161844147410489114e+01
5.449271220348671108e+01,1.140513017845197297e+01
5.451271791940554579e+01,1.204832685558734795e+01
5.453272363532438050e+01,1.201739727559491300e+01
5.455272935124321521e+01,1.201490661292647744e+01
5.457273506716204992e+01,1.237337915556102530e+01
5.459274078308088463e+01,1.247116484028655137e+01
5.461274649899971934e+01,1.172796283972462383e+01
5.463275221491855405e+01,1.240077219580676449e+01
5.465275793083738165e+01,1.286491619698554700e+01
5.467276364675621636e+01,1.346733062520972801e+01
5.469276936267505107e+01,1.361665992113326418e+01
5.471277507859388578e+01,1.312948802282748240e+01
5.473278079451272049e+01,1.410634021536713156e+01
5.475278651043155520e+01,1.465445284261744519e+01
5.477279222635038991e+01,1.525895469262942150e+01
5.479279794226922462e+01,1.447212130709967859e+01
5.481280365818805933e+01,1.534859011075417712e+01
5.483280937410688693e+01,1.589724970291641881e+01
5.485281509002572164e+01,1.616491525672590512e+01
5.487282080594455635e+01,1.616259021078190017e+01
5.489282652186339106e+01,1.589686425107178103e+01
5.491283223778222577e+01,1.593491994780688614e+01
5.493283795370106048e+01,1.678918982090140943e+01
5.495284366961989519e+01,1.715481219263079282e+01
5.497284938553872990e+01,1.742158150367547975e+01
5.499285510145756461e+01,1.834274290953133502e+01
5.501286081737639222e+01,1.801530299400990032e+01
5.503286653329522693e+01,1.879221747682744592e+01
5.505287224921406164e+01,1.876577617377856200e+01
5.507287796513289635e+01,1.954383370501671635e+01
5.509288368105173106e+01,2.018432509541665709e+01
5.511288939697056577e+01,2.076260809496213611e+01
5.513289511288940048e+01,2.110409352349537571e+01
5.515290082880823519e+01,2.209247657189579073e+01
5.517290654472706990e+01,2.168625270198913313e+01
5.519291226064590461e+01,2.166579583391595420e+01
5.521291797656473221e+01,2.209725982562417812e+01
5.523292369248356692e+01,2.262470393442770700e+01
5.525292940840240163e+01,2.257400795421257556e+01
5.527293512432123634e+01,2.261173463141280848e+01
5.529294084024007105e+01,2.182820354887895320e+01
5.531294655615890576e+01,2.095197814372278700e+01
5.533295227207774047e+01,2.134832521515877346e+01
5.535295798799657518e+01,2.091055202152290704e+01
5.537296370391540989e+01,2.052561186951117733e+01
5.539296941983423750e+01,1.986105957252556209e+01
5.541297513575307221e+01,1.905558382460906586e+01
5.543298085167190692e+01,1.826704455322218479e+01
5.545298656759074163e+01,1.801117024135936617e+01
5.547299228350957634e+01,1.799662791824164998e+01
5.549299799942841105e+01,1.785316359005176778e+01
5.551300371534724576e+01,1.683467530679980939e+01
5.553300943126608047e+01,1.715139853830176975e+01
5.555301514718491518e+01,1.671575117819713441e+01
5.557302086310374989e+01,1.651065460471242829e+01
5.559302657902257749e+01,1.717412851411257435e+01
5.561303229494141220e+01,1.702928432416391757e+01
5.563303801086024691e+01,1.609009818498183009e+01
5.565304372677908162e+01,1.599910150866316982e+01
5.567304944269791633e+01,1.724082786538459189e+01
5.569305515861675104e+01,1.690063078043786859e+01
5.571306087453558575e+01,1.720731509680421922e+01
5.573306659045442046e+01,1.635884594009695547e+01
5.575307230637325517e+01,1.640281197630978482e+01
5.577307802229208278e+01,1.593698728449461122e+01
5.579308373821091749e+01,1.604417843109303021e+01
5.581308945412975220e+01,1.546228162117396820e+01
5.583309517004858691e+01,1.458986649568945992e+01
5.585310088596742162e+01,1.474425785796665522e+01
5.587310660188625633e+01,1.347341343809620007e+01
5.589311231780509104e+01,1.274782536031543856e+01
5.591311803372392575e+01,1.250391442562303368e+01
5.593312374964276046e+01,1.290940233322031183e+01
5.595312946556158806e+01,1.343090209517096767e+01
5.597313518148042277e+01,1.230795741041205105e+01
5.599314089739925748e+01,1.225208398653010278e+01
5.601314661331809219e+01,1.212883739746604306e+01
5.603315232923692690e+01,1.201739641563074912e+01
5.605315804515576161e+01,1.181370420516857678e+01
5.607316376107459632e+01,1.161937740058208490e+01
5.609316947699343103e+01,1.172176590864389745e+01
5.611317519291226574e+01,1.139611826932490146e+01
5.613318090883110045e+01,1.133351283296442169e+01
5.615318662474992806e+01,1.136851625961612910e+01
5.617319234066876277e+01,1.148458797132228071e+01
5.619319805658759748e+01,1.180998994814602554e+01
5.621320377250643219e+01,1.234614507383492565e+01
5.623320948842526690e+01,1.247405776673894096e+01
5.625321520434410161e+01,1.193225746392780273e+01
5.627322092026293632e+01,1.239665491061068892e+01
5.629322663618177103e+01,1.236907313140791409e+01
5.631323235210060574e+01,1.227437201271676770e+01
5.633323806801943334e+01,1.306294460313050187e+01
5.635324378393826805e+01,1.208400530778773074e+01
5.637324949985710276e+01,1.280780419102640089e+01
5.639325521577593747e+01,1.189821238023139571e+01
5.641326093169477218e+01,1.194033627614857807e+01
5.643326664761360689e+01,1.230847829224637024e+01
5.645327236353244160e+01,1.195241118313078843e+01
5.647327807945127631e+01,1.199337646616289099e+01
5.649328379537011102e+01,1.203704218401885129e+01
5.651328951128894573e+01,1.259041441531229744e+01
5.653329522720777334e+01,1.247833072625707018e+01
5.655330094312660805e+01,1.189058886604960819e+01
5.657330665904544276e+01,1.273303128340398516e+01
5.659331237496427747e+01,1.214689432091436316e+01
5.661331809088311218e+01,1.216885286230939656e+01
5.663332380680194689e+01,1.193879933273959715e+01
5.665332952272078160e+01,1.189465465064519201e+01
5.667333523863961631e+01,1.220678409428207623e+01
5.669334095455845102e+01,1.246661759957120097e+01
5.671334667047727862e+01,1.336512680098536876e+01
5.673335238639611333e+01,1.366907344430488891e+01
5.675335810231494804e+01,1.349912186005395398e+01
5.677336381823378275e+01,1.389146002364054056e+01
5.679336953415261746e+01,1.445563390108093316e+01
5.681337525007145217e+01,1.353099400099499938e+01
5.683338096599028688e+01,1.391963038429316057e+01
5.685338668190912159e+01,1.356135817353168882e+01
5.687339239782795630e+01,1.420077446038532898e+01
5.689339811374678391e+01,1.360858656362821151e+01
5.691340382966561862e+01,1.381934137837203735e+01
5.693340954558445333e+01,1.343629097836515385e+01
5.695341526150328804e+01,1.353902686805493438e+01
5.697342097742212275e+01,1.444346965979338648e+01
5.699342669334095746e+01,1.402348744520239876e+01
5.701343240925979217e+01,1.359619521187839908e+01
5.703343812517862688e+01,1.335404596452741544e+01
5.705344384109746159e+01,1.422601405009988795e+01
5.707344955701629630e+01,1.382416923796797548e+01
5.709345527293512390e+01,1.291322126027966277e+01
5.711346098885395861e+01,1.331202290782742281e+01
5.713346670477279332e+01,1.381593434973419754e+01
5.715347242069162803e+01,1.332255393164024682e+01
5.717347813661046274e+01,1.384075584194610720e+01
5.719348385252929745e+01,1.222533247087049091e+01
5.721348956844813216e+01,1.305795586401090702e+01
5.723349528436696687e+01,1.248780478987193376e+01
5.725350100028580158e+01,1.254547891914351787e+01
5.727350671620462919e+01,1.211708214351856938e+01
5.729351243212346390e+01,1.101439890608038752e+01
5.731351814804229861e+01,1.224550077624685507e+01
5.733352386396113332e+01,1.171191465615903660e+01
5.735352957987996803e+01,1.118670626864373574e+01
5.737353529579880274e+01,1.083967695208734128e+01
5.739354101171763745e+01,1.014418194618220070e+01
5.741354672763647216e+01,1.159845564036007204e+01
5.743355244355530687e+01,1.075759028340965173e+01
5.745355815947414158e+01,1.078088007576898555e+01
5.747356387539296918e+01,1.094181325632004764e+01
5.749356959131180389e+01,1.047537526636010874e+01
5.751357530723063860e+01,1.111672966381139815e+01
5.753358102314947331e+01,1.147098612966050091e+01
5.755358673906830802e+01,1.146569088332730146e+01
5.757359245498714273e+01,1.094692665349883853e+01
5.759359817090597744e+01,1.171229556910551395e+01
5.761360388682481215e+01,1.219949386097175648e+01
5.763360960274364686e+01,1.169857491489902124e+01
5.765361531866247446e+01,1.320023312496890000e+01
5.767362103458130917e+01,1.276583997190260433e+01
5.769362675050014388e+01,1.353709518783817245e+01
5.771363246641897859e+01,1.355298781016766085e+01
5.773363818233781330e+01,1.392049819464721061e+01
5.775364389825664801e+01,1.476575535295167541e+01
5.777364961417548272e+01,1.532103493738570421e+01
5.779365533009431743e+01,1.553346452202956129e+01
5.781366104601315214e+01,1.556698624057881375e+01
5.783366676193197975e+01,1.545201322745652739e+01
5.785367247785081446e+01,1.515466699864452593e+01
5.787367819376964917e+01,1.528799277192206318e+01
5.789368390968848388e+01,1.515260767857198942e+01
5.791368962560731859e+01,1.573543363120896998e+01
5.793369534152615330e+01,1.565255427937090360e+01
5.795370105744498801e+01,1.550223663593347467e+01
5.797370677336382272e+01,1.557391347879673482e+01
5.799371248928265743e+01,1.584562938265888477e+01
5.801371820520149214e+01,1.613906006117828085e+01
5.803372392112031974e+01,1.561694494630878971e+01
5.805372963703915445e+01,1.473655933904713322e+01
5.807373535295798916e+01,1.456881357753970541e+01
5.809374106887682387e+01,1.421501705494290135e+01
5.811374678479565858e+01,1.377667490022973240e+01
5.813375250071449329e+01,1.402461883701753464e+01
5.815375821663332800e+01,1.418239974842339635e+01
5.817376393255216271e+01,1.412449859240511962e+01
5.819376964847099742e+01,1.372179253357317918e+01
5.821377536438982503e+01,1.399055270113336391e+01
5.823378108030865974e+01,1.328862886102690588e+01
5.825378679622749445e+01,1.407754820850322375e+01
5.827379251214632916e+01,1.437059917448942059e+01
5.829379822806516387e+01,1.428602640361729570e+01
5.831380394398399858e+01,1.365194425439502623e+01
5.833380965990283329e+01,1.357823056104149906e+01
5.835381537582166800e+01,1.414579159423289489e+01
5.837382109174050271e+01,1.387235615555813872e+01
5.839382680765933742e+01,1.313602626262426298e+01
5.841383252357816502e+01,1.369157181118390554e+01
5.843383823949699973e+01,1.373034537886904261e+01
5.845384395541583444e+01,1.305803111046685494e+01
5.847384967133466915e+01,1.262441235236651949e+01
5.849385538725350386e+01,1.295015518593708492e+01
5.851386110317233857e+01,1.252109460820358500e+01
5.853386681909117328e+01,1.190629914504757281e+01
5.855387253501000799e+01,1.150769579297630152e+01
5.857387825092884270e+01,1.225957783584772010e+01
5.859388396684767031e+01,1.136275583859684346e+01
5.861388968276650502e+01,1.128225258830463673e+01
5.863389539868533973e+01,1.256433927241874926e+01
5.865390111460417444e+01,1.157719474321404718e+01
5.867390683052300915e+01,1.229825335383827323e+01
5.869391254644184386e+01,1.210518783325493786e+01
5.871391826236067857e+01,1.231282773815023113e+01
5.873392397827951328e+01,1.284059878310641700e+01
5.875392969419834799e+01,1.267848623446311151e+01
5.877393541011717559e+01,1.332222476103161313e+01
5.879394112603601030e+01,1.252797627833171745e+01
5.881394684195484501e+01,1.290622980218908822e+01
5.883395255787367972e+01,1.351230206501235998e+01
5.885395827379251443e+01,1.323435799696709836e+01
5.887396398971134914e+01,1.373944898195093955e+01
5.889396970563018385e+01,1.410806124353300106e+01
5.891397542154901856e+01,1.411968204689267026e+01
5.893398113746785327e+01,1.381626577340421314e+01
5.895398685338668798e+01,1.387338034426628752e+01
5.897399256930551559e+01,1.351129629472609395e+01
5.899399828522435030e+01,1.440016455000994355e+01
5.901400400114318501e+01,1.329958487848509918e+01
5.903400971706201972e+01,1.418560688765458799e+01
5.905401543298085443e+01,1.472277282367210560e+01
5.907402114889968914e+01,1.517774886087717157e+01
5.909402686481852385e+01,1.537509015648592836e+01
5.911403258073735856e+01,1.511784312510652484e+01
5.913403829665619327e+01,1.514691639408723844e+01
5.915404401257502087e+01,1.568230459632210483e+01
5.917404972849385558e+01,1.583515602725069904e+01
5.919405544441269029e+01,1.623198099018202356e+01
5.921406116033152500e+01,1.663297770057218372e+01
5.923406687625035971e+01,1.632959861055105577e+01
5.925407259216919442e+01,1.667923577919394873e+01
5.927407830808802913e+01,1.667656577520745032e+01
5.929408402400686384e+01,1.622379582834182088e+01
5.931408973992569855e+01,1.680758019833569250e+01
5.933409545584453326e+01,1.603366058803977978e+01
5.935410117176336087e+01,1.669999333296376420e+01
5.937410688768219558e+01,1.592379939006095846e+01
5.939411260360103029e+01,1.634895817231832993e+01
5.941411831951986500e+01,1.616955994724093770e+01
5.943412403543869971e+01,1.615788903193275772e+01
5.945412975135753442e+01,1.546346769470319771e+01
5.947413546727636913e+01,1.627056221048669471e+01
5.949414118319520384e+01,1.545245957309068885e+01
5.951414689911403855e+01,1.676800906181360062e+01
5.953415261503286615e+01,1.620027221495563197e+01
5.955415833095170086e+01,1.614071523583155354e+01
5.957416404687053557e+01,1.620989730032032128e+01
5.959416976278937028e+01,1.576662924982353609e+01
5.961417547870820499e+01,1.583103350059290015e+01
5.963418119462703970e+01,1.608916090981974989e+01
5.965418691054587441e+01,1.611056802259630061e+01
5.967419262646470912e+01,1.589125910659264918e+01
5.969419834238354383e+01,1.509033620735046810e+01
5.971420405830237144e+01,1.537291190991895462e+01
5.973420977422120615e+01,1.511352942094332619e+01
5.975421549014004086e+01,1.534325351049087161e+01
5.977422120605887557e+01,1.477653117372527269e+01
5.979422692197771028e+01,1.386736242395736340e+01
5.981423263789654499e+01,1.395279484508941970e+01
5.983423835381537970e+01,1.375942003426349558e+01
5.985424406973421441e+01,1.276790849641648329e+01
5.987424978565304912e+01,1.389827097148238977e+01
5.989425550157188383e+01,1.253258803089021534e+01
5.991426121749071143e+01,1.213268866774389210e+01
5.993426693340954614e+01,1.248336660582828195e+01
5.995427264932838085e+01,1.230119289471785748e+01
5.997427836524721556e+01,1.250488176698863185e+01
5.999428408116605027e+01,1.214270413143227501e+01
6.001428979708488498e+01,1.245994270007088822e+01
6.003429551300371969e+01,1.243077810004054129e+01
6.005430122892255440e+01,1.154597584303369473e+01
6.007430694484138911e+01,1.186257415538518778e+01
6.009431266076021672e+01,1.200235548853278544e+01
6.011431837667905143e+01,1.220076052253716625e+01
6.013432409259788614e+01,1.151634968409582527e+01
6.015432980851672085e+01,1.185178298457371326e+01
6.017433552443555556e+01,1.126550147993135731e+01
6.019434124035439027e+01,1.167871610843453567e+01
6.021434695627322498e+01,1.190120445071266175e+01
6.023435267219205969e+01,1.074016107156428390e+01
6.025435838811089440e+01,1.091042552653608766e+01
6.027436410402972911e+01,1.131617199173355459e+01
6.029436981994855671e+01,1.046960172207418260e+01
6.031437553586739142e+01,1.034264092228098342e+01
6.033438125178622613e+01,1.066555826017493658e+01
6.035438696770506084e+01,1.123207549037790365e+01
6.037439268362389555e+01,1.063538623491226787e+01
6.039439839954273026e+01,1.149263522685131278e+01
6.041440411546156497e+01,1.128795196046240079e+01
6.043440983138039968e+01,1.195251935159844692e+01
6.045441554729923439e+01,1.125582406042805061e+01
6.047442126321806199e+01,1.154734592499086432e+01
6.049442697913689670e+01,1.207234619929631947e+01
6.051443269505573141e+01,1.285382667957155789e+01
6.053443841097456612e+01,1.355482357484316935e+01
6.055444412689340083e+01,1.308464791081623346e+01
6.057444984281223554e+01,1.298093957319091274e+01
6.059445555873107025e+01,1.337477308644291796e+01
6.061446127464990496e+01,1.354934868708814477e+01
6.063446699056873967e+01,1.512568397679244470e+01
6.065447270648756728e+01,1.441780472052340656e+01
6.067447842240640199e+01,1.493710876781118557e+01
6.069448413832523670e+01,1.550640374975962388e+01
6.071448985424407141e+01,1.550660450788880418e+01
6.073449557016290612e+01,1.480329967679749004e+01
6.075450128608174083e+01,1.525299108300751350e+01
6.077450700200057554e+01,1.493288838528740925e+01
6.079451271791941025e+01,1.435291485583241311e+01
6.081451843383824496e+01,1.522831378414967674e+01
6.083452414975707967e+01,1.548400700538214991e+01
6.085452986567590727e+01,1.497868106090312779e+01
6.087453558159474198e+01,1.447937636275001161e+01
6.089454129751357669e+01,1.530060955123591349e+01
6.091454701343241140e+01,1.489195608485348288e+01
6.093455272935124611e+01,1.427366536874523462e+01
6.095455844527008082e+01,1.511068625736896998e+01
6.097456416118891553e+01,1.399331726787590213e+01
6.099456987710775024e+01,1.479632502593246102e+01
6.101457559302658495e+01,1.533492245312670654e+01
6.103458130894541256e+01,1.431783128831734331e+01
6.105458702486424727e+01,1.448606017288702752e+01
6.107459274078308198e+01,1.336877277676670062e+01
6.109459845670191669e+01,1.369735875844784800e+01
6.111460417262075140e+01,1.391462039450486543e+01
6.113460988853958611e+01,1.323962037112173817e+01
6.115461560445842082e+01,1.354884787512393807e+01
6.117462132037725553e+01,1.343571524407818174e+01
6.119462703629609024e+01,1.375123342797393633e+01
6.121463275221492495e+01,1.407410741972363510e+01
6.123463846813375255e+01,1.384307903819204100e+01
6.125464418405258726e+01,1.411413912647620350e+01
6.127464989997142197e+01,1.448887644322475765e+01
6.129465561589025668e+01,1.472984090204358054e+01
6.131466133180909139e+01,1.445528621714829498e+01
6.133466704772792610e+01,1.605318384874210480e+01
6.135467276364676081e+01,1.578183653939382758e+01
6.137467847956559552e+01,1.627070709206367027e+01
6.139468419548443023e+01,1.568366830523499189e+01
6.141468991140325784e+01,1.722509325455799356e+01
6.143469562732209255e+01,1.719660299806722037e+01
6.145470134324092726e+01,1.639559826150778221e+01
6.147470705915976197e+01,1.720075887812577164e+01
6.149471277507859668e+01,1.773836625099309572e+01
6.151471849099743139e+01,1.756689813119427512e+01
6.153472420691626610e+01,1.694827804252048509e+01
6.155472992283510081e+01,1.730629913546161802e+01
6.157473563875393552e+01,1.633308881715172589e+01
6.159474135467276312e+01,1.598272440751925494e+01
6.161474707059159783e+01,1.589642340359012884e+01
6.163475278651043254e+01,1.528722927242942475e+01
6.165475850242926725e+01,1.492475494229715594e+01
6.167476421834810196e+01,1.515989831740769311e+01
6.169476993426693667e+01,1.487795335801616403e+01
6.171477565018577138e+01,1.480905978854009319e+01
6.173478136610460609e+01,1.487037277200014174e+01
6.175478708202344080e+01,1.462046226722772957e+01
6.177479279794227551e+01,1.317204642629305056e+01
6.179479851386110312e+01,1.339980608824138386e+01
6.181480422977993783e+01,1.379622677094705807e+01
6.183480994569877254e+01,1.321813259092108694e+01
6.185481566161760725e+01,1.260341016494633948e+01
6.187482137753644196e+01,1.270644393479508416e+01
6.189482709345527667e+01,1.220008688942792041e+01
6.191483280937411138e+01,1.254243605818149909e+01
6.193483852529294609e+01,1.154555573992354311e+01
6.195484424121178080e+01,1.131778542183066349e+01
6.197484995713060840e+01,1.117451711629008848e+01
6.199485567304944311e+01,1.144277722623996851e+01
6.201486138896827782e+01,1.138555432329997430e+01
6.203486710488711253e+01,1.060339230781529096e+01
6.205487282080594724e+01,1.071667569733567937e+01
6.207487853672478195e+01,1.108606582169351462e+01
6.209488425264361666e+01,1.088570813666955317e+01
6.211488996856245137e+01,1.037491998501679014e+01
6.213489568448128608e+01,9.607081449912023174e+00
6.215490140040011369e+01,1.092468054232034547e+01
6.217490711631894840e+01,1.097660621768723743e+01
6.219491283223778311e+01,1.035512420671403433e+01
6.221491854815661782e+01,9.997877216354655872e+00
6.223492426407545253e+01,9.668809491874240436e+00
6.225492997999428724e+01,9.714364173120078050e+00
6.227493569591312195e+01,9.841799963630990078e+00
6.229494141183195666e+01,1.042590671115990730e+01
6.231494712775079137e+01,9.244204097010381815e+00
6.233495284366962608e+01,1.052023444870253854e+01
6.235495855958845368e+01,9.487672609376044619e+00
6.237496427550728839e+01,9.669591116721825586e+00
6.239496999142612310e+01,9.548158946974556471e+00
6.241497570734495781e+01,1.057926308852087871e+01
6.243498142326379252e+01,9.701179430918770663e+00
6.245498713918262723e+01,9.687155796524486107e+00
6.247499285510146194e+01,9.518309613104444011e+00
6.249499857102029665e+01,1.033721030853291012e+01
6.251500428693913136e+01,9.708359455578079888e+00
6.253501000285795897e+01,9.723812544445760153e+00
6.255501571877679368e+01,9.972788981812797715e+00
6.257502143469562839e+01,1.031565484491215656e+01
6.259502715061446310e+01,1.010645306514038566e+01
6.261503286653329781e+01,1.083869030950050849e+01
6.263503858245213252e+01,1.112317388124172268e+01
6.265504429837096723e+01,1.118372686220410372e+01
6.267505001428980194e+01,1.093555529653217029e+01
6.269505573020863665e+01,1.134028644230563110e+01
6.271506144612747136e+01,1.208010119381475178e+01
6.273506716204629896e+01,1.178960285232293970e+01
6.275507287796513367e+01,1.226471221474605144e+01
6.277507859388396838e+01,1.260273229992923660e+01
6.279508430980280309e+01,1.219254184510583094e+01
6.281509002572163780e+01,1.195880331274415909e+01
6.283509574164047251e+01,1.203396210625040297e+01
6.285510145755930722e+01,1.343725800673974291e+01
6.287510717347814193e+01,1.259340115241108293e+01
6.289511288939697664e+01,1.362550094153080948e+01
6.291511860531580425e+01,1.311080401293362740e+01
6.293512432123463896e+01,1.212055059307378357e+01
6.295513003715347367e+01,1.280625357785887175e+01
6.297513575307230838e+01,1.293602646542010781e+01
6.299514146899114309e+01,1.280177396737836659e+01
6.301514718490997780e+01,1.188076128713244906e+01
6.303515290082881251e+01,1.258631930026840706e+01
6.305515861674764722e+01,1.256244655526236897e+01
6.307516433266648193e+01,1.210385627335676517e+01
6.309517004858530953e+01,1.179147247715200564e+01
6.311517576450414424e+01,1.265094342347924794e+01
6.313518148042297895e+01,1.133834662556635031e+01
6.315518719634181366e+01,1.201409459431702942e+01
6.317519291226064837e+01,1.166450246109720901e+01
6.319519862817948308e+01,1.158604975635850209e+01
6.321520434409831779e+01,1.140760010360546772e+01
6.323521006001715250e+01,1.115809577011286891e+01
6.325521577593598721e+01,1.045222134152306559e+01
6.327522149185482192e+01,1.094787562216921195e+01
6.329522720777364952e+01,1.028037334958746563e+01
6.331523292369248423e+01,1.059255960624492232e+01
6.333523863961131894e+01,1.076491601334168990e+01
6.335524435553015365e+01,1.037672459194151386e+01
6.337525007144898836e+01,1.048673070957612374e+01
6.339525578736782307e+01,1.075746371874016205e+01
6.341526150328665778e+01,1.051618967978266816e+01
6.343526721920549249e+01,1.074143136693923140e+01
6.345527293512432720e+01,1.128482402558621800e+01
6.347527865104315481e+01,1.083939708053220841e+01
6.349528436696198952e+01,1.109833344329982197e+01
6.351529008288082423e+01,1.078913612843156500e+01
6.353529579879965894e+01,1.160432140981129123e+01
6.355530151471849365e+01,1.126756990362655131e+01
6.357530723063732836e+01,1.208900253121748847e+01
6.359531294655616307e+01,1.138449809869975837e+01
6.361531866247499778e+01,1.144138168040030124e+01
6.363532437839383249e+01,1.205611823159447127e+01
6.365533009431266720e+01,1.233355589465195834e+01
6.367533581023149480e+01,1.235192606101261070e+01
6.369534152615032951e+01,1.254320441148332677e+01
6.371534724206916422e+01,1.334415047511459207e+01
6.373535295798799893e+01,1.313718276107025851e+01
6.375535867390683364e+01,1.370040481662978671e+01
6.377536438982566835e+01,1.361993435737946356e+01
6.379537010574450306e+01,1.282262096839332344e+01
6.381537582166333777e+01,1.321305578970750716e+01
6.383538153758217248e+01,1.262621724849579863e+01
6.385538725350100009e+01,1.362812118044937648e+01
6.387539296941983480e+01,1.424651620948854003e+01
6.389539868533866951e+01,1.390733429963634293e+01
6.391540440125750422e+01,1.367133515484359307e+01
6.393541011717633893e+01,1.421141073265977894e+01
6.395541583309517364e+01,1.324779151354277040e+01
6.397542154901400835e+01,1.335040546302756681e+01
6.399542726493284306e+01,1.403858274194736921e+01
6.401543298085167066e+01,1.296869009269639506e+01
6.403543869677051248e+01,1.368457764830517931e+01
6.405544441268934008e+01,1.307080906619320615e+01
6.407545012860816769e+01,1.310848345960777195e+01
6.409545584452700950e+01,1.365277489158433433e+01
6.411546156044585132e+01,1.238550853623355508e+01
6.413546727636467892e+01,1.245490623473167702e+01
6.415547299228350653e+01,1.309427853825598831e+01
6.417547870820234834e+01,1.285652487841777969e+01
6.419548442412119016e+01,1.162474678627313196e+01
6.421549014004001776e+01,1.245131027456290518e+01
6.423549585595884537e+01,1.283494128934897383e+01
6.425550157187768718e+01,1.157814513152867342e+01
6.427550728779651479e+01,1.141515840170311336e+01
6.429551300371534239e+01,1.102509345178000899e+01
6.431551871963418421e+01,1.182390459877241184e+01
6.433552443555302602e+01,1.091828861314146693e+01
6.435553015147185363e+01,1.179370235601754402e+01
6.437553586739068123e+01,1.048584627127447177e+01
6.439554158330952305e+01,1.051364367003378497e+01
6.441554729922835065e+01,1.070843181317395931e+01
6.443555301514717826e+01,1.095530329953863458e+01
6.445555873106602007e+01,1.115125958246975379e+01
6.447556444698486189e+01,1.051019302560355229e+01
6.449557016290368949e+01,1.098595583693214905e+01
6.451557587882251710e+01,1.130629015716463392e+01
6.453558159474135891e+01,1.144592501988882560e+01
6.455558731066020073e+01,1.153900799892229934e+01
6.457559302657902833e+01,1.140936465930014165e+01
6.459559874249785594e+01,1.107835672222197232e+01
6.461560445841669775e+01,1.144516051752403918e+01
6.463561017433552536e+01,1.077609791430684538e+01
6.465561589025435296e+01,1.136388724109093751e+01
6.467562160617319478e+01,1.159222065373931088e+01
6.469562732209203659e+01,1.114741115666395288e+01
6.471563303801086420e+01,1.117977181640449480e+01
6.473563875392969180e+01,1.125894483801607926e+01
6.475564446984853362e+01,1.106511555929456492e+01
6.477565018576737543e+01,1.079652662772729421e+01
6.479565590168618883e+01,1.034301867616872173e+01
6.481566161760503064e+01,1.085666903317182630e+01
6.483566733352387246e+01,1.095729285048069457e+01
6.485567304944270006e+01,1.066424989556977465e+01
6.487567876536152767e+01,9.945708733418323177e+00
6.489568448128036948e+01,1.128129952011245862e+01
6.491569019719921130e+01,1.069667133499169154e+01
6.493569591311803890e+01,1.043137188519036407e+01
6.495570162903686651e+01,1.132707559944481090e+01
6.497570734495570832e+01,1.029255146887297201e+01
6.499571306087453593e+01,1.085565413413308278e+01
6.501571877679336353e+01,9.813577640488844622e+00
6.503572449271220535e+01,9.713009280663719380e+00
6.505573020863104716e+01,1.024864112172556219e+01
6.507573592454987477e+01,9.321565358808097557e+00
6.509574164046870237e+01,9.857599796652914748e+00
6.511574735638754419e+01,9.516292061707574135e+00
6.513575307230638600e+01,9.333645532267816236e+00
6.515575878822521361e+01,9.654228800375028285e+00
6.517576450414404121e+01,8.471440560954309973e+00
6.519577022006288303e+01,8.899537170891676396e+00
6.521577593598171063e+01,9.165575299560774880e+00
6.523578165190053824e+01,9.158338761107042814e+00
6.525578736781938005e+01,8.970802622831497430e+00
6.527579308373822187e+01,8.405421112942873307e+00
6.529579879965704947e+01,8.476090686303541233e+00
6.531580451557587708e+01,8.193006103423225994e+00
6.533581023149471889e+01,8.737977974964058703e+00
6.535581594741354650e+01,8.237141646147277285e+00
6.537582166333237410e+01,8.546865348684926644e+00
6.539582737925121592e+01,8.459542543627861733e+00
6.541583309517005773e+01,7.941015752253202109e+00
6.543583881108888534e+01,9.002891266977631091e+00
6.545584452700771294e+01,8.294152743541065576e+00
6.547585024292655476e+01,9.061834826541851129e+00
6.549585595884539657e+01,9.048745974275764326e+00
6.551586167476422418e+01,8.478070035166492602e+00
6.553586739068305178e+01,8.496187519096151775e+00
6.555587310660189360e+01,8.996554875335309731e+00
6.557587882252072120e+01,8.734119251213417812e+00
6.559588453843954881e+01,9.511996216845354013e+00
6.561589025435839062e+01,8.432470467596786534e+00
6.563589597027723244e+01,8.268811316270085143e+00
6.565590168619606004e+01,8.464361087029088182e+00
6.567590740211488765e+01,9.444734941508244219e+00
6.569591311803372946e+01,9.206995133647295049e+00
6.571591883395257128e+01,8.749355285764899293e+00
6.573592454987138467e+01,7.976949868619004569e+00
6.575593026579022649e+01,7.884904657172226550e+00
6.577593598170906830e+01,8.788922613559552843e+00
6.579594169762789591e+01,8.887630141923853699e+00
6.581594741354672351e+01,9.679086684840676469e+00
6.583595312946556533e+01,9.060972547604912108e+00
6.585595884538440714e+01,9.498132748050363006e+00
6.587596456130323475e+01,8.742774525305208044e+00
6.589597027722206235e+01,9.163658886015900507e+00
6.591597599314090417e+01,8.879901573480815102e+00
6.593598170905973177e+01,9.419089310454058506e+00
6.595598742497855937e+01,9.175850081660957613e+00
6.597599314089740119e+01,9.018741473813488341e+00
6.599599885681624301e+01,9.728414689338920951e+00
6.601600457273507061e+01,9.242661791310206709e+00
6.603601028865389821e+01,9.515332746486045323e+00
6.605601600457274003e+01,9.981338987219748660e+00
6.607602172049158185e+01,1.005031736424953337e+01
6.609602743641040945e+01,8.998666467343657160e+00
6.611603315232923705e+01,9.675400358706250259e+00
6.613603886824807887e+01,1.024614063768576600e+01
6.615604458416690647e+01,9.874424361498610025e+00
6.617605030008573408e+01,9.344170518167576489e+00
6.619605601600457589e+01,1.023151564517130829e+01
6.621606173192341771e+01,9.587363111658330439e+00
6.623606744784224531e+01,9.679952188660791990e+00
6.625607316376107292e+01,1.078169884802890266e+01
6.627607887967991473e+01,1.131372646593148090e+01
6.629608459559874234e+01,1.085351679525291857e+01
6.631609031151756994e+01,1.124450018504228055e+01
6.633609602743641176e+01,1.118892629991417209e+01
6.635610174335525357e+01,1.198942612620674453e+01
6.637610745927408118e+01,1.126519096224409111e+01
6.639611317519290878e+01,1.220983814711635596e+01
6.641611889111175060e+01,1.206246487711507598e+01
6.643612460703059241e+01,1.213397758606461529e+01
6.645613032294942002e+01,1.204924527860961092e+01
6.647613603886824762e+01,1.248377194231091281e+01
6.649614175478708944e+01,1.310324197451844164e+01
6.651614747070591704e+01,1.316638253342877896e+01
6.653615318662474465e+01,1.379805601067653953e+01
6.655615890254358646e+01,1.243148214046988898e+01
6.657616461846242828e+01,1.287665105527424458e+01
6.659617033438125588e+01,1.269675324110514936e+01
6.661617605030008349e+01,1.225809251931246813e+01
6.663618176621892530e+01,1.276616765556394384e+01
6.665618748213776712e+01,1.272741803502281677e+01
6.667619319805658051e+01,1.302768905720937198e+01
6.669619891397542233e+01,1.222463954086484605e+01
6.671620462989426414e+01,1.230432157767760515e+01
6.673621034581309175e+01,1.126767766263531101e+01
6.675621606173191935e+01,1.178785921868684028e+01
6.677622177765076117e+01,1.232887894832483688e+01
6.679622749356960298e+01,1.167878086252072833e+01
6.681623320948843059e+01,1.192969908719262406e+01
6.683623892540725819e+01,1.091956479746474074e+01
6.685624464132610001e+01,1.186586493080385907e+01
6.687625035724492761e+01,1.009617584672871260e+01
6.689625607316375522e+01,1.022750479500200171e+01
6.691626178908259703e+01,1.057743138305552222e+01
6.693626750500143885e+01,1.118349157789754500e+01
6.695627322092026645e+01,9.989958103506271669e+00
6.697627893683909406e+01,1.046950973306690891e+01
6.699628465275793587e+01,1.025732466548399557e+01
6.701629036867677769e+01,1.038107059969059875e+01
6.703629608459560529e+01,9.839083477078730766e+00
6.705630180051443290e+01,9.761508404045063259e+00
6.707630751643327471e+01,9.194277349440191927e+00
6.709631323235210232e+01,1.006426920666073599e+01
6.711631894827092992e+01,9.347763917840644865e+00
6.713632466418977174e+01,8.315562150356448967e+00
6.715633038010861355e+01,9.213814895765082724e+00
6.717633609602744116e+01,9.016700898493867911e+00
6.719634181194626876e+01,8.837885602907968874e+00
6.721634752786511058e+01,8.786920547604591292e+00
6.723635324378393818e+01,8.265686769348391749e+00
6.725635895970276579e+01,8.585893625310717425e+00
6.727636467562160760e+01,8.333585923247786909e+00
6.729637039154044942e+01,8.903442700492124828e+00
6.731637610745927702e+01,8.325048880970912890e+00
6.733638182337810463e+01,8.346184701532436634e+00
6.735638753929694644e+01,8.870683919211934665e+00
6.737639325521578826e+01,9.132397409866793936e+00
6.739639897113461586e+01,9.072376446099974956e+00
6.741640468705344347e+01,9.202673630401827509e+00
6.743641040297228528e+01,9.735306367984350118e+00
6.745641611889111289e+01,9.354839301882210023e+00
6.747642183480994049e+01,9.783607642952139472e+00
6.749642755072878231e+01,9.045322248961253919e+00
6.751643326664762412e+01,9.921529654718272084e+00
6.753643898256645173e+01,9.510317096821975014e+00
6.755644469848527933e+01,1.005689587207448810e+01
6.757645041440412115e+01,9.336311679351346982e+00
6.759645613032296296e+01,9.342808845961600994e+00
6.761646184624177636e+01,1.006400249578758554e+01
6.763646756216061817e+01,9.437014125652893881e+00
6.765647327807945999e+01,9.550322766856117696e+00
6.767647899399828759e+01,1.018669865688933740e+01
6.769648470991711520e+01,9.177147826389257190e+00
6.771649042583595701e+01,9.993285193386775234e+00
6.773649614175479883e+01,9.774548670074446832e+00
6.775650185767362643e+01,1.011538751015514848e+01
6.777650757359245404e+01,9.511043154677086164e+00
6.779651328951129585e+01,1.010736160504404424e+01
6.781651900543012346e+01,1.052484047024818992e+01
6.783652472134895106e+01,1.052572652444987433e+01
6.785653043726779288e+01,1.081246413071505152e+01
6.787653615318663469e+01,1.070205040102276328e+01
6.789654186910546230e+01,1.129910951716132672e+01
6.791654758502428990e+01,1.210648021247344985e+01
6.793655330094313172e+01,1.191312569512133379e+01
6.795655901686197353e+01,1.259974244786834596e+01
6.797656473278080114e+01,1.189034625911617304e+01
6.799657044869962874e+01,1.280326846746850933e+01
6.801657616461847056e+01,1.317190374059435598e+01
6.803658188053729816e+01,1.309822302606703381e+01
6.805658759645612577e+01,1.402563172502885536e+01
6.807659331237496758e+01,1.444076919959100813e+01
6.809659902829380940e+01,1.564663130035444105e+01
6.811660474421263700e+01,1.491266702341885697e+01
6.813661046013146461e+01,1.519129548672643715e+01
6.815661617605030642e+01,1.568569948199504793e+01
6.817662189196913403e+01,1.631581931729096269e+01
6.819662760788796163e+01,1.631484495871647056e+01
6.821663332380680345e+01,1.698851499397247977e+01
6.823663903972564526e+01,1.743220386977969127e+01
6.825664475564447287e+01,1.770570989077960178e+01
6.827665047156330047e+01,1.773641542772939061e+01
6.829665618748214229e+01,1.742046582717422964e+01
6.831666190340098410e+01,1.716472479418995079e+01
6.833666761931981171e+01,1.779487381518801925e+01
6.835667333523863931e+01,1.750915343958806858e+01
6.837667905115748113e+01,1.727742814214446554e+01
6.839668476707630873e+01,1.716284553426346804e+01
6.841669048299513634e+01,1.687580217353884393e+01
6.843669619891397815e+01,1.740595292758068169e+01
6.845670191483281997e+01,1.636682557314362896e+01
6.847670763075164757e+01,1.653067259553718316e+01
6.849671334667047518e+01,1.667618456075872757e+01
6.851671906258931699e+01,1.696386363710580980e+01
6.853672477850815881e+01,1.630132501901874775e+01
6.855673049442697220e+01,1.710345906073456490e+01
6.857673621034581402e+01,1.721164565343869057e+01
6.859674192626465583e+01,1.747776925419069372e+01
6.861674764218348344e+01,1.712484283037140642e+01
6.863675335810231104e+01,1.779408737198855306e+01
6.865675907402115286e+01,1.814485692220425506e+01
6.867676478993999467e+01,1.764354491998432906e+01
6.869677050585882228e+01,1.749796154324534925e+01
6.871677622177764988e+01,1.776184145902049494e+01
6.873678193769649170e+01,1.809172266430406495e+01
6.875678765361531930e+01,1.771608076060966397e+01
6.877679336953414690e+01,1.749633625216961264e+01
6.879679908545298872e+01,1.681786332852847110e+01
6.881680480137183054e+01,1.733750360459048068e+01
6.883681051729065814e+01,1.600811521998936726e+01
6.885681623320948574e+01,1.677032211824165842e+01
6.887682194912832756e+01,1.635537443378782285e+01
6.889682766504716938e+01,1.565861462667559323e+01
6.891683338096599698e+01,1.523919090851983782e+01
6.893683909688482458e+01,1.521009542930379865e+01
6.895684481280366640e+01,1.584153339136103966e+01
6.897685052872249400e+01,1.416720265244750010e+01
6.899685624464132161e+01,1.372774228081419423e+01
6.901686196056016342e+01,1.457199537926223698e+01
6.903686767647900524e+01,1.458121475728355776e+01
6.905687339239783284e+01,1.431798475720939834e+01
6.907687910831666045e+01,1.426015046240068607e+01
6.909688482423550226e+01,1.480221336300728652e+01
6.911689054015432987e+01,1.445777866168610792e+01
6.913689625607315747e+01,1.396380494994282273e+01
6.915690197199199929e+01,1.389236900445564515e+01
6.917690768791084110e+01,1.475501458691069701e+01
6.919691340382966871e+01,1.397590449996831197e+01
6.921691911974849631e+01,1.460464050703173022e+01
6.923692483566733813e+01,1.379461253243572649e+01
6.925693055158617994e+01,1.369745062314017048e+01
6.927693626750500755e+01,1.396167415276548063e+01
6.929694198342383515e+01,1.330318937095770870e+01
6.931694769934267697e+01,1.387502341733133804e+01
6.933695341526150457e+01,1.386213911471705273e+01
6.935695913118033218e+01,1.286041541592168613e+01
6.937696484709917399e+01,1.291821713251400716e+01
6.939697056301801581e+01,1.271050323537694027e+01
6.941697627893684341e+01,1.231863396574050640e+01
6.943698199485567102e+01,1.252341077892459431e+01
6.945698771077451283e+01,1.164527553051265762e+01
6.947699342669335465e+01,1.129093263726461416e+01
6.949699914261216804e+01,1.149282150483510456e+01
6.951700485853100986e+01,1.155326454633532052e+01
6.953701057444985167e+01,1.097917533659966871e+01
6.955701629036867928e+01,1.202460677556948454e+01
6.957702200628750688e+01,1.135161446681148334e+01
6.959702772220634870e+01,1.139821365558896815e+01
6.961703343812519051e+01,1.104443947120790170e+01
6.963703915404401812e+01,1.068698828210750484e+01
6.965704486996284572e+01,1.117052143742938242e+01
6.967705058588168754e+01,1.132253109020643045e+01
6.969705630180051514e+01,1.147225010879742513e+01
6.971706201771934275e+01,1.193774436211124979e+01
6.973706773363818456e+01,1.199676840578620585e+01
6.975707344955702638e+01,1.237623330269542521e+01
6.977707916547585398e+01,1.250696102190149261e+01
6.979708488139468159e+01,1.188297493294551543e+01
6.981709059731352340e+01,1.243154114523587950e+01
6.983709631323236522e+01,1.262278396175497264e+01
6.985710202915119282e+01,1.291781717038336730e+01
6.987710774507002043e+01,1.296369994668833314e+01
6.989711346098886224e+01,1.324113495857808331e+01
6.991711917690768985e+01,1.368219970984559453e+01
6.993712489282651745e+01,1.348254215348362450e+01
6.995713060874535927e+01,1.404390011120195325e+01
6.997713632466420108e+01,1.450823632181424117e+01
6.999714204058302869e+01,1.405034264862938187e+01
7.001714775650185629e+01,1.391498946112557711e+01
7.003715347242069811e+01,1.372193233166669302e+01
7.005715918833952571e+01,1.348282020294322336e+01
7.007716490425835332e+01,1.396698408552865267e+01
7.009717062017719513e+01,1.379180540719621462e+01
7.011717633609603695e+01,1.394940270689739137e+01
7.013718205201486455e+01,1.282847629195580552e+01
7.015718776793369216e+01,1.314483124471203901e+01
7.017719348385253397e+01,1.281884374856550757e+01
7.019719919977137579e+01,1.363782728802504352e+01
7.021720491569020339e+01,1.387342497909124717e+01
7.023721063160903100e+01,1.346203979043290033e+01
7.025721634752787281e+01,1.342973329356205525e+01
7.027722206344670042e+01,1.413846926549689798e+01
7.029722777936552802e+01,1.447456784078213587e+01
7.031723349528436984e+01,1.425074614747467550e+01
7.033723921120321165e+01,1.472855776050126053e+01
7.035724492712203926e+01,1.499514919790143885e+01
7.037725064304086686e+01,1.524948125003838939e+01
7.039725635895970868e+01,1.443869589486998350e+01
7.041726207487855049e+01,1.518436319698280990e+01
7.043726779079736389e+01,1.517774275201728429e+01
7.045727350671620570e+01,1.494074352790633853e+01
7.047727922263504752e+01,1.482634500289514889e+01
7.049728493855387512e+01,1.513632995611488141e+01
7.051729065447270273e+01,1.440652627921097029e+01
7.053729637039154454e+01,1.497524134074067348e+01
7.055730208631038636e+01,1.476695898863021483e+01
7.057730780222921396e+01,1.454843276501792637e+01
7.059731351814804157e+01,1.368776637124768314e+01
7.061731923406688338e+01,1.317371459717622884e+01
7.063732494998571099e+01,1.352121811824101805e+01
7.065733066590453859e+01,1.334996659175791578e+01
7.067733638182338041e+01,1.189266051788139755e+01
7.069734209774222222e+01,1.226367106250004824e+01
7.071734781366104983e+01,1.251755407521283914e+01
7.073735352957987743e+01,1.123146217002363656e+01
7.075735924549871925e+01,1.095505137057752343e+01
7.077736496141756106e+01,1.118616233353960787e+01
7.079737067733638867e+01,1.108860806485253825e+01
7.081737639325521627e+01,1.176587347655278037e+01
7.083738210917405809e+01,1.092705683736561362e+01
7.085738782509288569e+01,1.073808984108229403e+01
7.087739354101171330e+01,1.201662272033562573e+01
7.089739925693055511e+01,1.127862392518689916e+01
7.091740497284939693e+01,1.175840388473449138e+01
7.093741068876822453e+01,1.154012335319264082e+01
7.095741640468705214e+01,1.296210846495698377e+01
7.097742212060589395e+01,1.243794412540168359e+01
7.099742783652472156e+01,1.237598530575111688e+01
7.101743355244354916e+01,1.354557342619698446e+01
7.103743926836239098e+01,1.257901646168914134e+01
7.105744498428123279e+01,1.298018678292310213e+01
7.107745070020006040e+01,1.299360919809167214e+01
7.109745641611888800e+01,1.363427359828544283e+01
7.111746213203772982e+01,1.337504743176857147e+01
7.113746784795657163e+01,1.296088737727039941e+01
7.115747356387539924e+01,1.359010000411097963e+01
7.117747927979422684e+01,1.240321222077752417e+01
7.119748499571306866e+01,1.263023881931181158e+01
7.121749071163189626e+01,1.280821402843249146e+01
7.123749642755072387e+01,1.158751253747719367e+01
7.125750214346956568e+01,1.173417860028443371e+01
7.127750785938840750e+01,1.196454541455783804e+01
7.129751357530723510e+01,1.274983486537068522e+01
7.131751929122606271e+01,1.141368819906017507e+01
7.133752500714490452e+01,1.210911259195849965e+01
7.135753072306374634e+01,1.193334396443430023e+01
7.137753643898255973e+01,1.132176010626289653e+01
7.139754215490140155e+01,1.079405792057270297e+01
7.141754787082024336e+01,1.176958960490840767e+01
7.143755358673907097e+01,1.128720615673672789e+01
7.145755930265789857e+01,1.133414165596148493e+01
7.147756501857674039e+01,1.172744010149595084e+01
7.149757073449558220e+01,1.167816941593114599e+01
7.151757645041440981e+01,1.141226166988738200e+01
7.153758216633323741e+01,1.218741531051453109e+01
7.155758788225207923e+01,1.135032612801835938e+01
7.157759359817090683e+01,1.139265526662045858e+01
7.159759931408973443e+01,1.261932561420652554e+01
7.161760503000857625e+01,1.287661879396108233e+01
7.163761074592741807e+01,1.247949496856021057e+01
7.165761646184624567e+01,1.268239182526057363e+01
7.167762217776507327e+01,1.319354739142543664e+01
7.169762789368391509e+01,1.303134805052431133e+01
7.171763360960275691e+01,1.343925077503078036e+01
7.173763932552158451e+01,1.165735064372821483e+01
7.175764504144041211e+01,1.209881784307075314e+01
7.177765075735925393e+01,1.219481452906626373e+01
7.179765647327808153e+01,1.221091962591316893e+01
7.181766218919690914e+01,1.175977689986148889e+01
7.183766790511575095e+01,1.242478734557185405e+01
7.185767362103459277e+01,1.234960715505836504e+01
7.187767933695342037e+01,1.193363589668998870e+01
7.189768505287224798e+01,1.156478793622517642e+01
7.191769076879108979e+01,1.103627864086061194e+01
7.193769648470991740e+01,1.162861623345367690e+01
7.195770220062874500e+01,1.149726018085480561e+01
7.197770791654758682e+01,1.176544881775310714e+01
7.199771363246642863e+01,1.132851723447874370e+01
7.201771934838525624e+01,1.106915356920154636e+01
7.203772506430408384e+01,1.073256999505283105e+01
7.205773078022292566e+01,1.081979504990125562e+01
7.207773649614176747e+01,1.044040946173598705e+01
7.209774221206059508e+01,1.012301875457436751e+01
7.211774792797942268e+01,1.012120336089893868e+01
7.213775364389826450e+01,1.031613803534435903e+01
7.215775935981709210e+01,1.076546874926629016e+01
7.217776507573591971e+01,9.819258327129020358e+00
7.219777079165476152e+01,9.479371018888892664e+00
7.221777650757360334e+01,9.761486055581244159e+00
7.223778222349243094e+01,9.351195944488445377e+00
7.225778793941125855e+01,9.392998606692767538e+00
7.227779365533010036e+01,9.771970865636687265e+00
7.229779937124894218e+01,9.281779837971400937e+00
7.231780508716775557e+01,8.941959336143174397e+00
7.233781080308659739e+01,9.214832810687280329e+00
7.235781651900543920e+01,8.741488024740579732e+00
7.237782223492426681e+01,9.519004903103642334e+00
7.239782795084309441e+01,8.631823702843760771e+00
7.241783366676193623e+01,9.426710310227640832e+00
7.243783938268077804e+01,9.564937707468388339e+00
7.245784509859960565e+01,9.890468758530523985e+00
7.247785081451843325e+01,1.000771348382034809e+01
7.249785653043727507e+01,9.753273508315546181e+00
7.251786224635610267e+01,9.697313939144684980e+00
7.253786796227493028e+01,1.007825034754488946e+01
7.255787367819377209e+01,9.555074771001372369e+00
7.257787939411261391e+01,9.272806833328086640e+00
7.259788511003144151e+01,9.193191602486042058e+00
7.261789082595026912e+01,9.875424885957500010e+00
7.263789654186911093e+01,9.402449677096083036e+00
7.265790225778795275e+01,9.947228481082870388e+00
7.267790797370678035e+01,1.028451033923109392e+01
7.269791368962560796e+01,9.752760694165704791e+00
7.271791940554444977e+01,1.000351556292519106e+01
7.273792512146327738e+01,9.991277643251660123e+00
7.275793083738210498e+01,9.964532524033328897e+00
7.277793655330094680e+01,1.075137754433488269e+01
7.279794226921978861e+01,1.032664909612155313e+01
7.281794798513861622e+01,1.098505466324883173e+01
7.283795370105744382e+01,1.124954987130604778e+01
7.285795941697628564e+01,1.128056305382115099e+01
7.287796513289511324e+01,1.191616231352909239e+01
7.289797084881394085e+01,1.080344434690467992e+01
7.291797656473278266e+01,1.202649497619208319e+01
7.293798228065162448e+01,1.130239122487238745e+01
7.295798799657045208e+01,1.176573248092928736e+01
7.297799371248927969e+01,1.148746991957862207e+01
7.299799942840812150e+01,1.086376601800849784e+01
7.301800514432696332e+01,1.187010364108597038e+01
7.303801086024579092e+01,1.169923356216734689e+01
7.305801657616461853e+01,1.129654760852214501e+01
7.307802229208346034e+01,1.098523640952699765e+01
7.309802800800228795e+01,1.089253795307093853e+01
7.311803372392111555e+01,1.149608147148866166e+01
7.313803943983995737e+01,1.109671921842521058e+01
7.315804515575879918e+01,1.203335443867167953e+01
7.317805087167762679e+01,1.127810569374859284e+01
7.319805658759645439e+01,1.172688259055673932e+01
7.321806230351529621e+01,1.112592871140573614e+01
7.323806801943413802e+01,1.167456707755375689e+01
7.325807373535295142e+01,1.103492039797676760e+01
7.327807945127179323e+01,1.217594919678623633e+01
7.329808516719063505e+01,1.154591413587447413e+01
7.331809088310946265e+01,1.245644998686037752e+01
7.333809659902829026e+01,1.093411724075783020e+01
7.335810231494713207e+01,1.163854836632249956e+01
7.337810803086597389e+01,1.250540784841465758e+01
7.339811374678480149e+01,1.174553689583227367e+01
7.341811946270362910e+01,1.230026523918979819e+01
7.343812517862247091e+01,1.186532289706487120e+01
7.345813089454129852e+01,1.290492531110968244e+01
7.347813661046012612e+01,1.203069235627675937e+01
7.349814232637896794e+01,1.259236717753344692e+01
7.351814804229780975e+01,1.196622840615943417e+01
7.353815375821663736e+01,1.271140282717906800e+01
7.355815947413546496e+01,1.174265188137805893e+01
7.357816519005430678e+01,1.154739242673910304e+01
7.359817090597314859e+01,1.140886338646070186e+01
7.361817662189197620e+01,1.117074695536541462e+01
7.363818233781080380e+01,1.103443806292994189e+01
7.365818805372964562e+01,1.009401811788960046e+01
7.367819376964847322e+01,1.009534816394665491e+01
7.369819948556730083e+01,1.060021469760674506e+01
7.371820520148614264e+01,1.032389316785796218e+01
7.373821091740498446e+01,1.070227494427085446e+01
7.375821663332381206e+01,1.075927353498147987e+01
7.377822234924263967e+01,1.041971395051618643e+01
7.379822806516148148e+01,1.102064528528785559e+01
7.381823378108030909e+01,1.163628492568626882e+01
7.383823949699913669e+01,1.070016970333931283e+01
7.385824521291797851e+01,1.103857422322356641e+01
7.387825092883682032e+01,1.185226144655347724e+01
7.389825664475564793e+01,1.075315020569711599e+01
7.391826236067447553e+01,1.144158929015767434e+01
7.393826807659331735e+01,1.194294330176921193e+01
7.395827379251215916e+01,1.196303522405379383e+01
7.397827950843098677e+01,1.143112004553892724e+01
7.399828522434981437e+01,1.255525287026400072e+01
7.401829094026865619e+01,1.239132648020329341e+01
7.403829665618748379e+01,1.171529226271207236e+01
7.405830237210632561e+01,1.118395112866196506e+01
7.407830808802515321e+01,1.177150489463352301e+01
7.409831380394398082e+01,1.189358354240683013e+01
7.411831951986282263e+01,1.093693228017592034e+01
7.413832523578165024e+01,1.162049734468718931e+01
7.415833095170049205e+01,1.163291175459814042e+01
7.417833666761931966e+01,1.121733317054210488e+01
7.419834238353816147e+01,1.089093613078097889e+01
7.421834809945698908e+01,1.123456878425029259e+01
7.423835381537583089e+01,1.119776052666139066e+01
7.425835953129465850e+01,1.203153700961854966e+01
7.427836524721348610e+01,1.051396732402555045e+01
7.429837096313232792e+01,1.089182064134631034e+01
7.431837667905115552e+01,1.158433148277659086e+01
7.433838239496999734e+01,1.086424447515080693e+01
7.435838811088882494e+01,1.182363261011665756e+01
7.437839382680766676e+01,1.150022850628131366e+01
7.439839954272649436e+01,1.151877598316726647e+01
7.441840525864533618e+01,1.167635510993436299e+01
7.443841097456416378e+01,1.130658745847755497e+01
7.445841669048300560e+01,1.151197219765654545e+01
7.447842240640183320e+01,1.239043264161195523e+01
7.449842812232066080e+01,1.203269619970693327e+01
7.451843383823950262e+01,1.225793951979684770e+01
7.453843955415833022e+01,1.176504865631190455e+01
7.455844527007717204e+01,1.258516128119912025e+01
7.457845098599599964e+01,1.177731907900806263e+01
7.459845670191484146e+01,1.290591447530515978e+01
7.461846241783366906e+01,1.269534858183737569e+01
7.463846813375251088e+01,1.310763685148837610e+01
7.465847384967133848e+01,1.305698077528556489e+01
7.467847956559016609e+01,1.248950136875365757e+01
7.469848528150900790e+01,1.384774184034892386e+01
7.471849099742783551e+01,1.369270035225523685e+01
7.473849671334667732e+01,1.300839514807886843e+01
7.475850242926550493e+01,1.304119401721844085e+01
7.477850814518434674e+01,1.292085418363939020e+01
7.479851386110317435e+01,1.290849087844773635e+01
7.481851957702201616e+01,1.288392231553739720e+01
7.483852529294084377e+01,1.313063160557858033e+01
7.485853100885967137e+01,1.255678708898058282e+01
7.487853672477851319e+01,1.398001415030527106e+01
7.489854244069734079e+01,1.351233226503087437e+01
7.491854815661618261e+01,1.369116125378925375e+01
7.493855387253501021e+01,1.323861456114844692e+01
7.495855958845385203e+01,1.286033506368155699e+01
7.497856530437267963e+01,1.330110462541611049e+01
7.499857102029152145e+01,1.333798597368851802e+01
7.501857673621034905e+01,1.357907591946957737e+01
7.503858245212917666e+01,1.310883919890304306e+01
7.505858816804801847e+01,1.228501499615707715e+01
7.507859388396684608e+01,1.217883361789341023e+01
7.509859959988568789e+01,1.208985263532958143e+01
7.511860531580451550e+01,1.161801392071752659e+01
7.513861103172335731e+01,1.127839383252633887e+01
7.515861674764218492e+01,1.206562630387148971e+01
7.517862246356102673e+01,1.123681987051422482e+01
7.519862817947985434e+01,1.150521460023048625e+01
7.521863389539868194e+01,1.156616135942564938e+01
7.523863961131752376e+01,1.064454066258026721e+01
7.525864532723635136e+01,1.128524874399546185e+01
7.527865104315519318e+01,1.100892537571414920e+01
7.529865675907402078e+01,1.030104283702149104e+01
7.531866247499286260e+01,1.031076977142599915e+01
7.533866819091169020e+01,1.045690297368872024e+01
7.535867390683053202e+01,1.059487308484074219e+01
7.537867962274935962e+01,1.036110925448989484e+01
7.539868533866820144e+01,1.012175919352110931e+01
7.541869105458702904e+01,1.090864205438950307e+01
7.543869677050585665e+01,1.111719869959526008e+01
7.545870248642469846e+01,1.047511520092204940e+01
7.547870820234352607e+01,1.045368050216190881e+01
7.549871391826236788e+01,1.086825830188766062e+01
7.551871963418119549e+01,1.014763267084647325e+01
7.553872535010003730e+01,1.007819119603430735e+01
7.555873106601886491e+01,9.367206606317505901e+00
7.557873678193770672e+01,8.794226543919048567e+00
7.559874249785653433e+01,9.234819309523853548e+00
7.561874821377536193e+01,8.887043014024847309e+00
7.563875392969420375e+01,8.825382299636679306e+00
7.565875964561303135e+01,8.845148451700854508e+00
7.567876536153187317e+01,8.187954712873331431e+00
7.569877107745070077e+01,8.303476694501467748e+00
7.571877679336954259e+01,8.726015120402760061e+00
7.573878250928837019e+01,8.880325176316565816e+00
7.575878822520721201e+01,8.237955809558412668e+00
7.577879394112603961e+01,7.409002751366423389e+00
7.579879965704486722e+01,8.110182046471328121e+00
7.581880537296370903e+01,8.463754465763962287e+00
7.583881108888253664e+01,7.437645294360401671e+00
7.585881680480137845e+01,7.685907636693569245e+00
7.587882252072020606e+01,8.316809223499454617e+00
7.589882823663904787e+01,8.130744240175147297e+00
7.591883395255787548e+01,7.171634326289529682e+00
7.593883966847671729e+01,7.475282208345480406e+00
7.595884538439554490e+01,8.401056900403990113e+00
7.597885110031437250e+01,8.269985448963454999e+00
7.599885681623321432e+01,8.169876343844993727e+00
7.601886253215204192e+01,7.935408117042696219e+00
7.603886824807088374e+01,7.748714701669785931e+00
7.605887396398971134e+01,7.815782130370291014e+00
7.607887967990855316e+01,7.409672517907136324e+00
7.609888539582738076e+01,7.779538715097217505e+00
7.611889111174622258e+01,8.044091698789888056e+00
7.613889682766505018e+01,7.798223714236894644e+00
7.615890254358387779e+01,8.745591962773557881e+00
7.617890825950271960e+01,8.937907966234060808e+00
7.619891397542154721e+01,8.313432194051515012e+00
7.621891969134038902e+01,8.090363246200190872e+00
7.623892540725921663e+01,8.342438029532170063e+00
7.625893112317805844e+01,8.417989804575768176e+00
7.627893683909688605e+01,8.185023886036203677e+00
7.629894255501572786e+01,8.941382035067354295e+00
7.631894827093455547e+01,9.134613214184220453e+00
7.633895398685339728e+01,8.850102380162091720e+00
7.635895970277222489e+01,9.238256798412157522e+00
7.637896541869105249e+01,9.435325429277266807e+00
7.639897113460989431e+01,9.945571466293857910e+00
7.641897685052872191e+01,9.973675060908544054e+00
7.643898256644756373e+01,9.905480681129592568e+00
7.645898828236639133e+01,1.039088817276840260e+01
7.647899399828523315e+01,9.708184761137012231e+00
7.649899971420406075e+01,1.010587822341306463e+01
7.651900543012290257e+01,9.958836094674186512e+00
7.653901114604173017e+01,1.066318392811683680e+01
7.655901686196055778e+01,1.147341327816952727e+01
7.657902257787939959e+01,1.119112293892949594e+01
7.659902829379822720e+01,1.149900315532019235e+01
7.661903400971706901e+01,1.148546642821005825e+01
7.663903972563589662e+01,1.121261406972656260e+01
7.665904544155473843e+01,1.177360333773623502e+01
7.667905115747356604e+01,1.158608078995693624e+01
7.669905687339240785e+01,1.191567957000503242e+01
7.671906258931123546e+01,1.192460532058851186e+01
7.673906830523006306e+01,1.154453976190996300e+01
7.675907402114890488e+01,1.244954138613799088e+01
7.677907973706773248e+01,1.185110922993295723e+01
7.679908545298657430e+01,1.089139073759963416e+01
7.681909116890540190e+01,1.180706706294948916e+01
7.683909688482424372e+01,1.088709527930123677e+01
7.685910260074307132e+01,1.094336087973338323e+01
7.687910831666191314e+01,1.028851889631472716e+01
7.689911403258074074e+01,9.622674441180890881e+00
7.691911974849956835e+01,1.044681183871899322e+01
7.693912546441841016e+01,9.192430325178165162e+00
7.695913118033723777e+01,9.186602451731447516e+00
7.697913689625607958e+01,9.802752143719144939e+00
7.699914261217490719e+01,9.761348782528376233e+00
7.701914832809374900e+01,9.310414690369590573e+00
7.703915404401257661e+01,9.021149639880608362e+00
7.705915975993141842e+01,9.203959923829156509e+00
7.707916547585024603e+01,8.638167276436334419e+00
7.709917119176907363e+01,9.164219930751468013e+00
7.711917690768791545e+01,8.228087056241019326e+00
7.713918262360674305e+01,8.978217478584324951e+00
7.715918833952558487e+01,8.720525042168882024e+00
7.717919405544441247e+01,8.431547300120028510e+00
7.719919977136325429e+01,9.109801284187692971e+00
7.721920548728208189e+01,8.839395363907009084e+00
7.723921120320092371e+01,8.572990316575546998e+00
7.725921691911975131e+01,8.169454582091347561e+00
7.727922263503859313e+01,8.602476927470867452e+00
7.729922835095742073e+01,8.122500781527861591e+00
7.731923406687624833e+01,8.997593095407488306e+00
7.733923978279509015e+01,9.167011807112999122e+00
7.735924549871391775e+01,8.280347830645942153e+00
7.737925121463275957e+01,9.183013150781215828e+00
7.739925693055158717e+01,8.832477778129385726e+00
7.741926264647042899e+01,8.861515074562856142e+00
7.743926836238925659e+01,9.570412923353812218e+00
7.745927407830809841e+01,9.113713518056247409e+00
7.747927979422692601e+01,9.208818187272338918e+00
7.749928551014575362e+01,8.508291061758541218e+00
7.751929122606459543e+01,8.948084579186772913e+00
7.753929694198342304e+01,9.415234334449314346e+00
7.755930265790226485e+01,9.462796729032319831e+00
7.757930837382109246e+01,9.743791355521940645e+00
7.759931408973993427e+01,9.319583195180458191e+00
7.761931980565876188e+01,9.705982407932395972e+00
7.763932552157760369e+01,9.808631227455311574e+00
7.765933123749643130e+01,1.092412602498928820e+01
7.767933695341525890e+01,1.045806544035460917e+01
7.769934266933410072e+01,9.747422499229525528e+00
7.771934838525292832e+01,9.668691259291193774e+00
7.773935410117177014e+01,9.815124558774378727e+00
7.775935981709059774e+01,9.994259767316993504e+00
7.777936553300943956e+01,9.245589850411658261e+00
7.779937124892826716e+01,9.105512728352081808e+00
7.781937696484710898e+01,9.000303079486826618e+00
7.783938268076593658e+01,8.954547632520110767e+00
7.785938839668476419e+01,9.029715770672993358e+00
7.787939411260360600e+01,9.162121987251463651e+00
7.789939982852243361e+01,9.063525346979240283e+00
7.791940554444127542e+01,8.247861147677507887e+00
7.793941126036010303e+01,9.291501433847011882e+00
7.795941697627894484e+01,9.187660526533647953e+00
7.797942269219777245e+01,8.780554232523641645e+00
7.799942840811661426e+01,9.364032328316447717e+00
7.801943412403544187e+01,9.449498119332567114e+00
7.803943983995426947e+01,9.133095173960937174e+00
7.805944555587311129e+01,9.676832637900393053e+00
7.807945127179193889e+01,1.000152559774489625e+01
7.809945698771078071e+01,9.264220265349592864e+00
7.811946270362960831e+01,8.886641965335744686e+00
7.813946841954845013e+01,9.428451797180695593e+00
7.815947413546727773e+01,9.423157125458454075e+00
7.817947985138611955e+01,9.985921238879118533e+00
7.819948556730494715e+01,1.006657215716085929e+01
7.821949128322378897e+01,1.043724880477338424e+01
7.823949699914261657e+01,9.833931717052774246e+00
7.825950271506144418e+01,1.018357198877461656e+01
7.827950843098028599e+01,9.510509697375539417e+00
7.829951414689911360e+01,1.036337325434180379e+01
7.831951986281795541e+01,1.016224498100365636e+01
7.833952557873678302e+01,1.028126759013973057e+01
7.835953129465562483e+01,1.021485727421395673e+01
7.837953701057445244e+01,9.706115985934498980e+00
7.839954272649329425e+01,1.119890378140580012e+01
7.841954844241212186e+01,1.091809910814680507e+01
7.843955415833094946e+01,1.054943326885374688e+01
7.845955987424979128e+01,1.055136158293254312e+01
7.847956559016861888e+01,1.036757484827812092e+01
7.849957130608746070e+01,1.113963993841261413e+01
7.851957702200628830e+01,1.114741335452842286e+01
7.853958273792513012e+01,1.189333471111186213e+01
7.855958845384395772e+01,1.188854061571808529e+01
7.857959416976279954e+01,1.187171523716616051e+01
7.859959988568162714e+01,1.179541313849947848e+01
7.861960560160045475e+01,1.163124631370519069e+01
7.863961131751929656e+01,1.215813101892917203e+01
7.865961703343812417e+01,1.263624537199421738e+01
7.867962274935696598e+01,1.257803969330914029e+01
7.869962846527579359e+01,1.287856386573826839e+01
7.871963418119463540e+01,1.219046612795241202e+01
7.873963989711346301e+01,1.321359362373608981e+01
7.875964561303230482e+01,1.324881363501872400e+01
7.877965132895113243e+01,1.235008385638776218e+01
7.879965704486996003e+01,1.230871859658404510e+01
7.881966276078880185e+01,1.235973802146015998e+01
7.883966847670762945e+01,1.205490874430746828e+01
7.885967419262647127e+01,1.246603930579137653e+01
7.887967990854529887e+01,1.251085689398795608e+01
7.889968562446414069e+01,1.220637859409152526e+01
7.891969134038296829e+01,1.170134903440365015e+01
7.893969705630181011e+01,1.126758763459583079e+01
7.895970277222063771e+01,1.154334415526929902e+01
7.897970848813946532e+01,1.126740515620740624e+01
7.899971420405830713e+01,1.169489845725658483e+01
7.901971991997713474e+01,1.174953835755028209e+01
7.903972563589597655e+01,1.083431162979265494e+01
7.905973135181480416e+01,1.111221628807333062e+01
7.907973706773364597e+01,1.144119161602482393e+01
7.909974278365247358e+01,1.069606737206016334e+01
7.911974849957131539e+01,1.167688335706157865e+01
7.913975421549014300e+01,1.156722064208676315e+01
7.915975993140898481e+01,1.219866055669056237e+01
7.917976564732781242e+01,1.131234278098855128e+01
7.919977136324664002e+01,1.230686698183141559e+01
7.921977707916548184e+01,1.212264784952454200e+01
7.923978279508430944e+01,1.240413624404977710e+01
7.925978851100315126e+01,1.312304016568577403e+01
7.927979422692197886e+01,1.360794760523178937e+01
7.929979994284082068e+01,1.391330885800501704e+01
7.931980565875964828e+01,1.343056649357912846e+01
7.933981137467849010e+01,1.396870251094546234e+01
7.935981709059731770e+01,1.412903466330505786e+01
7.937982280651614531e+01,1.346939129534164437e+01
7.939982852243498712e+01,1.445196870486847374e+01
7.941983423835381473e+01,1.392188039742586980e+01
7.943983995427265654e+01,1.370945867124680007e+01
7.945984567019148415e+01,1.454743423804029057e+01
7.947985138611032596e+01,1.335063777641513738e+01
7.949985710202915357e+01,1.359339977427496216e+01
7.951986281794799538e+01,1.378635568806859624e+01
7.953986853386682299e+01,1.334046438886380770e+01
7.955987424978565059e+01,1.243747963071944085e+01
7.957987996570449241e+01,1.257681103543954038e+01
7.959988568162332001e+01,1.145705959302743793e+01
7.961989139754216183e+01,1.137047697138453017e+01
7.963989711346098943e+01,1.096826602779175985e+01
7.965990282937983125e+01,1.121098615024470746e+01
7.967990854529865885e+01,1.064198817708192024e+01
7.969991426121750067e+01,1.051340128221388959e+01
7.971991997713632827e+01,9.997706854355051576e+00
7.973992569305515588e+01,1.088738015977272866e+01
7.975993140897399769e+01,9.866316642963408157e+00
7.977993712489282530e+01,1.057309242313291264e+01
7.979994284081166711e+01,9.578488621576290996e+00
7.981994855673049472e+01,9.089767333276313366e+00
7.983995427264933653e+01,9.760915988822373990e+00
7.985995998856816414e+01,1.048164183530361449e+01
7.987996570448700595e+01,9.198309172048126925e+00
7.989997142040583356e+01,1.001249888737249094e+01
7.991997713632466116e+01,9.349593036556417047e+00
7.993998285224350298e+01,8.629723086131996013e+00
7.995998856816233058e+01,9.116038333948257133e+00
7.997999428408117240e+01,8.211183364298861420e+00
8.000000000000000000e+01,7.376430655048100249e+00
