angle,intensity
1.000000000000000000e+01,7.895576340016936534e-01
1.002000571591883471e+01,1.006484179608785556e+00
1.004001143183766764e+01,4.264560218383425805e-01
1.006001714775650235e+01,8.271146930573881617e-01
1.008002286367533529e+01,8.627442835978151869e-01
1.010002857959417000e+01,6.465413390568750529e-01
1.012003429551300293e+01,1.902366704623793314e+00
1.014004001143183764e+01,1.737192619174312558e+00
1.016004572735067235e+01,1.626099515565972542e+00
1.018005144326950528e+01,8.965574547945259765e-01
1.020005715918833999e+01,3.869624199985001733e-01
1.022006287510717293e+01,2.254495086453754960e-01
1.024006859102600764e+01,1.434274301460588097e+00
1.026007430694484057e+01,1.282373169779399691e-01
1.028008002286367528e+01,1.553567452479956312e+00
1.030008573878250999e+01,4.323368083214985114e-01
1.032009145470134293e+01,3.871893281771739970e-01
1.034009717062017764e+01,1.178188141022058044e+00
1.036010288653901057e+01,7.645513354499616776e-01
1.038010860245784528e+01,9.661801768718367711e-01
1.040011431837667999e+01,8.467273401108778019e-01
1.042012003429551292e+01,1.913916736496694027e+00
1.044012575021434763e+01,1.892536296929521411e+00
1.046013146613318057e+01,2.296225918160543777e-01
1.048013718205201528e+01,5.057646274808044184e-01
1.050014289797084821e+01,1.230766252908997105e+00
1.052014861388968292e+01,1.207694825175710918e+00
1.054015432980851585e+01,1.473504937787695201e+00
1.056016004572735056e+01,1.097556189985386288e+00
1.058016576164618527e+01,2.365266929834179965e-01
1.060017147756501821e+01,1.087527077440290757e+00
1.062017719348385292e+01,1.546943205370606256e+00
1.064018290940268585e+01,1.381696505364672367e+00
1.066018862532152056e+01,6.062575028524676002e-01
1.068019434124035527e+01,1.173301371829610362e+00
1.070020005715918820e+01,1.439855002264992523e+00
1.072020577307802292e+01,3.468592352265311707e-01
1.074021148899685585e+01,1.068976758876614586e+00
1.076021720491569056e+01,1.409973178591851672e+00
1.078022292083452349e+01,9.567681911165184516e-01
1.080022863675335820e+01,1.736943880981786759e+00
1.082023435267219291e+01,1.652320122520940515e+00
1.084024006859102585e+01,2.009635312959195286e+00
1.086024578450986056e+01,8.495527813636427616e-01
1.088025150042869349e+01,1.135166547088562128e+00
1.090025721634752820e+01,1.619368959080697445e+00
1.092026293226636113e+01,1.241727097455549211e+00
1.094026864818519584e+01,2.222826977024276562e+00
1.096027436410403055e+01,1.670849180751181162e+00
1.098028008002286349e+01,1.323576309059361078e+00
1.100028579594169820e+01,4.946038899790574095e-01
1.102029151186053113e+01,5.666981334810903270e-01
1.104029722777936584e+01,2.273380540447904163e+00
1.106030294369819877e+01,1.455440045179349440e+00
1.108030865961703348e+01,1.421138596979606650e+00
1.110031437553586819e+01,2.139139709593989025e+00
1.112032009145470113e+01,2.253497054255014564e+00
1.114032580737353584e+01,7.813665036285927235e-01
1.116033152329236877e+01,1.771336098740759812e+00
1.118033723921120348e+01,1.069595563609318623e+00
1.120034295513003642e+01,6.312166176140279195e-01
1.122034867104887113e+01,1.078989014020696580e+00
1.124035438696770584e+01,1.406857347129364388e+00
1.126036010288653877e+01,1.153479140106968837e+00
1.128036581880537348e+01,5.207913625960864934e-01
1.130037153472420641e+01,2.123276360110872840e+00
1.132037725064304112e+01,2.226086119140317621e+00
1.134038296656187583e+01,7.619039325861080014e-01
1.136038868248070877e+01,2.090233893980252500e+00
1.138039439839954348e+01,9.113264152620886849e-01
1.140040011431837641e+01,2.045935109606114910e+00
1.142040583023721112e+01,2.339559900324601927e+00
1.144041154615604405e+01,1.135467488627145194e+00
1.146041726207487876e+01,1.850988211271625605e+00
1.148042297799371170e+01,1.154804409682356203e+00
1.150042869391254641e+01,1.546697305815676771e+00
1.152043440983138112e+01,2.159656098373403221e+00
1.154044012575021405e+01,1.159726137755609621e+00
1.156044584166904876e+01,1.355470838711963166e+00
1.158045155758788169e+01,1.034874236122743651e+00
1.160045727350671640e+01,2.067856748191410521e+00
1.162046298942555111e+01,2.254634341110024920e+00
1.164046870534438405e+01,1.007664174606005325e+00
1.166047442126321876e+01,2.305893676914516632e+00
1.168048013718205169e+01,1.982139707452342359e+00
1.170048585310088640e+01,2.091043688115927779e+00
1.172049156901971934e+01,1.451066570612737694e+00
1.174049728493855405e+01,2.551543274165153807e+00
1.176050300085738698e+01,1.830729276828822583e+00
1.178050871677622169e+01,1.806020765626974889e+00
1.180051443269505640e+01,1.096586406415018367e+00
1.182052014861388933e+01,2.342119313662621938e+00
1.184052586453272404e+01,1.429761149532455589e+00
1.186053158045155698e+01,1.028912261669931327e+00
1.188053729637039169e+01,1.528825784598422999e+00
1.190054301228922640e+01,2.267486390054217260e+00
1.192054872820805933e+01,2.034745781479147198e+00
1.194055444412689404e+01,9.484564108510411540e-01
1.196056016004572697e+01,2.360314535190125795e+00
1.198056587596456168e+01,1.284698064351249336e+00
1.200057159188339639e+01,1.065627174051997583e+00
1.202057730780222933e+01,1.588793275635333568e+00
1.204058302372106226e+01,8.021177504095138300e-01
1.206058873963989697e+01,8.584314304534956808e-01
1.208059445555873168e+01,1.633598255696170343e+00
1.210060017147756461e+01,8.304149239457327969e-01
1.212060588739639932e+01,1.647912766544934904e+00
1.214061160331523226e+01,2.705397275292531489e+00
1.216061731923406697e+01,1.812942547369868818e+00
1.218062303515290168e+01,1.154261922240127358e+00
1.220062875107173461e+01,1.371377236176028358e+00
1.222063446699056932e+01,2.240516017335227872e+00
1.224064018290940226e+01,1.178287606205304039e+00
1.226064589882823697e+01,2.069101261545311043e+00
1.228065161474707168e+01,2.653990753244287237e+00
1.230065733066590461e+01,1.460337259901269835e+00
1.232066304658473754e+01,2.622818840784118422e+00
1.234066876250357225e+01,1.657324541293467401e+00
1.236067447842240696e+01,9.233542026248808821e-01
1.238068019434123990e+01,1.226148132730486173e+00
1.240068591026007461e+01,2.778176771720145322e+00
1.242069162617890754e+01,2.218265559315784952e+00
1.244069734209774225e+01,1.506220669424721104e+00
1.246070305801657696e+01,1.622538649130108368e+00
1.248070877393540989e+01,2.233364110278931669e+00
1.250071448985424460e+01,2.299684013144727590e+00
1.252072020577307754e+01,1.815468781495271910e+00
1.254072592169191225e+01,1.345544418683462640e+00
1.256073163761074696e+01,2.740655373165754138e+00
1.258073735352957989e+01,2.782287864476798767e+00
1.260074306944841460e+01,1.449523231008255086e+00
1.262074878536724754e+01,2.511669173722878678e+00
1.264075450128608225e+01,1.029593643058774655e+00
1.266076021720491518e+01,1.440840367986244042e+00
1.268076593312374989e+01,2.008419501799940221e+00
1.270077164904258282e+01,2.358973909442526828e+00
1.272077736496141753e+01,1.030481262418786681e+00
1.274078308088025224e+01,2.562117627116855534e+00
1.276078879679908518e+01,1.553725540617659551e+00
1.278079451271791989e+01,1.316490707863185339e+00
1.280080022863675282e+01,1.298133087139188957e+00
1.282080594455558753e+01,2.610154746668164272e+00
1.284081166047442224e+01,1.340556451860260401e+00
1.286081737639325517e+01,2.527218182251047551e+00
1.288082309231208988e+01,1.463259537562048962e+00
1.290082880823092282e+01,2.874761046103667006e+00
1.292083452414975753e+01,1.938921057000690285e+00
1.294084024006859224e+01,2.402692464408694217e+00
1.296084595598742517e+01,1.929149692556232365e+00
1.298085167190625810e+01,2.060466108846279010e+00
1.300085738782509281e+01,2.261515328239740441e+00
1.302086310374392752e+01,2.456195657110381791e+00
1.304086881966276046e+01,2.207116053812901768e+00
1.306087453558159517e+01,1.584402068016565579e+00
1.308088025150042810e+01,1.881702602697857829e+00
1.310088596741926281e+01,1.692605161568226713e+00
1.312089168333809752e+01,2.319738764580719703e+00
1.314089739925693046e+01,2.008182364551858612e+00
1.316090311517576517e+01,2.237163029663929326e+00
1.318090883109459810e+01,2.792465037111572901e+00
1.320091454701343281e+01,1.312855539477531197e+00
1.322092026293226752e+01,1.643681129611369141e+00
1.324092597885110045e+01,1.341578069964319608e+00
1.326093169476993339e+01,3.087348812488083460e+00
1.328093741068876810e+01,2.059416509565274556e+00
1.330094312660760281e+01,3.091362491386240308e+00
1.332094884252643574e+01,1.746475824502209395e+00
1.334095455844527045e+01,1.394993512177196582e+00
1.336096027436410338e+01,2.538212870378642183e+00
1.338096599028293809e+01,2.621625581402980298e+00
1.340097170620177280e+01,2.504658747503302862e+00
1.342097742212060574e+01,1.388374505864000685e+00
1.344098313803944045e+01,3.046085437435570586e+00
1.346098885395827338e+01,2.365392244086099272e+00
1.348099456987710809e+01,2.190396105345752353e+00
1.350100028579594280e+01,1.594589526556495107e+00
1.352100600171477573e+01,2.938677502580136824e+00
1.354101171763361044e+01,1.966906423613021371e+00
1.356101743355244338e+01,2.561950057481491516e+00
1.358102314947127809e+01,2.792814470358450318e+00
1.360102886539011102e+01,2.170719457502650052e+00
1.362103458130894573e+01,3.232376727864068933e+00
1.364104029722777867e+01,2.311027522266490664e+00
1.366104601314661338e+01,2.451535437534391182e+00
1.368105172906544809e+01,2.831738718833920920e+00
1.370105744498428102e+01,2.386890771488962670e+00
1.372106316090311573e+01,2.481243562174469730e+00
1.374106887682194866e+01,2.743874286150063568e+00
1.376107459274078337e+01,2.475815380208088445e+00
1.378108030865961808e+01,1.819767856880506463e+00
1.380108602457845102e+01,2.808680957056977068e+00
1.382109174049728573e+01,1.549857830393945424e+00
1.384109745641611866e+01,2.306173058613965932e+00
1.386110317233495337e+01,3.083729220335640786e+00
1.388110888825378808e+01,1.382812494860593322e+00
1.390111460417262101e+01,1.713124661591306497e+00
1.392112032009145395e+01,1.454475286525040989e+00
1.394112603601028866e+01,3.025800865981455701e+00
1.396113175192912337e+01,2.528730156036318455e+00
1.398113746784795630e+01,2.483209683210482854e+00
1.400114318376679101e+01,1.462037026862089917e+00
1.402114889968562395e+01,1.671351320434553145e+00
1.404115461560445866e+01,2.498419284568198506e+00
1.406116033152329337e+01,2.718480102550757671e+00
1.408116604744212630e+01,2.683080924116606703e+00
1.410117176336095923e+01,2.500300010882786861e+00
1.412117747927979394e+01,2.997932821412240045e+00
1.414118319519862865e+01,2.595674000564468287e+00
1.416118891111746336e+01,3.124326892487380825e+00
1.418119462703629630e+01,2.462392878874081426e+00
1.420120034295512923e+01,1.802746640563891445e+00
1.422120605887396394e+01,3.137610553287585535e+00
1.424121177479279865e+01,1.467705501470091933e+00
1.426121749071163336e+01,2.639453293105793463e+00
1.428122320663046629e+01,3.210570245754522656e+00
1.430122892254929923e+01,2.764545785786847620e+00
1.432123463846813394e+01,3.329001810958752028e+00
1.434124035438696865e+01,3.308227518036149117e+00
1.436124607030580158e+01,2.241387807746740624e+00
1.438125178622463629e+01,1.734997183120723374e+00
1.440125750214346922e+01,3.142143434638477562e+00
1.442126321806230393e+01,2.141886926327601248e+00
1.444126893398113864e+01,3.353867283679216271e+00
1.446127464989997158e+01,1.789428788034134854e+00
1.448128036581880451e+01,2.540542531483290567e+00
1.450128608173763922e+01,2.820374425695931997e+00
1.452129179765647393e+01,1.856182883608686218e+00
1.454129751357530864e+01,2.253852534895711912e+00
1.456130322949414158e+01,2.111754513722488458e+00
1.458130894541297451e+01,3.250067060748333958e+00
1.460131466133180922e+01,1.690803949597022182e+00
1.462132037725064393e+01,3.118329683327261126e+00
1.464132609316947686e+01,3.429813230928028034e+00
1.466133180908831157e+01,2.047309247080338679e+00
1.468133752500714451e+01,2.322318417365500487e+00
1.470134324092597922e+01,2.574076520277104319e+00
1.472134895684481393e+01,3.112614251591244052e+00
1.474135467276364686e+01,2.881569669019797164e+00
1.476136038868247979e+01,3.529145787799195411e+00
1.478136610460131450e+01,2.306677579337858219e+00
1.480137182052014921e+01,2.230623855679704892e+00
1.482137753643898392e+01,3.077488591566211795e+00
1.484138325235781686e+01,2.733577455801473377e+00
1.486138896827664979e+01,2.448953137914466005e+00
1.488139468419548450e+01,2.379130270010511250e+00
1.490140040011431921e+01,2.370825415631789390e+00
1.492140611603315392e+01,2.682958100373480814e+00
1.494141183195198685e+01,2.991843270170990277e+00
1.496141754787081979e+01,3.244495431927764351e+00
1.498142326378965450e+01,3.257161062866321455e+00
1.500142897970848921e+01,2.932587387439729465e+00
1.502143469562732214e+01,2.010611922587222100e+00
1.504144041154615508e+01,2.176046609942297483e+00
1.506144612746498979e+01,2.449178570648498088e+00
1.508145184338382450e+01,2.331567694039487382e+00
1.510145755930265921e+01,2.638982649868069963e+00
1.512146327522149214e+01,2.010082906729596885e+00
1.514146899114032507e+01,3.517018116430926433e+00
1.516147470705915978e+01,2.385998030947285908e+00
1.518148042297799449e+01,3.049060826577972616e+00
1.520148613889682920e+01,2.408003168232834668e+00
1.522149185481566214e+01,3.133125290114274986e+00
1.524149757073449507e+01,2.475471888257303466e+00
1.526150328665332978e+01,2.880910183865352359e+00
1.528150900257216449e+01,2.081538646498826584e+00
1.530151471849099742e+01,3.648174341975548352e+00
1.532152043440983036e+01,2.971690585496858716e+00
1.534152615032866507e+01,3.093440517028188008e+00
1.536153186624749978e+01,3.673698599880431459e+00
1.538153758216633449e+01,3.494373216385004088e+00
1.540154329808516742e+01,3.115929651390281663e+00
1.542154901400400036e+01,2.886529233729084876e+00
1.544155472992283507e+01,2.712870283561287899e+00
1.546156044584166978e+01,3.156398007039197928e+00
1.548156616176050449e+01,2.779521907545770887e+00
1.550157187767933742e+01,2.740537291503201356e+00
1.552157759359817035e+01,2.814253832933373722e+00
1.554158330951700506e+01,2.962939563187830139e+00
1.556158902543583977e+01,4.043541240466139719e+00
1.558159474135467271e+01,3.104683890429091875e+00
1.560160045727350742e+01,3.564463180565411449e+00
1.562160617319234035e+01,4.872675094468260859e+00
1.564161188911117506e+01,4.307230046903288034e+00
1.566161760503000977e+01,5.048669149608388196e+00
1.568162332094884270e+01,4.717488613472024639e+00
1.570162903686767564e+01,4.121935584199254876e+00
1.572163475278651035e+01,4.725874495493963323e+00
1.574164046870534506e+01,5.521559831430129961e+00
1.576164618462417977e+01,4.601866415869801941e+00
1.578165190054301270e+01,5.279407149571665236e+00
1.580165761646184563e+01,5.612004329929464852e+00
1.582166333238068034e+01,4.909551440020020863e+00
1.584166904829951505e+01,5.786107857377060348e+00
1.586167476421834799e+01,5.574778405669608361e+00
1.588168048013718270e+01,5.937962362284719298e+00
1.590168619605601563e+01,6.365582661611300708e+00
1.592169191197485034e+01,5.747196523626721287e+00
1.594169762789368505e+01,7.187085705259998569e+00
1.596170334381251799e+01,6.707252539167984473e+00
1.598170905973135092e+01,6.924084558468335260e+00
1.600171477565018563e+01,8.227896992218902028e+00
1.602172049156902034e+01,6.968622876002656952e+00
1.604172620748785505e+01,7.264364795438381428e+00
1.606173192340668976e+01,8.185086609390175738e+00
1.608173763932552092e+01,9.226043126310948139e+00
1.610174335524435563e+01,9.237927457164049727e+00
1.612174907116319034e+01,8.502503777764127690e+00
1.614175478708202505e+01,8.697794311330840245e+00
1.616176050300085620e+01,8.968252101578515934e+00
1.618176621891969091e+01,9.372501930056207797e+00
1.620177193483852562e+01,1.129625699946159401e+01
1.622177765075736033e+01,1.177633462376723905e+01
1.624178336667619504e+01,1.156084994501573426e+01
1.626178908259502620e+01,1.238088638685368714e+01
1.628179479851386091e+01,1.124245814402573274e+01
1.630180051443269562e+01,1.295497636586709156e+01
1.632180623035153033e+01,1.213172444068062283e+01
1.634181194627036149e+01,1.383704169097840442e+01
1.636181766218919620e+01,1.355211180133538029e+01
1.638182337810803091e+01,1.380891218461736969e+01
1.640182909402686562e+01,1.518987268294370985e+01
1.642183480994570033e+01,1.610221649213143991e+01
1.644184052586453504e+01,1.559913318837686447e+01
1.646184624178336620e+01,1.675333581499375768e+01
1.648185195770220091e+01,1.751481761401556980e+01
1.650185767362103562e+01,1.703965249969907347e+01
1.652186338953986677e+01,1.892482540938883062e+01
1.654186910545870148e+01,1.904632043762032723e+01
1.656187482137753619e+01,1.987752571585107120e+01
1.658188053729637090e+01,1.960213110180416862e+01
1.660188625321520561e+01,2.038642633945775628e+01
1.662189196913404032e+01,2.090653654432968267e+01
1.664189768505287148e+01,2.120895549354253617e+01
1.666190340097170619e+01,2.370799644679073026e+01
1.668190911689054090e+01,2.426545128538030127e+01
1.670191483280937561e+01,2.413297335573534497e+01
1.672192054872820677e+01,2.515067361129021251e+01
1.674192626464704148e+01,2.546077814216542734e+01
1.676193198056587619e+01,2.734124816221684284e+01
1.678193769648471090e+01,2.719531474452697850e+01
1.680194341240354561e+01,2.839841878532348574e+01
1.682194912832238032e+01,2.843629248094250173e+01
1.684195484424121148e+01,2.948994628608918944e+01
1.686196056016004619e+01,3.059405821939279946e+01
1.688196627607888090e+01,3.170613195221827496e+01
1.690197199199771205e+01,3.330300597382355932e+01
1.692197770791654676e+01,3.479462618922197947e+01
1.694198342383538147e+01,3.615706545328316679e+01
1.696198913975421618e+01,3.555250551233708478e+01
1.698199485567305089e+01,3.674035232757260161e+01
1.700200057159188560e+01,3.816141808615954290e+01
1.702200628751071676e+01,3.892336868573978848e+01
1.704201200342955147e+01,4.076602446700704974e+01
1.706201771934838618e+01,4.233922523177820807e+01
1.708202343526722089e+01,4.312912684405934272e+01
1.710202915118605205e+01,4.321391129781682139e+01
1.712203486710488676e+01,4.481044215553079368e+01
1.714204058302372147e+01,4.392277700585501776e+01
1.716204629894255618e+01,4.598398372576067317e+01
1.718205201486139089e+01,4.683584033536024549e+01
1.720205773078022204e+01,4.565752272409850576e+01
1.722206344669905675e+01,4.699795454477276735e+01
1.724206916261789146e+01,4.655271304207318650e+01
1.726207487853672617e+01,4.725828935409879961e+01
1.728208059445555733e+01,4.526018060689671074e+01
1.730208631037439204e+01,4.463593164649572032e+01
1.732209202629322675e+01,4.520747982351286964e+01
1.734209774221206146e+01,4.438311494454811879e+01
1.736210345813089617e+01,4.266643811490470029e+01
1.738210917404973088e+01,4.237621725979447262e+01
1.740211488996856204e+01,3.995429401709206729e+01
1.742212060588739675e+01,3.867608689493179952e+01
1.744212632180623146e+01,3.746982628560340345e+01
1.746213203772506262e+01,3.516664745277811477e+01
1.748213775364389733e+01,3.301798627061481994e+01
1.750214346956273204e+01,3.285768163709897038e+01
1.752214918548156675e+01,2.991900048321554451e+01
1.754215490140040146e+01,2.771219753852552614e+01
1.756216061731923617e+01,2.670314976454077538e+01
1.758216633323806732e+01,2.556811953634231926e+01
1.760217204915690203e+01,2.245926348654915827e+01
1.762217776507573674e+01,2.223756588346829233e+01
1.764218348099457145e+01,1.924062603989523978e+01
1.766218919691340261e+01,1.720456985198701361e+01
1.768219491283223732e+01,1.646538729040113935e+01
1.770220062875107203e+01,1.495614794290858818e+01
1.772220634466990674e+01,1.329998601682209269e+01
1.774221206058874145e+01,1.174157734935697484e+01
1.776221777650757616e+01,1.070312748170518802e+01
1.778222349242640732e+01,9.855653895177589163e+00
1.780222920834524203e+01,8.692172101574188403e+00
1.782223492426407674e+01,7.335191837918443092e+00
1.784224064018290790e+01,8.341098675407252472e+00
1.786224635610174261e+01,6.494334522575361923e+00
1.788225207202057732e+01,7.006229651927831092e+00
1.790225778793941203e+01,5.819773363399201038e+00
1.792226350385824674e+01,6.556555444716968495e+00
1.794226921977708145e+01,5.668762061393639584e+00
1.796227493569591260e+01,6.051727458007518656e+00
1.798228065161474731e+01,4.583632392911087372e+00
1.800228636753358202e+01,4.812136414797667960e+00
1.802229208345241318e+01,5.147068182114348467e+00
1.804229779937124789e+01,4.924158679366457569e+00
1.806230351529008260e+01,3.933514853713357073e+00
1.808230923120891731e+01,4.984739510132639495e+00
1.810231494712775202e+01,3.623359048631492385e+00
1.812232066304658673e+01,5.070634058328856497e+00
1.814232637896542144e+01,4.443492963562300169e+00
1.816233209488425260e+01,3.997603895367403126e+00
1.818233781080308731e+01,3.284631380068815609e+00
1.820234352672191847e+01,4.937333076888252847e+00
1.822234924264075318e+01,3.780747396949418082e+00
1.824235495855958789e+01,4.585316253630317362e+00
1.826236067447842260e+01,3.430800970173897735e+00
1.828236639039725731e+01,3.428630739148891937e+00
1.830237210631609202e+01,4.679774720529226606e+00
1.832237782223492673e+01,4.335731055743461404e+00
1.834238353815375788e+01,4.795211852808943576e+00
1.836238925407259259e+01,4.081212330146089862e+00
1.838239496999142730e+01,3.210076844018948883e+00
1.840240068591025846e+01,4.599445192467568333e+00
1.842240640182909317e+01,3.305717552358823141e+00
1.844241211774792788e+01,3.067183403540271414e+00
1.846241783366676259e+01,3.491817722819479997e+00
1.848242354958559730e+01,2.916380441730824113e+00
1.850242926550443201e+01,4.521551789361364371e+00
1.852243498142326672e+01,3.044383266252889797e+00
1.854244069734209788e+01,3.772824174170317679e+00
1.856244641326093259e+01,3.234239340817509856e+00
1.858245212917976374e+01,4.212386611204662401e+00
1.860245784509859845e+01,3.266076363161214857e+00
1.862246356101743316e+01,3.779571914850325509e+00
1.864246927693626787e+01,3.942190237451383972e+00
1.866247499285510258e+01,4.762731975071070600e+00
1.868248070877393729e+01,4.272065080750685695e+00
1.870248642469277200e+01,3.620756340948883878e+00
1.872249214061160316e+01,4.096368830454423460e+00
1.874249785653043787e+01,4.753058282266374057e+00
1.876250357244927258e+01,4.753638882404611188e+00
1.878250928836810374e+01,3.459209552345736682e+00
1.880251500428693845e+01,4.657025991446330337e+00
1.882252072020577316e+01,3.537854288374147504e+00
1.884252643612460787e+01,4.440448731742232980e+00
1.886253215204344258e+01,3.595135573607040502e+00
1.888253786796227729e+01,3.276361432621202940e+00
1.890254358388111200e+01,4.331122845864545212e+00
1.892254929979994316e+01,4.229496583680206534e+00
1.894255501571877787e+01,2.997844169786505919e+00
1.896256073163760902e+01,4.541638890469981149e+00
1.898256644755644373e+01,4.640609476887264329e+00
1.900257216347527844e+01,4.347010788152004146e+00
1.902257787939411315e+01,3.374004947351823880e+00
1.904258359531294786e+01,4.280144962689228727e+00
1.906258931123178257e+01,3.794473627661685278e+00
1.908259502715061728e+01,4.312835987673010685e+00
1.910260074306944844e+01,3.687007121827705181e+00
1.912260645898828315e+01,4.270124055075900316e+00
1.914261217490711431e+01,4.718700930622459211e+00
1.916261789082594902e+01,3.551307902611236411e+00
1.918262360674478373e+01,4.285006992005936155e+00
1.920262932266361844e+01,3.702074799748330314e+00
1.922263503858245315e+01,4.842588794034274002e+00
1.924264075450128786e+01,3.525181296487311489e+00
1.926264647042012257e+01,4.981620858762767945e+00
1.928265218633895373e+01,4.617670904503789586e+00
1.930265790225778844e+01,4.544590734951710509e+00
1.932266361817662315e+01,3.300087868934278745e+00
1.934266933409545430e+01,4.865550477763472159e+00
1.936267505001428901e+01,5.227720183982333957e+00
1.938268076593312372e+01,3.671286731549697535e+00
1.940268648185195843e+01,3.445444997355930017e+00
1.942269219777079314e+01,4.526355340797056037e+00
1.944269791368962785e+01,5.345892349775563268e+00
1.946270362960846256e+01,4.902685744027832193e+00
1.948270934552729372e+01,5.095329731433580811e+00
1.950271506144612843e+01,5.156121626674851299e+00
1.952272077736495959e+01,4.686256951506907242e+00
1.954272649328379430e+01,3.782121261766067111e+00
1.956273220920262901e+01,4.108275935175966787e+00
1.958273792512146372e+01,5.211979778288202247e+00
1.960274364104029843e+01,4.737466273224674396e+00
1.962274935695913314e+01,5.341637625291673075e+00
1.964275507287796785e+01,4.456728188388249023e+00
1.966276078879679901e+01,5.012586181698845067e+00
1.968276650471563372e+01,5.533008435638908651e+00
1.970277222063446487e+01,4.255648378238734431e+00
1.972277793655329958e+01,5.183948171894612322e+00
1.974278365247213429e+01,6.063676740847573576e+00
1.976278936839096900e+01,5.348352634719696574e+00
1.978279508430980371e+01,4.828723675575015584e+00
1.980280080022863842e+01,5.884859434119342758e+00
1.982280651614747313e+01,5.674500590566140978e+00
1.984281223206630784e+01,5.928221009794291341e+00
1.986281794798513900e+01,5.963859333776472482e+00
1.988282366390397371e+01,5.558653906489397833e+00
1.990282937982280487e+01,6.656617296645556792e+00
1.992283509574163958e+01,6.510819625045422221e+00
1.994284081166047429e+01,5.092104512955988760e+00
1.996284652757930900e+01,6.904097394787732433e+00
1.998285224349814371e+01,6.867062812988679710e+00
2.000285795941697842e+01,6.563732989560789655e+00
2.002286367533581313e+01,6.463774795577135635e+00
2.004286939125464428e+01,6.077194864003727659e+00
2.006287510717347899e+01,6.945565750412511896e+00
2.008288082309231015e+01,6.302159439668413299e+00
2.010288653901114486e+01,6.896641376311698934e+00
2.012289225492997957e+01,7.029881934231579699e+00
2.014289797084881428e+01,7.314996189217991329e+00
2.016290368676764899e+01,7.037726429988343746e+00
2.018290940268648370e+01,7.300393575999851947e+00
2.020291511860531841e+01,7.009254467126846855e+00
2.022292083452414957e+01,7.449926949032887435e+00
2.024292655044298428e+01,7.119116133368192045e+00
2.026293226636181899e+01,8.060023167642096809e+00
2.028293798228065015e+01,7.421814870954904109e+00
2.030294369819948486e+01,7.973441887991964627e+00
2.032294941411831957e+01,6.941161440792982695e+00
2.034295513003715428e+01,7.152647178442794740e+00
2.036296084595598899e+01,7.598987121091465902e+00
2.038296656187482370e+01,8.021590176205439349e+00
2.040297227779365841e+01,6.884264001510394415e+00
2.042297799371248956e+01,7.891624388303497994e+00
2.044298370963132427e+01,6.433039153844475777e+00
2.046298942555015543e+01,6.888752720548508179e+00
2.048299514146899014e+01,7.540229979723203080e+00
2.050300085738782485e+01,6.132096605260660915e+00
2.052300657330665956e+01,6.962467385437105527e+00
2.054301228922549427e+01,5.880082085425079264e+00
2.056301800514432898e+01,5.606631882832840752e+00
2.058302372106316369e+01,5.653736791753939173e+00
2.060302943698199485e+01,6.907782544914835121e+00
2.062303515290082956e+01,5.920822108458582811e+00
2.064304086881966072e+01,6.206718338809682045e+00
2.066304658473849543e+01,6.177829629298309477e+00
2.068305230065733014e+01,6.258232172314077246e+00
2.070305801657616485e+01,6.801096570577223055e+00
2.072306373249499956e+01,4.861476796326763328e+00
2.074306944841383427e+01,5.466321979293766731e+00
2.076307516433266898e+01,5.555902562935509437e+00
2.078308088025150369e+01,6.189574374963987324e+00
2.080308659617033484e+01,4.588204932264652314e+00
2.082309231208916955e+01,5.927901500283372371e+00
2.084309802800800071e+01,5.443069783707567666e+00
2.086310374392683542e+01,4.992439779596097971e+00
2.088310945984567013e+01,4.569095874858552619e+00
2.090311517576450484e+01,5.377812007954928752e+00
2.092312089168333955e+01,4.291179135889781726e+00
2.094312660760217426e+01,5.127740947493590440e+00
2.096313232352100897e+01,5.404365084978379308e+00
2.098313803943984013e+01,4.906548939821414379e+00
2.100314375535867484e+01,3.930646450525654867e+00
2.102314947127750600e+01,4.840461997794410998e+00
2.104315518719634071e+01,4.671183760450833056e+00
2.106316090311517542e+01,5.330142912431094615e+00
2.108316661903401013e+01,4.501511210579723254e+00
2.110317233495284484e+01,4.206276098392357277e+00
2.112317805087167955e+01,5.108122323358554873e+00
2.114318376679051426e+01,4.197205884403953924e+00
2.116318948270934541e+01,3.948878867891941979e+00
2.118319519862818012e+01,3.989292372641457973e+00
2.120320091454701483e+01,4.519283943492023781e+00
2.122320663046584599e+01,5.654654463333351977e+00
2.124321234638468070e+01,4.010964650958457334e+00
2.126321806230351541e+01,4.112146939458424910e+00
2.128322377822235012e+01,5.024851331036670921e+00
2.130322949414118483e+01,4.422952194958702066e+00
2.132323521006001954e+01,4.511680696798075374e+00
2.134324092597885425e+01,4.241646596733566810e+00
2.136324664189768541e+01,5.827951649111867027e+00
2.138325235781652012e+01,5.997643332563829865e+00
2.140325807373535127e+01,5.368669999325612174e+00
2.142326378965418598e+01,6.013116055091599854e+00
2.144326950557302069e+01,4.821075424589109204e+00
2.146327522149185540e+01,5.676261109426201656e+00
2.148328093741069011e+01,5.612290141848171210e+00
2.150328665332952482e+01,6.528699055813274477e+00
2.152329236924835953e+01,5.558779984603720692e+00
2.154329808516719069e+01,5.062394691996232154e+00
2.156330380108602540e+01,6.856058081199543963e+00
2.158330951700485656e+01,6.021017997933875598e+00
2.160331523292369127e+01,5.492774986940573534e+00
2.162332094884252598e+01,6.211974211046065619e+00
2.164332666476136069e+01,5.722730634223131219e+00
2.166333238068019540e+01,6.326950714878287307e+00
2.168333809659903011e+01,7.040124164196527090e+00
2.170334381251786482e+01,7.797948963363335650e+00
2.172334952843669598e+01,6.377542700028193678e+00
2.174335524435553069e+01,7.504054429267410065e+00
2.176336096027436540e+01,7.667619895402786767e+00
2.178336667619319655e+01,8.286899532011181790e+00
2.180337239211203126e+01,7.104507614501281765e+00
2.182337810803086597e+01,8.459186097166492502e+00
2.184338382394970068e+01,7.099296556845331452e+00
2.186338953986853539e+01,8.735214323343749143e+00
2.188339525578737010e+01,8.593068120197489890e+00
2.190340097170620481e+01,9.096351494469290699e+00
2.192340668762503597e+01,7.760653082961930238e+00
2.194341240354387068e+01,8.910106740561889893e+00
2.196341811946270184e+01,7.606087023713793194e+00
2.198342383538153655e+01,7.497439949793026415e+00
2.200342955130037126e+01,8.706093121350154007e+00
2.202343526721920597e+01,9.031708290335462408e+00
2.204344098313804068e+01,8.252606491058591232e+00
2.206344669905687539e+01,9.301384603767870018e+00
2.208345241497571010e+01,8.439986210566111424e+00
2.210345813089454126e+01,8.208205736046259915e+00
2.212346384681337597e+01,8.893370228017495549e+00
2.214346956273221068e+01,6.958120410237843778e+00
2.216347527865104183e+01,7.333033850164736300e+00
2.218348099456987654e+01,8.308279687455502938e+00
2.220348671048871125e+01,7.520444859594875631e+00
2.222349242640754596e+01,7.080908849508168679e+00
2.224349814232638067e+01,7.541233270801141586e+00
2.226350385824521538e+01,7.867593963839529358e+00
2.228350957416405009e+01,7.196912591415657978e+00
2.230351529008288125e+01,6.875057314822771382e+00
2.232352100600171596e+01,6.200400117157582436e+00
2.234352672192054712e+01,6.938736357042842862e+00
2.236353243783938183e+01,6.305088083778733754e+00
2.238353815375821654e+01,7.030069848719159964e+00
2.240354386967705125e+01,6.243637794446112110e+00
2.242354958559588596e+01,5.784270035053467041e+00
2.244355530151472067e+01,6.182220927767298591e+00
2.246356101743355538e+01,5.732953361963160077e+00
2.248356673335238654e+01,6.108139344289120309e+00
2.250357244927122125e+01,5.566072315553858729e+00
2.252357816519005240e+01,6.538137852130111227e+00
2.254358388110888711e+01,6.070150018646133461e+00
2.256358959702772182e+01,6.670245286508015958e+00
2.258359531294655653e+01,5.807950356532880498e+00
2.260360102886539124e+01,6.028164781590960253e+00
2.262360674478422595e+01,5.193756854791855559e+00
2.264361246070306066e+01,5.106362677397221717e+00
2.266361817662189182e+01,4.703646420029892639e+00
2.268362389254072653e+01,5.177884814356954024e+00
2.270362960845956124e+01,5.406216569426911533e+00
2.272363532437839240e+01,4.026247974401280239e+00
2.274364104029722711e+01,4.398334984138447368e+00
2.276364675621606182e+01,4.109532559533220386e+00
2.278365247213489653e+01,4.444121550405842669e+00
2.280365818805373124e+01,3.825657316959253151e+00
2.282366390397256595e+01,4.739580574428105209e+00
2.284366961989140066e+01,4.152533637437421099e+00
2.286367533581023181e+01,5.315699167743065168e+00
2.288368105172906652e+01,5.306412997662345532e+00
2.290368676764789768e+01,4.360095261220234164e+00
2.292369248356673239e+01,5.114395340301588710e+00
2.294369819948556710e+01,4.993425675041454959e+00
2.296370391540440181e+01,4.610055782821122605e+00
2.298370963132323652e+01,4.421477980293021304e+00
2.300371534724207123e+01,4.257884787741744503e+00
2.302372106316090594e+01,4.361369115320058221e+00
2.304372677907973710e+01,3.691009756013428067e+00
2.306373249499857181e+01,4.575989917827174125e+00
2.308373821091740652e+01,4.694896972655160816e+00
2.310374392683623768e+01,3.813070707677490567e+00
2.312374964275507239e+01,3.874904499812084069e+00
2.314375535867390710e+01,4.120476889325157543e+00
2.316376107459274181e+01,3.929175148219961500e+00
2.318376679051157652e+01,4.250668162681284556e+00
2.320377250643041123e+01,3.649491702222338763e+00
2.322377822234924594e+01,4.927625550799483278e+00
2.324378393826807709e+01,4.969302893229428086e+00
2.326378965418691180e+01,4.782815772478161698e+00
2.328379537010574296e+01,4.903218145891668378e+00
2.330380108602457767e+01,4.381064846605508656e+00
2.332380680194341238e+01,5.112526097324263219e+00
2.334381251786224709e+01,4.764590113268018179e+00
2.336381823378108180e+01,5.138061099555215172e+00
2.338382394969991651e+01,4.122907465891477941e+00
2.340382966561875122e+01,4.655772555076556074e+00
2.342383538153758238e+01,5.024428208620066449e+00
2.344384109745641709e+01,5.169894758554423042e+00
2.346384681337524825e+01,4.161186619848812107e+00
2.348385252929408296e+01,5.206842832959685197e+00
2.350385824521291767e+01,5.028256522266969952e+00
2.352386396113175238e+01,4.859286615985232594e+00
2.354386967705058709e+01,4.830157863843500543e+00
2.356387539296942180e+01,5.742306927598538557e+00
2.358388110888825651e+01,5.806014841789975733e+00
2.360388682480708766e+01,5.891326110377711700e+00
2.362389254072592237e+01,5.343706541005004418e+00
2.364389825664475708e+01,5.892017757057172567e+00
2.366390397256358824e+01,4.944829952775985582e+00
2.368390968848242295e+01,6.243205484204006339e+00
2.370391540440125766e+01,5.299603024247156569e+00
2.372392112032009237e+01,6.400352540453436490e+00
2.374392683623892708e+01,4.861090855648398268e+00
2.376393255215776179e+01,5.006849636925693403e+00
2.378393826807659650e+01,6.723149857059664392e+00
2.380394398399542766e+01,5.215310107598457812e+00
2.382394969991426237e+01,5.909847584335147452e+00
2.384395541583309353e+01,6.210808877012293117e+00
2.386396113175192824e+01,6.942796198657068096e+00
2.388396684767076295e+01,6.196107224462951812e+00
2.390397256358959766e+01,7.514611940912534038e+00
2.392397827950843237e+01,7.626775099753746900e+00
2.394398399542726708e+01,8.084565774986517184e+00
2.396398971134610179e+01,6.768309080306705638e+00
2.398399542726493294e+01,7.236940191303080638e+00
2.400400114318376765e+01,7.476824288823102904e+00
2.402400685910260236e+01,7.625023093967479682e+00
2.404401257502143352e+01,8.831386479630229047e+00
2.406401829094026823e+01,7.805157640156982879e+00
2.408402400685910294e+01,8.150034787497293820e+00
2.410402972277793765e+01,8.556268400281531683e+00
2.412403543869677236e+01,8.936976945814627982e+00
2.414404115461560707e+01,9.758246545781782189e+00
2.416404687053444178e+01,9.937703782251624318e+00
2.418405258645327294e+01,9.977377797897599265e+00
2.420405830237210765e+01,1.119617057958582329e+01
2.422406401829093880e+01,1.165744175236305935e+01
2.424406973420977351e+01,1.076773702851395598e+01
2.426407545012860822e+01,1.103911340354387605e+01
2.428408116604744293e+01,1.280294822606901839e+01
2.430408688196627764e+01,1.211208106778708427e+01
2.432409259788511235e+01,1.283087022806315858e+01
2.434409831380394706e+01,1.422375632799296952e+01
2.436410402972277822e+01,1.521300674885574189e+01
2.438410974564161293e+01,1.448672579336078492e+01
2.440411546156044409e+01,1.616612285688135486e+01
2.442412117747927880e+01,1.681122758122300809e+01
2.444412689339811351e+01,1.680703184143117923e+01
2.446413260931694822e+01,1.626921030049819450e+01
2.448413832523578293e+01,1.777146457129955337e+01
2.450414404115461764e+01,1.868497629366749280e+01
2.452414975707345235e+01,1.898297618312345847e+01
2.454415547299228351e+01,1.936859148378423257e+01
2.456416118891111822e+01,2.059724220904226399e+01
2.458416690482995293e+01,2.108851446740084157e+01
2.460417262074878408e+01,2.094984599864856634e+01
2.462417833666761879e+01,2.262935743793510568e+01
2.464418405258645350e+01,2.292457866381014142e+01
2.466418976850528821e+01,2.361311248938080709e+01
2.468419548442412292e+01,2.213779861452431064e+01
2.470420120034295763e+01,2.324484095310519649e+01
2.472420691626179234e+01,2.340534976087905150e+01
2.474421263218062350e+01,2.256697356196036353e+01
2.476421834809945821e+01,2.320821820287372006e+01
2.478422406401828937e+01,2.241842301739525567e+01
2.480422977993712408e+01,2.196138751542589418e+01
2.482423549585595879e+01,2.164141717402399223e+01
2.484424121177479350e+01,2.021181279189503144e+01
2.486424692769362821e+01,1.887001480346109261e+01
2.488425264361246292e+01,1.831460745412939417e+01
2.490425835953129763e+01,1.697919968680658442e+01
2.492426407545012879e+01,1.569945134436032319e+01
2.494426979136896350e+01,1.407058827796164735e+01
2.496427550728779821e+01,1.338920817084994042e+01
2.498428122320662936e+01,1.136952228117149488e+01
2.500428693912546407e+01,1.091601251613086987e+01
2.502429265504429878e+01,1.081504767111038845e+01
2.504429837096313349e+01,9.009246340491291249e+00
2.506430408688196820e+01,8.828842964099218094e+00
2.508430980280080291e+01,7.665603288285104178e+00
2.510431551871963762e+01,8.285617870159752485e+00
2.512432123463846878e+01,7.561412020834935355e+00
2.514432695055730349e+01,7.115846757804265899e+00
2.516433266647613465e+01,6.214689767607929127e+00
2.518433838239496936e+01,6.130256776971686250e+00
2.520434409831380407e+01,6.646983804326930034e+00
2.522434981423263878e+01,5.497392173237196644e+00
2.524435553015147349e+01,5.867046274171373810e+00
2.526436124607030820e+01,4.872365163254026577e+00
2.528436696198914291e+01,6.546988543207955757e+00
2.530437267790797407e+01,5.587989947330785689e+00
2.532437839382680878e+01,6.170605510530338123e+00
2.534438410974563993e+01,6.055204958019326789e+00
2.536438982566447464e+01,4.746316661211191779e+00
2.538439554158330935e+01,5.927936779566173264e+00
2.540440125750214406e+01,4.934392593245445546e+00
2.542440697342097877e+01,5.796224049798939681e+00
2.544441268933981348e+01,4.956372247567527367e+00
2.546441840525864819e+01,4.610348876537770479e+00
2.548442412117747935e+01,4.874389254008863581e+00
2.550442983709631406e+01,5.034779006194819218e+00
2.552443555301514877e+01,4.735629712383939705e+00
2.554444126893397993e+01,4.836160156035970381e+00
2.556444698485281464e+01,6.211976709319581680e+00
2.558445270077164935e+01,5.141783024137797753e+00
2.560445841669048406e+01,5.438219954321692917e+00
2.562446413260931877e+01,6.084605736097565831e+00
2.564446984852815348e+01,6.015000380514773148e+00
2.566447556444698819e+01,5.751268197440290386e+00
2.568448128036581934e+01,6.061330211652010469e+00
2.570448699628465405e+01,5.717658734975263002e+00
2.572449271220348521e+01,4.956433861482111070e+00
2.574449842812231992e+01,5.614739246509866000e+00
2.576450414404115463e+01,5.417874603463329386e+00
2.578450985995998934e+01,5.656412125038676741e+00
2.580451557587882405e+01,5.635295486302203116e+00
2.582452129179765876e+01,5.978896573253467572e+00
2.584452700771649347e+01,6.619965848418948973e+00
2.586453272363532463e+01,5.823328795141063274e+00
2.588453843955415934e+01,6.621760802999339113e+00
2.590454415547299405e+01,7.108252675752133598e+00
2.592454987139182521e+01,6.227663677030010447e+00
2.594455558731065992e+01,6.691497571555609980e+00
2.596456130322949463e+01,7.087030128329858236e+00
2.598456701914832934e+01,6.614775025217534576e+00
2.600457273506716405e+01,7.878193716223421461e+00
2.602457845098599520e+01,6.535286488934645810e+00
2.604458416690482991e+01,7.332023432751962666e+00
2.606458988282366462e+01,8.678749589349854077e+00
2.608459559874249933e+01,7.538444325985295791e+00
2.610460131466133404e+01,7.801192339219519489e+00
2.612460703058016520e+01,9.632993649758923027e+00
2.614461274649899991e+01,1.044014648193624062e+01
2.616461846241783462e+01,9.516643882215189976e+00
2.618462417833666933e+01,9.859185479793607598e+00
2.620462989425550404e+01,1.205840726634736981e+01
2.622463561017433520e+01,1.263464027938727519e+01
2.624464132609316991e+01,1.214466395571861490e+01
2.626464704201200462e+01,1.265562386160985930e+01
2.628465275793083933e+01,1.444479491242009495e+01
2.630465847384967049e+01,1.495603978435031678e+01
2.632466418976850520e+01,1.510428925570103331e+01
2.634466990568733991e+01,1.609282335790403096e+01
2.636467562160617462e+01,1.866255080015302426e+01
2.638468133752500933e+01,1.959315617560095646e+01
2.640468705344384048e+01,2.034889373543739310e+01
2.642469276936267519e+01,2.154921650977493996e+01
2.644469848528150990e+01,2.216681141854438408e+01
2.646470420120034461e+01,2.508734138654367385e+01
2.648470991711917932e+01,2.555752253147189279e+01
2.650471563303801048e+01,2.765790624918883012e+01
2.652472134895684519e+01,2.999105616686943065e+01
2.654472706487567990e+01,3.048030006845797857e+01
2.656473278079451461e+01,3.386997310761612567e+01
2.658473849671334932e+01,3.581603430226760310e+01
2.660474421263218048e+01,3.760756155958527813e+01
2.662474992855101519e+01,3.839682122070268377e+01
2.664475564446984990e+01,4.191433704724031628e+01
2.666476136038868461e+01,4.403587749493926395e+01
2.668476707630751577e+01,4.584942095803656059e+01
2.670477279222635048e+01,4.892249002934374857e+01
2.672477850814518519e+01,5.214601774699227121e+01
2.674478422406401990e+01,5.560719988064779074e+01
2.676478993998285461e+01,5.777254313802433217e+01
2.678479565590168576e+01,6.063166884252319733e+01
2.680480137182052047e+01,6.489551987937034028e+01
2.682480708773935518e+01,6.814795341322538036e+01
2.684481280365818989e+01,7.044778321903368123e+01
2.686481851957702460e+01,7.439251052691091104e+01
2.688482423549585576e+01,7.645279196320777260e+01
2.690482995141469047e+01,8.047761804739269564e+01
2.692483566733352518e+01,8.383452182583911849e+01
2.694484138325235989e+01,8.738846530287327141e+01
2.696484709917119105e+01,9.080679950308864079e+01
2.698485281509002576e+01,9.273233061779029640e+01
2.700485853100886047e+01,9.628314607994303742e+01
2.702486424692769518e+01,9.695471460715343426e+01
2.704486996284652989e+01,9.862617079895763084e+01
2.706487567876536104e+01,1.000000000000000000e+02
2.708488139468419575e+01,9.996803435367057489e+01
2.710488711060303046e+01,9.962963056262032069e+01
2.712489282652186517e+01,9.965689767923116449e+01
2.714489854244069988e+01,9.703324523613174790e+01
2.716490425835953104e+01,9.542938782805582321e+01
2.718490997427836575e+01,9.141609188160927602e+01
2.720491569019720046e+01,8.716857896261497274e+01
2.722492140611603517e+01,8.351373533739797494e+01
2.724492712203486633e+01,7.844412100589066483e+01
2.726493283795370104e+01,7.296674043849660052e+01
2.728493855387253575e+01,6.649450205905972666e+01
2.730494426979137046e+01,6.054794659369947851e+01
2.732494998571020517e+01,5.650081786930041972e+01
2.734495570162903633e+01,4.999004023360043902e+01
2.736496141754787104e+01,4.423599772489097859e+01
2.738496713346670575e+01,4.012021499939755387e+01
2.740497284938554046e+01,3.601958137181613750e+01
2.742497856530437517e+01,3.175567712968620171e+01
2.744498428122320632e+01,2.671506335261460308e+01
2.746498999714204103e+01,2.362035824302492415e+01
2.748499571306087574e+01,2.051957513469223215e+01
2.750500142897971045e+01,1.963032263332715388e+01
2.752500714489854516e+01,1.627793522004447269e+01
2.754501286081737632e+01,1.529013392946551342e+01
2.756501857673621103e+01,1.368722557045094312e+01
2.758502429265504574e+01,1.296871867416515478e+01
2.760503000857388045e+01,1.223114682274088061e+01
2.762503572449271161e+01,1.036438225442426209e+01
2.764504144041154632e+01,1.022041375678469244e+01
2.766504715633038103e+01,9.700785499143693258e+00
2.768505287224921574e+01,1.015068546101344893e+01
2.770505858816805045e+01,8.838568992740684749e+00
2.772506430408688161e+01,8.501775342307141159e+00
2.774507002000571632e+01,8.616189618115503990e+00
2.776507573592455103e+01,7.776388214685428402e+00
2.778508145184338574e+01,8.156637618131444611e+00
2.780508716776222045e+01,8.280831831824642109e+00
2.782509288368105160e+01,8.186627045316786422e+00
2.784509859959988631e+01,8.427384990913209251e+00
2.786510431551872102e+01,6.740426370951721147e+00
2.788511003143755573e+01,7.056727251583160943e+00
2.790511574735638689e+01,6.717775436223613283e+00
2.792512146327522160e+01,6.865802210759860635e+00
2.794512717919405631e+01,6.526649179239273124e+00
2.796513289511289102e+01,7.498040908458361464e+00
2.798513861103172573e+01,7.699166944294097092e+00
2.800514432695055689e+01,6.694830887917100348e+00
2.802515004286939160e+01,7.749304167515761677e+00
2.804515575878822631e+01,7.826842154111945504e+00
2.806516147470706102e+01,8.523536207809346621e+00
2.808516719062589573e+01,7.897136996650718999e+00
2.810517290654472689e+01,6.783246791265197473e+00
2.812517862246356160e+01,7.181231259650195931e+00
2.814518433838239631e+01,7.933581121231397582e+00
2.816519005430123102e+01,8.359888774948640133e+00
2.818519577022006217e+01,7.986046423987471776e+00
2.820520148613889688e+01,7.327835258515757566e+00
2.822520720205773159e+01,8.509597214258818099e+00
2.824521291797656630e+01,7.636208124676580056e+00
2.826521863389540101e+01,7.693205174968841931e+00
2.828522434981423217e+01,9.363924811382897673e+00
2.830523006573306688e+01,7.932532678862870057e+00
2.832523578165190159e+01,8.002685965216491226e+00
2.834524149757073630e+01,9.588004501803087720e+00
2.836524721348957101e+01,8.918151740472406885e+00
2.838525292940840217e+01,8.513071910077121274e+00
2.840525864532723688e+01,9.735590545398705942e+00
2.842526436124607159e+01,1.020653328820688088e+01
2.844527007716490630e+01,8.818080505436368455e+00
2.846527579308374101e+01,9.218652792918684113e+00
2.848528150900257216e+01,9.585097829239199285e+00
2.850528722492140687e+01,9.600003763635763576e+00
2.852529294084024158e+01,8.734482730021595032e+00
2.854529865675907629e+01,8.880815193979819000e+00
2.856530437267790745e+01,8.463129023172028198e+00
2.858531008859674216e+01,8.614915003501296908e+00
2.860531580451557687e+01,7.947054921073307021e+00
2.862532152043441158e+01,8.875262802097543258e+00
2.864532723635324629e+01,7.231129229417844861e+00
2.866533295227207745e+01,8.151308392154490434e+00
2.868533866819091216e+01,7.024063077809147515e+00
2.870534438410974687e+01,7.281537059021229830e+00
2.872535010002858158e+01,7.122361375427450625e+00
2.874535581594741629e+01,6.247526002189065508e+00
2.876536153186624745e+01,6.903789267104519567e+00
2.878536724778508216e+01,5.584002238291621900e+00
2.880537296370391687e+01,7.084675235969212004e+00
2.882537867962275158e+01,6.498948899445224470e+00
2.884538439554158273e+01,5.042552380978640336e+00
2.886539011146041744e+01,6.380955540299855677e+00
2.888539582737925215e+01,5.557833656557296109e+00
2.890540154329808686e+01,5.911835115417944486e+00
2.892540725921692157e+01,5.497352601147134088e+00
2.894541297513575273e+01,6.514252774716754679e+00
2.896541869105458744e+01,6.362417298159077639e+00
2.898542440697342215e+01,5.550395706237637228e+00
2.900543012289225686e+01,5.996429367347763773e+00
2.902543583881109157e+01,4.642829086545225081e+00
2.904544155472992273e+01,4.862315102720742743e+00
2.906544727064875744e+01,6.196783352370154319e+00
2.908545298656759215e+01,4.750545365793627184e+00
2.910545870248642686e+01,5.876626443297551461e+00
2.912546441840525802e+01,4.851157494566805894e+00
2.914547013432409273e+01,6.204487424502829640e+00
2.916547585024292744e+01,5.368743220498541469e+00
2.918548156616176215e+01,4.653646422487897283e+00
2.920548728208059686e+01,5.052874677136619752e+00
2.922549299799942801e+01,4.833953455653482223e+00
2.924549871391826272e+01,4.913720453607603567e+00
2.926550442983709743e+01,5.580510139675126879e+00
2.928551014575593214e+01,5.505588317985143476e+00
2.930551586167476685e+01,5.511098176267883453e+00
2.932552157759359801e+01,4.881526904909290643e+00
2.934552729351243272e+01,4.981825466166729832e+00
2.936553300943126743e+01,4.555745682113638395e+00
2.938553872535010214e+01,5.022997516390148576e+00
2.940554444126893330e+01,5.617226688481696151e+00
2.942555015718776801e+01,6.021789770635693095e+00
2.944555587310660272e+01,5.155582186597712280e+00
2.946556158902543743e+01,5.173023248340320457e+00
2.948556730494427214e+01,5.021699616775599395e+00
2.950557302086310330e+01,4.563776189498239155e+00
2.952557873678193801e+01,4.990301415313630251e+00
2.954558445270077272e+01,5.026066365349816323e+00
2.956559016861960743e+01,5.403491671805563001e+00
2.958559588453844214e+01,4.393428085728288579e+00
2.960560160045727329e+01,4.786030875230813386e+00
2.962560731637610800e+01,5.616511935925912802e+00
2.964561303229494271e+01,5.102761242713246048e+00
2.966561874821377742e+01,5.590127419159148126e+00
2.968562446413261213e+01,5.755991928575958205e+00
2.970563018005144329e+01,5.654300144301785735e+00
2.972563589597027800e+01,4.327602518027521938e+00
2.974564161188911271e+01,6.117949698003568137e+00
2.976564732780794742e+01,5.238585731872351658e+00
2.978565304372677858e+01,5.141041366548821934e+00
2.980565875964561329e+01,5.764577698279970797e+00
2.982566447556444800e+01,4.785606605642894529e+00
2.984567019148328271e+01,5.085504164579554676e+00
2.986567590740211742e+01,6.072627122998149218e+00
2.988568162332094857e+01,4.924277927643652575e+00
2.990568733923978328e+01,5.753862295205766308e+00
2.992569305515861799e+01,6.175227394741786391e+00
2.994569877107745270e+01,6.048849274227770856e+00
2.996570448699628741e+01,5.629421707143896114e+00
2.998571020291511857e+01,5.764713879996766543e+00
3.000571591883395328e+01,5.129217355843910475e+00
3.002572163475278799e+01,4.799907279709740848e+00
3.004572735067162270e+01,4.583112352975642345e+00
3.006573306659045386e+01,5.395459642803082545e+00
3.008573878250928857e+01,4.344965650718288330e+00
3.010574449842812328e+01,5.524203284357130705e+00
3.012575021434695799e+01,4.508395885002521197e+00
3.014575593026579270e+01,5.468787145734657074e+00
3.016576164618462386e+01,4.981121212100670270e+00
3.018576736210345857e+01,5.847495037795699346e+00
3.020577307802229328e+01,4.956547117393018453e+00
3.022577879394112799e+01,4.433386603970559392e+00
3.024578450985996270e+01,5.315782511211788020e+00
3.026579022577879385e+01,6.019612925008623883e+00
3.028579594169762856e+01,4.860927298441460209e+00
3.030580165761646327e+01,6.238884472810587667e+00
3.032580737353529798e+01,5.486105711357790682e+00
3.034581308945412914e+01,5.329951668157504763e+00
3.036581880537296385e+01,6.071473331787447414e+00
3.038582452129179856e+01,4.875826459877131924e+00
3.040583023721063327e+01,4.630985423202599982e+00
3.042583595312946798e+01,4.963560176669290058e+00
3.044584166904829914e+01,6.027848575662118513e+00
3.046584738496713385e+01,4.882964295812902478e+00
3.048585310088596856e+01,6.103543943254746473e+00
3.050585881680480327e+01,4.864129776136521421e+00
3.052586453272363798e+01,4.569976193487910621e+00
3.054587024864246914e+01,4.456272676509956732e+00
3.056587596456130385e+01,4.949866728133898164e+00
3.058588168048013856e+01,6.122685924869732510e+00
3.060588739639897327e+01,6.166127365895896162e+00
3.062589311231780798e+01,5.779815163179326198e+00
3.064589882823663913e+01,4.577467599816793076e+00
3.066590454415547384e+01,5.087599273541654199e+00
3.068591026007430855e+01,4.772103470758423782e+00
3.070591597599314326e+01,4.705742180667347618e+00
3.072592169191197442e+01,4.664975601751043754e+00
3.074592740783080913e+01,5.626797524264583572e+00
3.076593312374964384e+01,5.882723454361837412e+00
3.078593883966847855e+01,4.609309072560513698e+00
3.080594455558731326e+01,6.370021205200997905e+00
3.082595027150614442e+01,5.282289635571173037e+00
3.084595598742497913e+01,5.281129611205865437e+00
3.086596170334381384e+01,5.447056325974865665e+00
3.088596741926264855e+01,5.739213471741763328e+00
3.090597313518148326e+01,6.343995270560680133e+00
3.092597885110031442e+01,5.334835669697505445e+00
3.094598456701914913e+01,5.140332597718483498e+00
3.096599028293798384e+01,5.708425121379116618e+00
3.098599599885681855e+01,5.732009892370378168e+00
3.100600171477564970e+01,4.855839775392525759e+00
3.102600743069448441e+01,4.854473507530392418e+00
3.104601314661331912e+01,5.610866819716489928e+00
3.106601886253215383e+01,5.036072289633734655e+00
3.108602457845098854e+01,6.577572731098487502e+00
3.110603029436981970e+01,5.084393917006156727e+00
3.112603601028865441e+01,5.759169613650437114e+00
3.114604172620748912e+01,6.388302910246801858e+00
3.116604744212632383e+01,5.875185758253559598e+00
3.118605315804515854e+01,6.906224718419085917e+00
3.120605887396398970e+01,5.566448187667011105e+00
3.122606458988282441e+01,6.254923329440397417e+00
3.124607030580165912e+01,5.959388068030410324e+00
3.126607602172049383e+01,5.654691098556278384e+00
3.128608173763932498e+01,5.325101138897072595e+00
3.130608745355815969e+01,6.821839198599295884e+00
3.132609316947699440e+01,6.440555508602627377e+00
3.134609888539582911e+01,7.267717354322662082e+00
3.136610460131466382e+01,6.408978855656227935e+00
3.138611031723349498e+01,5.724267303903659787e+00
3.140611603315232969e+01,6.794644005078740001e+00
3.142612174907116440e+01,5.997920534115283253e+00
3.144612746498999911e+01,6.430750542009798565e+00
3.146613318090883382e+01,7.214394312750808780e+00
3.148613889682766498e+01,7.120895913962492330e+00
3.150614461274649969e+01,6.398723636504567658e+00
3.152615032866533440e+01,7.898402331324867021e+00
3.154615604458416911e+01,7.373991358983770006e+00
3.156616176050300382e+01,8.523282124752983080e+00
3.158616747642183498e+01,8.855229651076641062e+00
3.160617319234066969e+01,8.633409415042839541e+00
3.162617890825950440e+01,8.748322039043953779e+00
3.164618462417833911e+01,9.568343142234530418e+00
3.166619034009717026e+01,9.156787087218765109e+00
3.168619605601600497e+01,9.958360930683221923e+00
3.170620177193483968e+01,1.131641517699389432e+01
3.172620748785367439e+01,1.107873703228528761e+01
3.174621320377250910e+01,1.234983704077589906e+01
3.176621891969134026e+01,1.184411606307004128e+01
3.178622463561017497e+01,1.338551454799288010e+01
3.180623035152900968e+01,1.421813941355286914e+01
3.182623606744784439e+01,1.604866853989945241e+01
3.184624178336667910e+01,1.726597126949378236e+01
3.186624749928551026e+01,1.818009152261112149e+01
3.188625321520434497e+01,1.890520292946192171e+01
3.190625893112317968e+01,2.018039914010520519e+01
3.192626464704201439e+01,2.199381348466770802e+01
3.194627036296084555e+01,2.239572414101272813e+01
3.196627607887968026e+01,2.509886984595715731e+01
3.198628179479851497e+01,2.670450377477444093e+01
3.200628751071734968e+01,2.819037347704055918e+01
3.202629322663618439e+01,3.048846355663690844e+01
3.204629894255501199e+01,3.176545050146746263e+01
3.206630465847385381e+01,3.406901559663815249e+01
3.208631037439268141e+01,3.601917014019105778e+01
3.210631609031152323e+01,3.816848573249556154e+01
3.212632180623035083e+01,4.039507255206906677e+01
3.214632752214918554e+01,4.334583158359922805e+01
3.216633323806802025e+01,4.766293596470824667e+01
3.218633895398685496e+01,5.037954576149136443e+01
3.220634466990568967e+01,5.359262897728119412e+01
3.222635038582451728e+01,5.631732965816584624e+01
3.224635610174335909e+01,6.043238065246652013e+01
3.226636181766218670e+01,6.300131719042897771e+01
3.228636753358102851e+01,6.771888316263745367e+01
3.230637324949985612e+01,7.197301710687627008e+01
3.232637896541869083e+01,7.456293945363118780e+01
3.234638468133752554e+01,7.856114526784615748e+01
3.236639039725636025e+01,8.138235204198906558e+01
3.238639611317519496e+01,8.546434933903549336e+01
3.240640182909402967e+01,8.648372276944479609e+01
3.242640754501286438e+01,8.928311862162300372e+01
3.244641326093169198e+01,9.019132728443508995e+01
3.246641897685053380e+01,9.171584320979278004e+01
3.248642469276936140e+01,9.190265614065944533e+01
3.250643040868819611e+01,8.925796589096034950e+01
3.252643612460703082e+01,8.783539095955380560e+01
3.254644184052586553e+01,8.498930361366289787e+01
3.256644755644470024e+01,8.156035343012230499e+01
3.258645327236353495e+01,7.714931331079539234e+01
3.260645898828236966e+01,7.058248475086431029e+01
3.262646470420119726e+01,6.466898236480183471e+01
3.264647042012003908e+01,5.901037640316056354e+01
3.266647613603886668e+01,5.294255679923818292e+01
3.268648185195770850e+01,4.704984675978099062e+01
3.270648756787653610e+01,4.246694867140033125e+01
3.272649328379537081e+01,3.726418700344479618e+01
3.274649899971420552e+01,3.208081898270075527e+01
3.276650471563304023e+01,2.750311315964513526e+01
3.278651043155187494e+01,2.366087896883668407e+01
3.280651614747070255e+01,2.155767383928675685e+01
3.282652186338954436e+01,1.900125305043808055e+01
3.284652757930837197e+01,1.754357660359057292e+01
3.286653329522721378e+01,1.442808069649272440e+01
3.288653901114604139e+01,1.386067473945846196e+01
3.290654472706487610e+01,1.282106456871134448e+01
3.292655044298371081e+01,1.189967453382632989e+01
3.294655615890254552e+01,1.004716138481877508e+01
3.296656187482138023e+01,1.035046151380315216e+01
3.298656759074020783e+01,9.535397928674720802e+00
3.300657330665904965e+01,8.327935824613236448e+00
3.302657902257787725e+01,8.407713285249700519e+00
3.304658473849671907e+01,8.526586809321868188e+00
3.306659045441554667e+01,8.362948559694888928e+00
3.308659617033438138e+01,7.532867535750036758e+00
3.310660188625321609e+01,8.412692557681371142e+00
3.312660760217205080e+01,7.077237099795867792e+00
3.314661331809088551e+01,8.108093451510660188e+00
3.316661903400971312e+01,7.726215708984953245e+00
3.318662474992855493e+01,7.989195976212627670e+00
3.320663046584738254e+01,6.957727287662743620e+00
3.322663618176622435e+01,7.710691086015911466e+00
3.324664189768505196e+01,6.495986560595082615e+00
3.326664761360388667e+01,7.135764227308076357e+00
3.328665332952272138e+01,7.033935021875386440e+00
3.330665904544155609e+01,6.631329619308364620e+00
3.332666476136039080e+01,7.133364162724635804e+00
3.334667047727922551e+01,7.195305696342461310e+00
3.336667619319806022e+01,6.308626733011801768e+00
3.338668190911688782e+01,6.425613335420091943e+00
3.340668762503572964e+01,6.879063192668924742e+00
3.342669334095455724e+01,6.569026612482007366e+00
3.344669905687339195e+01,6.528829098178268175e+00
3.346670477279222666e+01,7.229387269639611091e+00
3.348671048871106137e+01,6.611456917109030940e+00
3.350671620462989608e+01,8.088496264157518212e+00
3.352672192054873079e+01,6.754534751195136799e+00
3.354672763646756550e+01,7.904859358619606979e+00
3.356673335238639311e+01,7.424476885206134469e+00
3.358673906830523492e+01,7.653063489998056745e+00
3.360674478422406253e+01,6.082833818148756677e+00
3.362675050014290434e+01,6.712206941994939058e+00
3.364675621606173195e+01,6.228239205994843708e+00
3.366676193198056666e+01,6.963083824137322964e+00
3.368676764789940137e+01,6.716976182066889400e+00
3.370677336381823608e+01,6.174317096991437381e+00
3.372677907973707079e+01,7.221926928527297562e+00
3.374678479565589839e+01,6.799725794668566081e+00
3.376679051157474021e+01,6.719527076049856440e+00
3.378679622749356781e+01,6.193895283986013744e+00
3.380680194341240963e+01,5.952634768545365773e+00
3.382680765933123723e+01,5.712373763965806539e+00
3.384681337525007194e+01,6.141994148054784830e+00
3.386681909116890665e+01,6.596583624127698720e+00
3.388682480708774136e+01,5.686235926643163907e+00
3.390683052300657607e+01,5.700050444669916061e+00
3.392683623892540368e+01,6.279922689332205543e+00
3.394684195484424549e+01,6.768701493860468155e+00
3.396684767076307310e+01,6.148267981295502338e+00
3.398685338668191491e+01,6.430803187521287434e+00
3.400685910260074252e+01,6.157954059133126989e+00
3.402686481851957723e+01,5.670785867887642162e+00
3.404687053443841194e+01,6.172752317059228666e+00
3.406687625035724665e+01,6.982103296559791339e+00
3.408688196627608136e+01,5.671166773543346196e+00
3.410688768219490896e+01,6.085471938036961070e+00
3.412689339811375078e+01,5.621055864389862933e+00
3.414689911403257838e+01,6.519772706521419714e+00
3.416690482995142020e+01,5.900420248001167600e+00
3.418691054587024780e+01,6.403713255545307348e+00
3.420691626178908251e+01,5.520413661671683236e+00
3.422692197770791722e+01,6.022161577346923700e+00
3.424692769362675193e+01,6.230881315451538782e+00
3.426693340954558664e+01,7.526253482696103170e+00
3.428693912546442135e+01,7.332199241589239413e+00
3.430694484138325606e+01,6.545051905075096599e+00
3.432695055730208367e+01,6.679255655455753171e+00
3.434695627322092548e+01,7.043067593376764357e+00
3.436696198913975309e+01,7.377143717527813394e+00
3.438696770505858780e+01,8.380693642123489440e+00
3.440697342097742251e+01,8.288180155963395634e+00
3.442697913689625722e+01,7.227254526293891423e+00
3.444698485281509193e+01,7.583036687126788244e+00
3.446699056873392664e+01,7.724069831547478060e+00
3.448699628465276135e+01,8.384586235529880582e+00
3.450700200057158895e+01,9.346297488491021710e+00
3.452700771649043077e+01,1.049843374371976346e+01
3.454701343240925837e+01,1.046047854854980841e+01
3.456701914832810019e+01,1.082089719583218823e+01
3.458702486424692779e+01,1.109548691901485284e+01
3.460703058016576250e+01,1.241011510241376925e+01
3.462703629608459721e+01,1.290914245206352007e+01
3.464704201200343192e+01,1.261937297790092849e+01
3.466704772792226663e+01,1.478285314234149439e+01
3.468705344384109424e+01,1.550191966819795297e+01
3.470705915975993605e+01,1.541133212675216591e+01
3.472706487567876366e+01,1.638867251062435315e+01
3.474707059159760547e+01,1.718270981137091624e+01
3.476707630751643308e+01,1.887548206714699006e+01
3.478708202343526779e+01,1.907014794703502147e+01
3.480708773935410250e+01,2.068929284354605613e+01
3.482709345527293721e+01,2.261971393366167149e+01
3.484709917119177192e+01,2.414821750199096329e+01
3.486710488711059952e+01,2.427300035225579933e+01
3.488711060302944134e+01,2.671431634709544412e+01
3.490711631894826894e+01,2.820156792603542684e+01
3.492712203486711076e+01,2.836409881564023650e+01
3.494712775078593836e+01,3.067611846633008454e+01
3.496713346670477307e+01,3.121271709931717808e+01
3.498713918262360778e+01,3.251441482182933385e+01
3.500714489854244249e+01,3.379059105237230654e+01
3.502715061446127720e+01,3.454357365911081956e+01
3.504715633038010481e+01,3.696558384648118079e+01
3.506716204629894662e+01,3.691250080756503849e+01
3.508716776221777423e+01,3.781726885114522219e+01
3.510717347813661604e+01,3.848049302038865704e+01
3.512717919405544365e+01,3.674530778932998487e+01
3.514718490997427836e+01,3.743936155763335449e+01
3.516719062589311307e+01,3.589410474302169263e+01
3.518719634181194778e+01,3.578259253359405534e+01
3.520720205773078249e+01,3.553892258665747050e+01
3.522720777364961720e+01,3.437395509581818942e+01
3.524721348956845191e+01,3.416373179855175124e+01
3.526721920548727951e+01,3.181465003175030049e+01
3.528722492140612133e+01,3.261009641047264296e+01
3.530723063732494893e+01,3.126243943993487662e+01
3.532723635324378364e+01,3.197279297944467658e+01
3.534724206916261835e+01,3.141386318793734844e+01
3.536724778508145306e+01,3.073625154480460964e+01
3.538725350100028777e+01,3.171057017192332239e+01
3.540725921691912248e+01,3.148497233407239193e+01
3.542726493283795719e+01,3.193283519023084693e+01
3.544727064875678479e+01,3.249921172930672242e+01
3.546727636467562661e+01,3.260571094562554606e+01
3.548728208059445421e+01,3.312670516841225066e+01
3.550728779651329603e+01,3.291029929406239063e+01
3.552729351243212363e+01,3.151606357645847467e+01
3.554729922835095834e+01,3.132119797801572858e+01
3.556730494426979305e+01,3.024277005529077655e+01
3.558731066018862776e+01,2.992922750129678988e+01
3.560731637610746247e+01,2.904647577287654414e+01
3.562732209202629008e+01,2.654324169015077217e+01
3.564732780794513189e+01,2.593296583450342041e+01
3.566733352386395950e+01,2.279256240367601549e+01
3.568733923978280131e+01,2.168298168676551185e+01
3.570734495570162892e+01,2.039363714838138719e+01
3.572735067162046363e+01,1.913638512870350183e+01
3.574735638753929834e+01,1.679848918195136065e+01
3.576736210345813305e+01,1.617693914271675837e+01
3.578736781937696776e+01,1.375894709566102136e+01
3.580737353529579536e+01,1.260841469902766043e+01
3.582737925121463718e+01,1.232043268187699248e+01
3.584738496713346478e+01,1.078485692258173856e+01
3.586739068305230660e+01,1.054645674572152814e+01
3.588739639897113420e+01,1.058198250212947222e+01
3.590740211488996891e+01,1.039818880880014973e+01
3.592740783080880362e+01,8.829624289919204116e+00
3.594741354672763833e+01,1.013489577178770595e+01
3.596741926264647304e+01,9.592376449346444289e+00
3.598742497856530065e+01,8.685661818068641793e+00
3.600743069448414246e+01,9.739627511756252076e+00
3.602743641040297007e+01,8.229307511856253754e+00
3.604744212632181188e+01,9.930615344906449593e+00
3.606744784224063949e+01,9.338329212171993632e+00
3.608745355815947420e+01,8.455039591222337947e+00
3.610745927407830891e+01,9.912615975312457195e+00
3.612746498999714362e+01,8.722807910634783113e+00
3.614747070591597833e+01,9.902020105537118866e+00
3.616747642183481304e+01,8.998074565367186750e+00
3.618748213775364775e+01,9.893475258853491994e+00
3.620748785367247535e+01,8.826694842806464436e+00
3.622749356959131717e+01,9.390666450232981077e+00
3.624749928551014477e+01,1.002378174333478000e+01
3.626750500142897948e+01,8.217510683719718045e+00
3.628751071734781419e+01,8.356789532139515586e+00
3.630751643326664890e+01,8.175307806828067569e+00
3.632752214918548361e+01,8.136900664675867034e+00
3.634752786510431832e+01,7.845182279540550141e+00
3.636753358102315303e+01,7.938574667448002664e+00
3.638753929694198064e+01,8.957883115746483327e+00
3.640754501286082245e+01,7.672336827217542954e+00
3.642755072877965006e+01,7.297154757757820853e+00
3.644755644469849187e+01,7.877606983279998865e+00
3.646756216061731948e+01,7.457807000444190315e+00
3.648756787653615419e+01,6.650534174877481775e+00
3.650757359245498890e+01,6.851670539658988091e+00
3.652757930837382361e+01,7.199424751903207742e+00
3.654758502429265832e+01,7.489176759797199878e+00
3.656759074021148592e+01,6.086687007476220934e+00
3.658759645613032774e+01,7.078459236604702554e+00
3.660760217204915534e+01,6.837161207161616794e+00
3.662760788796799716e+01,6.894885302872129529e+00
3.664761360388682476e+01,5.616140042242123265e+00
3.666761931980565947e+01,6.618546184694746870e+00
3.668762503572449418e+01,6.184998857753529755e+00
3.670763075164332889e+01,5.349889709946247685e+00
3.672763646756216360e+01,6.746877458036504294e+00
3.674764218348099121e+01,5.599151497677677725e+00
3.676764789939983302e+01,5.547411455164978022e+00
3.678765361531866063e+01,5.354738759714468443e+00
3.680765933123750244e+01,6.741390919886109501e+00
3.682766504715633005e+01,7.195385622528080560e+00
3.684767076307516476e+01,6.137887669614029207e+00
3.686767647899399947e+01,7.267512455962891416e+00
3.688768219491283418e+01,6.061034612057128790e+00
3.690768791083166889e+01,7.322695774593984019e+00
3.692769362675049649e+01,6.716457166529796297e+00
3.694769934266933831e+01,6.332226668483696308e+00
3.696770505858816591e+01,5.795030477057747653e+00
3.698771077450700773e+01,7.560662296798435378e+00
3.700771649042583533e+01,6.512030849521686093e+00
3.702772220634467004e+01,7.319022930122795145e+00
3.704772792226350475e+01,6.022339922531808831e+00
3.706773363818233946e+01,7.460092491333085718e+00
3.708773935410117417e+01,6.016971414210242841e+00
3.710774507002000888e+01,7.480487296160434951e+00
3.712775078593884359e+01,5.856636744937131489e+00
3.714775650185767120e+01,7.151384971197653151e+00
3.716776221777651301e+01,7.191315061913602591e+00
3.718776793369534062e+01,6.048178912457101042e+00
3.720777364961417533e+01,6.977859439958382204e+00
3.722777936553301004e+01,5.776129298489489194e+00
3.724778508145184475e+01,5.908981805957172817e+00
3.726779079737067946e+01,5.418354555153555019e+00
3.728779651328951417e+01,6.729981142917227821e+00
3.730780222920834888e+01,6.575110011654260234e+00
3.732780794512717648e+01,6.597599171540475815e+00
3.734781366104601830e+01,6.644259710906468719e+00
3.736781937696484590e+01,5.395268373888145064e+00
3.738782509288368772e+01,6.846356176821545070e+00
3.740783080880251532e+01,5.256136598559393747e+00
3.742783652472135003e+01,5.144924889904325838e+00
3.744784224064018474e+01,5.771279250036060127e+00
3.746784795655901945e+01,5.096356611250045354e+00
3.748785367247785416e+01,5.586986724149394234e+00
3.750785938839668177e+01,5.676438199302539012e+00
3.752786510431552358e+01,6.264749963432376667e+00
3.754787082023435119e+01,5.537554790649294567e+00
3.756787653615319300e+01,6.029957955591807917e+00
3.758788225207202061e+01,6.376088542202363207e+00
3.760788796799085532e+01,5.977963176783585908e+00
3.762789368390969003e+01,5.579503770380315864e+00
3.764789939982852474e+01,6.258803797677642500e+00
3.766790511574735945e+01,6.164740953583920380e+00
3.768791083166618705e+01,6.275264464558399702e+00
3.770791654758502887e+01,5.991377050985333241e+00
3.772792226350385647e+01,5.663285705791809121e+00
3.774792797942269829e+01,6.707084662211286741e+00
3.776793369534152589e+01,6.115347997490983900e+00
3.778793941126036060e+01,6.625248881969096892e+00
3.780794512717919531e+01,6.159009555010062975e+00
3.782795084309803002e+01,7.262378178008308538e+00
3.784795655901686473e+01,5.933774262634537777e+00
3.786796227493569234e+01,6.127556769935102565e+00
3.788796799085453415e+01,5.835769550768719505e+00
3.790797370677336176e+01,5.873418015988939089e+00
3.792797942269220357e+01,5.821874285977357566e+00
3.794798513861103118e+01,6.894525171039973088e+00
3.796799085452986589e+01,5.877083305193897544e+00
3.798799657044870060e+01,7.124700448855626256e+00
3.800800228636753531e+01,5.633981535031962196e+00
3.802800800228637002e+01,5.717655929786418234e+00
3.804801371820520473e+01,6.255602315627490029e+00
3.806801943412403944e+01,5.685865714973825646e+00
3.808802515004286704e+01,5.672678063963141781e+00
3.810803086596170886e+01,6.681154588387987481e+00
3.812803658188053646e+01,7.171049904191933777e+00
3.814804229779937117e+01,6.353231544506097173e+00
3.816804801371820588e+01,6.155445715769977788e+00
3.818805372963704059e+01,6.943629723890140326e+00
3.820805944555587530e+01,7.161131645464107187e+00
3.822806516147471001e+01,5.605212542298489531e+00
3.824807087739354472e+01,6.196114042244251330e+00
3.826807659331237232e+01,6.548905293982390852e+00
3.828808230923121414e+01,6.564537026546718224e+00
3.830808802515004174e+01,7.015403140479910427e+00
3.832809374106888356e+01,6.781967713849427426e+00
3.834809945698771116e+01,7.005193125391022235e+00
3.836810517290654587e+01,6.093259904344042077e+00
3.838811088882538058e+01,5.736106186885646885e+00
3.840811660474421529e+01,6.432333928468837669e+00
3.842812232066305000e+01,5.595485272266699894e+00
3.844812803658187761e+01,6.402094856052876537e+00
3.846813375250071942e+01,5.374982404001013236e+00
3.848813946841954703e+01,5.629908372372051772e+00
3.850814518433838884e+01,5.502426151891090633e+00
3.852815090025721645e+01,6.221465655192703004e+00
3.854815661617605116e+01,5.947041521745466852e+00
3.856816233209488587e+01,5.533240167854345692e+00
3.858816804801372058e+01,5.478081412592518795e+00
3.860817376393255529e+01,5.499572826950326565e+00
3.862817947985138289e+01,5.635693141724208211e+00
3.864818519577022471e+01,6.847473630148347645e+00
3.866819091168905231e+01,5.778932222657896745e+00
3.868819662760789413e+01,6.056063400662924145e+00
3.870820234352672173e+01,6.179770494670101755e+00
3.872820805944555644e+01,6.004470368304466454e+00
3.874821377536439115e+01,6.987580197257730497e+00
3.876821949128322586e+01,6.368531223725311996e+00
3.878822520720206057e+01,6.542392686430557269e+00
3.880823092312088818e+01,5.416482925293029993e+00
3.882823663903972999e+01,7.010215420548427723e+00
3.884824235495855760e+01,6.414904094673910429e+00
3.886824807087739941e+01,6.659995101164563280e+00
3.888825378679622702e+01,5.657940793877980212e+00
3.890825950271506173e+01,5.738255599740057278e+00
3.892826521863389644e+01,7.598681551324070860e+00
3.894827093455273115e+01,6.698710071003522337e+00
3.896827665047156586e+01,7.564393250177245065e+00
3.898828236639040057e+01,7.319771397415355096e+00
3.900828808230923528e+01,6.702809735529647206e+00
3.902829379822806288e+01,7.343816076211748367e+00
3.904829951414690470e+01,7.949225296048642697e+00
3.906830523006573230e+01,7.971581093473684376e+00
3.908831094598456701e+01,7.532819817271416696e+00
3.910831666190340172e+01,7.974616400552046791e+00
3.912832237782223643e+01,8.564168856613203928e+00
3.914832809374107114e+01,8.895960241459734519e+00
3.916833380965990585e+01,9.161042277243961252e+00
3.918833952557874056e+01,1.015448561306715902e+01
3.920834524149756817e+01,1.034226536309191147e+01
3.922835095741640998e+01,1.090111351657188266e+01
3.924835667333523759e+01,1.170715627700685246e+01
3.926836238925407940e+01,1.342281313026711764e+01
3.928836810517290701e+01,1.365094192541040030e+01
3.930837382109174172e+01,1.404762092432679133e+01
3.932837953701057643e+01,1.512906455337057920e+01
3.934838525292941114e+01,1.630664463782636275e+01
3.936839096884824585e+01,1.723313872386940204e+01
3.938839668476707345e+01,1.877124106505390344e+01
3.940840240068591527e+01,1.898336488123451815e+01
3.942840811660474287e+01,1.990184834761683419e+01
3.944841383252358469e+01,2.172405028342201305e+01
3.946841954844241229e+01,2.176539378392805091e+01
3.948842526436124700e+01,2.391297767939853358e+01
3.950843098028008171e+01,2.373846696496195463e+01
3.952843669619891642e+01,2.409214698589129000e+01
3.954844241211775113e+01,2.482929871139119626e+01
3.956844812803657874e+01,2.588192801848887825e+01
3.958845384395542055e+01,2.515541844703688668e+01
3.960845955987424816e+01,2.720829548118074825e+01
3.962846527579308997e+01,2.697749476328527152e+01
3.964847099171191758e+01,2.545921937093252652e+01
3.966847670763075229e+01,2.569940743899189428e+01
3.968848242354958700e+01,2.490729823403564325e+01
3.970848813946842171e+01,2.594415161327878749e+01
3.972849385538725642e+01,2.545528068419632817e+01
3.974849957130608402e+01,2.434352282243073518e+01
3.976850528722492584e+01,2.227884672713333813e+01
3.978851100314375344e+01,2.229131612369456406e+01
3.980851671906259526e+01,2.130351385627680116e+01
3.982852243498142286e+01,2.067293348976090073e+01
3.984852815090025757e+01,1.845970965606085912e+01
3.986853386681909228e+01,1.806154975985539934e+01
3.988853958273792699e+01,1.764360962500466457e+01
3.990854529865676170e+01,1.559197161182544988e+01
3.992855101457559641e+01,1.401789247695598561e+01
3.994855673049443112e+01,1.442037180645183803e+01
3.996856244641325873e+01,1.343202256843456333e+01
3.998856816233210054e+01,1.195843380931346722e+01
4.000857387825092815e+01,1.150167524764869320e+01
4.002857959416976286e+01,1.083664065625755590e+01
4.004858531008859757e+01,1.037378386863041513e+01
4.006859102600743228e+01,8.268215166823953410e+00
4.008859674192626699e+01,8.222600070585814436e+00
4.010860245784510170e+01,9.049330404589781551e+00
4.012860817376393641e+01,7.921849377302975448e+00
4.014861388968276401e+01,8.864906480064846050e+00
4.016861960560160583e+01,8.520716195749194810e+00
4.018862532152043343e+01,8.354383388372879082e+00
4.020863103743927525e+01,7.256491597280497530e+00
4.022863675335810285e+01,7.641861232463225129e+00
4.024864246927693756e+01,7.451675935494086467e+00
4.026864818519577227e+01,6.478407474007252809e+00
4.028865390111460698e+01,7.552906031348850746e+00
4.030865961703344169e+01,7.876577872800194946e+00
4.032866533295226930e+01,7.068036919639309801e+00
4.034867104887111111e+01,7.163766783959921725e+00
4.036867676478993872e+01,6.309925692323455237e+00
4.038868248070878053e+01,6.573466975541541579e+00
4.040868819662760814e+01,6.068181523829649038e+00
4.042869391254644285e+01,6.158628719140671670e+00
4.044869962846527756e+01,6.066883913174051735e+00
4.046870534438411227e+01,6.899036684940710096e+00
4.048871106030294698e+01,6.083919967006201190e+00
4.050871677622177458e+01,7.568677874722355092e+00
4.052872249214061640e+01,6.591975874655116918e+00
4.054872820805944400e+01,6.590181658202981296e+00
4.056873392397828582e+01,6.907392834465434284e+00
4.058873963989711342e+01,6.111659619620751549e+00
4.060874535581594813e+01,6.849865616340585994e+00
4.062875107173478284e+01,7.036132499729942147e+00
4.064875678765361755e+01,6.642194852422262485e+00
4.066876250357245226e+01,7.428449015583951542e+00
4.068876821949127986e+01,6.942687855742539327e+00
4.070877393541012168e+01,7.046233802906050059e+00
4.072877965132894929e+01,6.740717383984486943e+00
4.074878536724779110e+01,8.337365115622013434e+00
4.076879108316661871e+01,7.792961936207493778e+00
4.078879679908545342e+01,8.620272919142074386e+00
4.080880251500428813e+01,8.779260960977831374e+00
4.082880823092312284e+01,7.835812852692640718e+00
4.084881394684195755e+01,8.586010791945721365e+00
4.086881966276079226e+01,7.935669691522151403e+00
4.088882537867962697e+01,8.734661063138036141e+00
4.090883109459845457e+01,1.000514945339983264e+01
4.092883681051729639e+01,1.031405101966678295e+01
4.094884252643612399e+01,9.038051695655575202e+00
4.096884824235495870e+01,1.031117474495794895e+01
4.098885395827379341e+01,9.673026476198703705e+00
4.100885967419262812e+01,1.037000424554917366e+01
4.102886539011146283e+01,1.069293774157886290e+01
4.104887110603029754e+01,9.757943832904153680e+00
4.106887682194913225e+01,1.113758730829136390e+01
4.108888253786795985e+01,1.107642417491187459e+01
4.110888825378680167e+01,9.777997145230591158e+00
4.112889396970562927e+01,1.135510713445883901e+01
4.114889968562447109e+01,1.043871317319802472e+01
4.116890540154329869e+01,1.081526846773089545e+01
4.118891111746213340e+01,9.946018574181763938e+00
4.120891683338096811e+01,1.086477378101573343e+01
4.122892254929980282e+01,9.670427608255222296e+00
4.124892826521863753e+01,9.781921406800185181e+00
4.126893398113746514e+01,1.009342575766407002e+01
4.128893969705630695e+01,1.032366247349105137e+01
4.130894541297513456e+01,8.801206481332734199e+00
4.132895112889397637e+01,9.469390654295292364e+00
4.134895684481280398e+01,9.181970437372017457e+00
4.136896256073163869e+01,9.784266020361286564e+00
4.138896827665047340e+01,8.744110673937509404e+00
4.140897399256930811e+01,9.319622801382010380e+00
4.142897970848814282e+01,9.685176032988598749e+00
4.144898542440697042e+01,9.327712535772663571e+00
4.146899114032581224e+01,1.003861397839035163e+01
4.148899685624463984e+01,8.649530795228299596e+00
4.150900257216348166e+01,9.292246701474123682e+00
4.152900828808230926e+01,9.727726851922021467e+00
4.154901400400114397e+01,1.009323731920261658e+01
4.156901971991997868e+01,1.001681406385986861e+01
4.158902543583881339e+01,9.519813349332057584e+00
4.160903115175764810e+01,8.480196107801814875e+00
4.162903686767647571e+01,9.711106544775086391e+00
4.164904258359531752e+01,8.489608817227848547e+00
4.166904829951414513e+01,9.683059572759869837e+00
4.168905401543298694e+01,9.957436765530761846e+00
4.170905973135181455e+01,1.077782134055650509e+01
4.172906544727064926e+01,1.080268813486879687e+01
4.174907116318948397e+01,1.071301754158535147e+01
4.176907687910831868e+01,1.036331972956925895e+01
4.178908259502715339e+01,1.258108728816536548e+01
4.180908831094598810e+01,1.300090995447842168e+01
4.182909402686482281e+01,1.270458498434592087e+01
4.184909974278365041e+01,1.450260601717500819e+01
4.186910545870249223e+01,1.433573109708952842e+01
4.188911117462131983e+01,1.511281134647561863e+01
4.190911689054015454e+01,1.612324524177569884e+01
4.192912260645898925e+01,1.642842814583550748e+01
4.194912832237782396e+01,1.772786215432750367e+01
4.196913403829665867e+01,1.903868793507779600e+01
4.198913975421549338e+01,1.995027809898512672e+01
4.200914547013432809e+01,1.936295847206934795e+01
4.202915118605316280e+01,2.041086734947205983e+01
4.204915690197199041e+01,2.186291730997605853e+01
4.206916261789082512e+01,2.136757533021304667e+01
4.208916833380965983e+01,2.149954955333558715e+01
4.210917404972849454e+01,2.185502957488443698e+01
4.212917976564732925e+01,2.144454488923430091e+01
4.214918548156616396e+01,2.029856981806431548e+01
4.216919119748499867e+01,2.080373503253615297e+01
4.218919691340383338e+01,1.987080591700424748e+01
4.220920262932266809e+01,1.896313870452914330e+01
4.222920834524150280e+01,1.845937663902170911e+01
4.224921406116033040e+01,1.627623655791930801e+01
4.226921977707916511e+01,1.545489141754846685e+01
4.228922549299799982e+01,1.499313566487517591e+01
4.230923120891683453e+01,1.420069268696623332e+01
4.232923692483566924e+01,1.321746534408489282e+01
4.234924264075450395e+01,1.056169169471143832e+01
4.236924835667333866e+01,1.081397140174935245e+01
4.238925407259217337e+01,9.890630660754133885e+00
4.240925978851100808e+01,9.138287374279085995e+00
4.242926550442983569e+01,9.435276341370556707e+00
4.244927122034867040e+01,7.746959770529930900e+00
4.246927693626750511e+01,8.638494205916295243e+00
4.248928265218633982e+01,6.836514883994567526e+00
4.250928836810517453e+01,7.069155695407891571e+00
4.252929408402400924e+01,7.250481765129808132e+00
4.254929979994284395e+01,7.461617218936387630e+00
4.256930551586167866e+01,6.059166297234447995e+00
4.258931123178051337e+01,7.025614991737897164e+00
4.260931694769934097e+01,6.437564908326191215e+00
4.262932266361817568e+01,5.688040153787776276e+00
4.264932837953701039e+01,6.496839386237459379e+00
4.266933409545584510e+01,6.032337643942158323e+00
4.268933981137467981e+01,6.099341853962365612e+00
4.270934552729351452e+01,7.053101858170224503e+00
4.272935124321234923e+01,6.921123987304127922e+00
4.274935695913118394e+01,6.656014758785816277e+00
4.276936267505001865e+01,6.388823305088826565e+00
4.278936839096885336e+01,5.644606214595430771e+00
4.280937410688768097e+01,5.421958304415123386e+00
4.282937982280651568e+01,7.043912280293380235e+00
4.284938553872535039e+01,5.769349100320896540e+00
4.286939125464418510e+01,5.567035844133952693e+00
4.288939697056301981e+01,5.885164310472821292e+00
4.290940268648185452e+01,6.577786946388777700e+00
4.292940840240068923e+01,6.636641293339073044e+00
4.294941411831952394e+01,7.275340410915814182e+00
4.296941983423835865e+01,7.344213291730328663e+00
4.298942555015718625e+01,6.196424490150598707e+00
4.300943126607602096e+01,5.726631499153433502e+00
4.302943698199485567e+01,7.360226604723735910e+00
4.304944269791369038e+01,6.663911760437098764e+00
4.306944841383252509e+01,6.252668631114326914e+00
4.308945412975135980e+01,6.347926863855353652e+00
4.310945984567019451e+01,6.939365311304306339e+00
4.312946556158902922e+01,7.180061620661908783e+00
4.314947127750786393e+01,7.002089683582827462e+00
4.316947699342669864e+01,7.156773724831150929e+00
4.318948270934552625e+01,6.899813153600955040e+00
4.320948842526436096e+01,6.772574147919749876e+00
4.322949414118319567e+01,6.840569324377405280e+00
4.324949985710203038e+01,5.971428345540585880e+00
4.326950557302086509e+01,5.875721649738933294e+00
4.328951128893969980e+01,6.273048580232821081e+00
4.330951700485853451e+01,6.386021657698676357e+00
4.332952272077736922e+01,6.890156376332307708e+00
4.334952843669620393e+01,5.331899367093763331e+00
4.336953415261503153e+01,5.960826987295614998e+00
4.338953986853386624e+01,6.240622512976627512e+00
4.340954558445270095e+01,6.652405754679030281e+00
4.342955130037153566e+01,6.090689167437250084e+00
4.344955701629037037e+01,6.157526038313681838e+00
4.346956273220920508e+01,5.557406182841130970e+00
4.348956844812803979e+01,5.809548271483046200e+00
4.350957416404687450e+01,5.308324831501956886e+00
4.352957987996570921e+01,6.544030754970006747e+00
4.354958559588453681e+01,5.835281310774310448e+00
4.356959131180337153e+01,5.530779612212697316e+00
4.358959702772220624e+01,5.289447627030907206e+00
4.360960274364104095e+01,6.162958447424178310e+00
4.362960845955987566e+01,5.387723530568322872e+00
4.364961417547871037e+01,6.782320177579484799e+00
4.366961989139754508e+01,5.633301570574744233e+00
4.368962560731637979e+01,6.262783038692032456e+00
4.370963132323521450e+01,5.883799818738222775e+00
4.372963703915404921e+01,5.589735409109501063e+00
4.374964275507287681e+01,5.258828554512078313e+00
4.376964847099171152e+01,6.118601351781373765e+00
4.378965418691054623e+01,6.528361315285607702e+00
4.380965990282938094e+01,5.125172624251970177e+00
4.382966561874821565e+01,5.555360904507781861e+00
4.384967133466705036e+01,5.120104876459969034e+00
4.386967705058588507e+01,5.331287918072365350e+00
4.388968276650471978e+01,6.024232874435016427e+00
4.390968848242355449e+01,5.177838883740054854e+00
4.392969419834238209e+01,5.972349118927041900e+00
4.394969991426121680e+01,6.123457447485447069e+00
4.396970563018005151e+01,5.281871264783884357e+00
4.398971134609888622e+01,5.669486432387518704e+00
4.400971706201772093e+01,6.261045476964483214e+00
4.402972277793655564e+01,7.007461868455083120e+00
4.404972849385539035e+01,5.653365276909175563e+00
4.406973420977422506e+01,6.463410204417983529e+00
4.408973992569305977e+01,6.106328955798032254e+00
4.410974564161189448e+01,5.580684648204718989e+00
4.412975135753072209e+01,5.888298836601907560e+00
4.414975707344955680e+01,6.114575165308635540e+00
4.416976278936839151e+01,5.974785267578873516e+00
4.418976850528722622e+01,5.624678558438457543e+00
4.420977422120606093e+01,6.072487669276931399e+00
4.422977993712489564e+01,5.641713550297355440e+00
4.424978565304373035e+01,6.891458122126873143e+00
4.426979136896256506e+01,6.799105965572100452e+00
4.428979708488139977e+01,6.293764578918904284e+00
4.430980280080022737e+01,6.825614490860964167e+00
4.432980851671906208e+01,6.837218352591182047e+00
4.434981423263789679e+01,7.771962019495298080e+00
4.436981994855673150e+01,6.870719855809814369e+00
4.438982566447556621e+01,6.368634699337961891e+00
4.440983138039440092e+01,6.934489495437240691e+00
4.442983709631323563e+01,7.468106202535150118e+00
4.444984281223207034e+01,8.207555293566553445e+00
4.446984852815090505e+01,6.694064251816975286e+00
4.448985424406973266e+01,7.533989619994131637e+00
4.450985995998856737e+01,7.798518489918381924e+00
4.452986567590740208e+01,7.517904445493923227e+00
4.454987139182623679e+01,8.571782366136789122e+00
4.456987710774507150e+01,8.681160719239297663e+00
4.458988282366390621e+01,8.868560447078154496e+00
4.460988853958274092e+01,9.624411571386071174e+00
4.462989425550157563e+01,1.075108744088833213e+01
4.464989997142041034e+01,1.018472559989582216e+01
4.466990568733924505e+01,1.134215706886255681e+01
4.468991140325807265e+01,1.239788007135615366e+01
4.470991711917690736e+01,1.194089085767224745e+01
4.472992283509574207e+01,1.399185424399159494e+01
4.474992855101457678e+01,1.338835350202064056e+01
4.476993426693341149e+01,1.583702117019205780e+01
4.478993998285224620e+01,1.599883062244922982e+01
4.480994569877108091e+01,1.657786276316942065e+01
4.482995141468991562e+01,1.889466623276076263e+01
4.484995713060875033e+01,1.954844407728360522e+01
4.486996284652757794e+01,2.259025060130221263e+01
4.488996856244641265e+01,2.433465091281495063e+01
4.490997427836524736e+01,2.577002860870235423e+01
4.492997999428408207e+01,2.771854720575260345e+01
4.494998571020291678e+01,2.955317884171069309e+01
4.496999142612175149e+01,3.012560098906355321e+01
4.498999714204058620e+01,3.303695060930148486e+01
4.501000285795942091e+01,3.416739103013511425e+01
4.503000857387825562e+01,3.694536085943201442e+01
4.505001428979709033e+01,3.768872916528005845e+01
4.507002000571591793e+01,3.981033356413807667e+01
4.509002572163475264e+01,4.080542077735989182e+01
4.511003143755358735e+01,4.163331055232247735e+01
4.513003715347242206e+01,4.142483448067708451e+01
4.515004286939125677e+01,4.182689311437244584e+01
4.517004858531009148e+01,4.228801979419108648e+01
4.519005430122892619e+01,4.185949459332048406e+01
4.521006001714776090e+01,4.128851175035453736e+01
4.523006573306659561e+01,4.084149469629157636e+01
4.525007144898542322e+01,3.931949963822594896e+01
4.527007716490425793e+01,3.995738485080911317e+01
4.529008288082309264e+01,3.827549474817222830e+01
4.531008859674192735e+01,3.731488417890168563e+01
4.533009431266076206e+01,3.525487326668849875e+01
4.535010002857959677e+01,3.434184904001726579e+01
4.537010574449843148e+01,3.230976387975417197e+01
4.539011146041726619e+01,3.084012033548092901e+01
4.541011717633610090e+01,2.989577345208623882e+01
4.543012289225492850e+01,2.620641434455295737e+01
4.545012860817376321e+01,2.477894994956684371e+01
4.547013432409259792e+01,2.382050954601248449e+01
4.549014004001143263e+01,2.197707580846074649e+01
4.551014575593026734e+01,2.031430988026113482e+01
4.553015147184910205e+01,1.949848766691690471e+01
4.555015718776793676e+01,1.858484308410544017e+01
4.557016290368677147e+01,1.815814153235086792e+01
4.559016861960560618e+01,1.757696686326761792e+01
4.561017433552444089e+01,1.599473951100222990e+01
4.563018005144326850e+01,1.736430845440229831e+01
4.565018576736210321e+01,1.756997418583577897e+01
4.567019148328093792e+01,1.825440125340882247e+01
4.569019719919977263e+01,1.753964371542127409e+01
4.571020291511860734e+01,1.745289673195572533e+01
4.573020863103744205e+01,1.845212213949564983e+01
4.575021434695627676e+01,2.025131459673239220e+01
4.577022006287511147e+01,2.099768054565323538e+01
4.579022577879394618e+01,2.094004352800525837e+01
4.581023149471277378e+01,2.278086648603160214e+01
4.583023721063160849e+01,2.343095110658634894e+01
4.585024292655044320e+01,2.304309141783068426e+01
4.587024864246927791e+01,2.365045503420116191e+01
4.589025435838811262e+01,2.370645971728733059e+01
4.591026007430694733e+01,2.393243629568086561e+01
4.593026579022578204e+01,2.495687850889208903e+01
4.595027150614461675e+01,2.374234093654315103e+01
4.597027722206345146e+01,2.356800052220216557e+01
4.599028293798228617e+01,2.165555100959343449e+01
4.601028865390111378e+01,2.099519505648607876e+01
4.603029436981994849e+01,1.996269399279713141e+01
4.605030008573878320e+01,1.997151963055943824e+01
4.607030580165761791e+01,1.888368627415990275e+01
4.609031151757645262e+01,1.785365670105489500e+01
4.611031723349528733e+01,1.590844359087657445e+01
4.613032294941412204e+01,1.538724422355353383e+01
4.615032866533295675e+01,1.311525508039341581e+01
4.617033438125179146e+01,1.212677196686412984e+01
4.619034009717061906e+01,1.097298994282267159e+01
4.621034581308945377e+01,1.101123011082332148e+01
4.623035152900828848e+01,9.918580331343980205e+00
4.625035724492712319e+01,9.644998655225457185e+00
4.627036296084595790e+01,9.291221735429123996e+00
4.629036867676479261e+01,7.580569635127015538e+00
4.631037439268362732e+01,7.268911588528984780e+00
4.633038010860246203e+01,7.449494622094850804e+00
4.635038582452129674e+01,8.177452329752805227e+00
4.637039154044012434e+01,6.818588498499000394e+00
4.639039725635895905e+01,8.032827775934666903e+00
4.641040297227779376e+01,7.123276232859083734e+00
4.643040868819662847e+01,7.398816001955098365e+00
4.645041440411546319e+01,7.334855125872445036e+00
4.647042012003429790e+01,6.453553321719129876e+00
4.649042583595313261e+01,6.010606815572055339e+00
4.651043155187196732e+01,7.641050521817029484e+00
4.653043726779080203e+01,7.578664979745107111e+00
4.655044298370963674e+01,6.724749919244046303e+00
4.657044869962846434e+01,7.065726218066714637e+00
4.659045441554729905e+01,6.687371782574233592e+00
4.661046013146613376e+01,6.454432120812948703e+00
4.663046584738496847e+01,6.740918520353938348e+00
4.665047156330380318e+01,6.582081869655583617e+00
4.667047727922263789e+01,6.408468868859299228e+00
4.669048299514147260e+01,7.491560374415978885e+00
4.671048871106030731e+01,6.237710046943424125e+00
4.673049442697914202e+01,6.242812966121472407e+00
4.675050014289796962e+01,7.347621026603296635e+00
4.677050585881680433e+01,7.654558013215279288e+00
4.679051157473563904e+01,6.118777128082805383e+00
4.681051729065447375e+01,7.376652944560720293e+00
4.683052300657330846e+01,6.094682433814496925e+00
4.685052872249214317e+01,6.711186401939078117e+00
4.687053443841097788e+01,7.555017711163170446e+00
4.689054015432981259e+01,5.800493314939558331e+00
4.691054587024864730e+01,7.162467179875343426e+00
4.693055158616748201e+01,7.435048170486028063e+00
4.695055730208630962e+01,6.276965526016734742e+00
4.697056301800514433e+01,7.346535568364184421e+00
4.699056873392397904e+01,6.287243040038578812e+00
4.701057444984281375e+01,6.655145104677052892e+00
4.703058016576164846e+01,6.803318943200051372e+00
4.705058588168048317e+01,7.217537002109342126e+00
4.707059159759931788e+01,5.339539480995088461e+00
4.709059731351815259e+01,7.109749139427496090e+00
4.711060302943698730e+01,6.993711974199077197e+00
4.713060874535581490e+01,6.040284899821522835e+00
4.715061446127464961e+01,6.360528473200464106e+00
4.717062017719348432e+01,5.255989032806009931e+00
4.719062589311231903e+01,6.630379665426742619e+00
4.721063160903115374e+01,6.981259948024137962e+00
4.723063732494998845e+01,5.858745358204968667e+00
4.725064304086882316e+01,6.218912861430335504e+00
4.727064875678765787e+01,6.711349587373444336e+00
4.729065447270649258e+01,6.024629236012362554e+00
4.731066018862532019e+01,5.710869981773702975e+00
4.733066590454415490e+01,6.664368065306463862e+00
4.735067162046298961e+01,5.480033041290375273e+00
4.737067733638182432e+01,7.025102443929710283e+00
4.739068305230065903e+01,6.444383631209462671e+00
4.741068876821949374e+01,5.690068356975892527e+00
4.743069448413832845e+01,5.497812363982400363e+00
4.745070020005716316e+01,7.031889491906406775e+00
4.747070591597599787e+01,6.607080394230098186e+00
4.749071163189483258e+01,6.493158144444250546e+00
4.751071734781366018e+01,5.693037809180283126e+00
4.753072306373249489e+01,5.449290302949866494e+00
4.755072877965132960e+01,6.696042941608669530e+00
4.757073449557016431e+01,6.761627344087964175e+00
4.759074021148899902e+01,5.790476173070373100e+00
4.761074592740783373e+01,6.650314650764403090e+00
4.763075164332666844e+01,6.047494070847537095e+00
4.765075735924550315e+01,6.321600362724906219e+00
4.767076307516433786e+01,6.522264772475882211e+00
4.769076879108316547e+01,6.531944093765316595e+00
4.771077450700200018e+01,6.182844026166798734e+00
4.773078022292083489e+01,6.416752030739274026e+00
4.775078593883966960e+01,7.152147662846463305e+00
4.777079165475850431e+01,6.814328480420398293e+00
4.779079737067733902e+01,6.153178449308085440e+00
4.781080308659617373e+01,7.154655697053119212e+00
4.783080880251500844e+01,7.036496369362853720e+00
4.785081451843384315e+01,5.849989619822321352e+00
4.787082023435267075e+01,6.785673663826964130e+00
4.789082595027150546e+01,5.259218164594358313e+00
4.791083166619034017e+01,6.968641829883004846e+00
4.793083738210917488e+01,5.756166841846685145e+00
4.795084309802800959e+01,5.841822855771193090e+00
4.797084881394684430e+01,6.068246478020440371e+00
4.799085452986567901e+01,5.124853845683864151e+00
4.801086024578451372e+01,5.149901368661304879e+00
4.803086596170334843e+01,6.357454334399864848e+00
4.805087167762218314e+01,5.907543848439448020e+00
4.807087739354101075e+01,6.234840854080933248e+00
4.809088310945984546e+01,6.458567675901356608e+00
4.811088882537868017e+01,5.982301806352674056e+00
4.813089454129751488e+01,6.003303761372735359e+00
4.815090025721634959e+01,5.840277580713048700e+00
4.817090597313518430e+01,5.021318816408157915e+00
4.819091168905401901e+01,5.523105896161339956e+00
4.821091740497285372e+01,5.336752242502431187e+00
4.823092312089168843e+01,5.331155635749558641e+00
4.825092883681051603e+01,5.779926080913982744e+00
4.827093455272935074e+01,5.072749435643508775e+00
4.829094026864818545e+01,5.331838997265823998e+00
4.831094598456702016e+01,6.128382953123618471e+00
4.833095170048585487e+01,6.780675955294325874e+00
4.835095741640468958e+01,5.654358498307466618e+00
4.837096313232352429e+01,5.273972074671700483e+00
4.839096884824235900e+01,6.506785728446115691e+00
4.841097456416119371e+01,6.624396436963737145e+00
4.843098028008002842e+01,5.522372232975113704e+00
4.845098599599885603e+01,5.030432052319246061e+00
4.847099171191769074e+01,5.141381066487689111e+00
4.849099742783652545e+01,5.795829983266608032e+00
4.851100314375536016e+01,5.114807745285480323e+00
4.853100885967419487e+01,5.582388501930369173e+00
4.855101457559302958e+01,5.476957223483263526e+00
4.857102029151186429e+01,6.784552306252419562e+00
4.859102600743069900e+01,5.734956709784672313e+00
4.861103172334953371e+01,5.349361711552218068e+00
4.863103743926836131e+01,6.004713548090099273e+00
4.865104315518719602e+01,4.971266385089073481e+00
4.867104887110603073e+01,6.377335883996314791e+00
4.869105458702486544e+01,5.954002740753354672e+00
4.871106030294370015e+01,5.863142229384639137e+00
4.873106601886253486e+01,6.674681984179863470e+00
4.875107173478136957e+01,5.247119709295096079e+00
4.877107745070020428e+01,6.066847784448327729e+00
4.879108316661903899e+01,5.804830825494336821e+00
4.881108888253786660e+01,6.137473722095809769e+00
4.883109459845670131e+01,5.324648776014872631e+00
4.885110031437553602e+01,6.137991792936164259e+00
4.887110603029437073e+01,6.315565630950300324e+00
4.889111174621320544e+01,6.133102630389918097e+00
4.891111746213204015e+01,5.457793571928800880e+00
4.893112317805087486e+01,5.528769309408738231e+00
4.895112889396970957e+01,5.913158137032151096e+00
4.897113460988854428e+01,6.422563488329424253e+00
4.899114032580737899e+01,5.858884108450868489e+00
4.901114604172620659e+01,5.708955181552404667e+00
4.903115175764504130e+01,7.005959865316426338e+00
4.905115747356387601e+01,7.215619542744738268e+00
4.907116318948271072e+01,6.604235508065111837e+00
4.909116890540154543e+01,6.434241533253539203e+00
4.911117462132038014e+01,6.242854656610998809e+00
4.913118033723921485e+01,7.154949660041850734e+00
4.915118605315804956e+01,6.577161917670237834e+00
4.917119176907688427e+01,7.549386427501524999e+00
4.919119748499571187e+01,7.586941945591641812e+00
4.921120320091454658e+01,8.266041596470303787e+00
4.923120891683338129e+01,7.081418623769173415e+00
4.925121463275221600e+01,8.312912607491941941e+00
4.927122034867105071e+01,8.724880395785353571e+00
4.929122606458988542e+01,8.164730738829362622e+00
4.931123178050872014e+01,9.233020379062594429e+00
4.933123749642755485e+01,9.449446052899334703e+00
4.935124321234638956e+01,1.051764168799682686e+01
4.937124892826522427e+01,1.089705293753284110e+01
4.939125464418405187e+01,9.783801841785269460e+00
4.941126036010288658e+01,1.156779700114273624e+01
4.943126607602172129e+01,1.066562738023328905e+01
4.945127179194055600e+01,1.096486771049054809e+01
4.947127750785939071e+01,1.134464484735714329e+01
4.949128322377822542e+01,1.172047069041146550e+01
4.951128893969706013e+01,1.111588366931848171e+01
4.953129465561589484e+01,1.120104659013891890e+01
4.955130037153472955e+01,1.237551931266868621e+01
4.957130608745355715e+01,1.167972531207511011e+01
4.959131180337239186e+01,1.130154207790232768e+01
4.961131751929122657e+01,1.035560709615975128e+01
4.963132323521006128e+01,1.015370663143881558e+01
4.965132895112889599e+01,1.020904940604022748e+01
4.967133466704773070e+01,9.695254124787380690e+00
4.969134038296656541e+01,8.794998868224277899e+00
4.971134609888540012e+01,9.775763970753843068e+00
4.973135181480423483e+01,7.872360504571783046e+00
4.975135753072306244e+01,7.797792022378277288e+00
4.977136324664189715e+01,8.519396112153524214e+00
4.979136896256073186e+01,7.791094366076618094e+00
4.981137467847956657e+01,8.019498357477660377e+00
4.983138039439840128e+01,6.687295908144444745e+00
4.985138611031723599e+01,6.716742377656032659e+00
4.987139182623607070e+01,6.205247138895430226e+00
4.989139754215490541e+01,6.479892394010775547e+00
4.991140325807374012e+01,6.970912118970628235e+00
4.993140897399257483e+01,6.881816663223587760e+00
4.995141468991140243e+01,7.157327598935464330e+00
4.997142040583023714e+01,7.235742246821633472e+00
4.999142612174907185e+01,6.033514681838968663e+00
5.001143183766790656e+01,5.826368826459955130e+00
5.003143755358674127e+01,6.911239739970781670e+00
5.005144326950557598e+01,6.449731594090032161e+00
5.007144898542441069e+01,5.382595747052804747e+00
5.009145470134324540e+01,5.728361401366451666e+00
5.011146041726208011e+01,5.815005509101069059e+00
5.013146613318090772e+01,5.734659636683566042e+00
5.015147184909974243e+01,6.778144321679445028e+00
5.017147756501857714e+01,6.236907398956364368e+00
5.019148328093741185e+01,5.975481706242555369e+00
5.021148899685624656e+01,5.988669673327913223e+00
5.023149471277508127e+01,7.071323405279330565e+00
5.025150042869391598e+01,7.450147711771796466e+00
5.027150614461275069e+01,6.104976502845333108e+00
5.029151186053158540e+01,6.354184565577296162e+00
5.031151757645042011e+01,6.882252220859597536e+00
5.033152329236924771e+01,6.277737276404113942e+00
5.035152900828808242e+01,6.995168230134124698e+00
5.037153472420691713e+01,7.109405572790524985e+00
5.039154044012575184e+01,6.284584497085302424e+00
5.041154615604458655e+01,7.406699046315816659e+00
5.043155187196342126e+01,8.447317948145819599e+00
5.045155758788225597e+01,7.789415913288300075e+00
5.047156330380109068e+01,8.317466721540466068e+00
5.049156901971992539e+01,8.034029813435633827e+00
5.051157473563875300e+01,9.364504435801348947e+00
5.053158045155758771e+01,9.227718653900693013e+00
5.055158616747642242e+01,8.828621215866384375e+00
5.057159188339525713e+01,1.117005015795485434e+01
5.059159759931409184e+01,1.020421664547153107e+01
5.061160331523292655e+01,1.110558202557509944e+01
5.063160903115176126e+01,1.322825927657480527e+01
5.065161474707059597e+01,1.318106196203821412e+01
5.067162046298943068e+01,1.362747936208505095e+01
5.069162617890825828e+01,1.436236165334049986e+01
5.071163189482709299e+01,1.585173831428132551e+01
5.073163761074592770e+01,1.764638087666556743e+01
5.075164332666476241e+01,1.779896472388696793e+01
5.077164904258359712e+01,1.883514136019613971e+01
5.079165475850243183e+01,2.072061119800999407e+01
5.081166047442126654e+01,2.065861477235826626e+01
5.083166619034010125e+01,2.254508459509521856e+01
5.085167190625893596e+01,2.200273725186589857e+01
5.087167762217777067e+01,2.359420344104958289e+01
5.089168333809659828e+01,2.322536357719161870e+01
5.091168905401543299e+01,2.311834835250819253e+01
5.093169476993426770e+01,2.211808317308589622e+01
5.095170048585310241e+01,2.208870332959808280e+01
5.097170620177193712e+01,1.944226981705895696e+01
5.099171191769077183e+01,1.920706531913572235e+01
5.101171763360960654e+01,1.854189229262284755e+01
5.103172334952844125e+01,1.666861952965191662e+01
5.105172906544727596e+01,1.580916063972491692e+01
5.107173478136610356e+01,1.427748043879614848e+01
5.109174049728493827e+01,1.394211092155011222e+01
5.111174621320377298e+01,1.156988138887932926e+01
5.113175192912260769e+01,1.057743891845228212e+01
5.115175764504144240e+01,9.598985252144403901e+00
5.117176336096027711e+01,8.996630184877695058e+00
5.119176907687911182e+01,8.807036618988622223e+00
5.121177479279794653e+01,8.898206087316141932e+00
5.123178050871678124e+01,7.460797622169503818e+00
5.125178622463561595e+01,7.533934163330615164e+00
5.127179194055444356e+01,6.627499432036500160e+00
5.129179765647327827e+01,6.943274636750708773e+00
5.131180337239211298e+01,6.790480333499838039e+00
5.133180908831094769e+01,7.619325817244195775e+00
5.135181480422978240e+01,7.435443890835271574e+00
5.137182052014861711e+01,6.454105316506222323e+00
5.139182623606745182e+01,6.636877935861205557e+00
5.141183195198628653e+01,5.631699547982179865e+00
5.143183766790512124e+01,6.852505069821329897e+00
5.145184338382394884e+01,5.499678415828166855e+00
5.147184909974278355e+01,5.659729771005360455e+00
5.149185481566161826e+01,5.674265502472782607e+00
5.151186053158045297e+01,5.980975129577147165e+00
5.153186624749928768e+01,6.248959283930736852e+00
5.155187196341812239e+01,5.785562131435888489e+00
5.157187767933695710e+01,6.899942460749049822e+00
5.159188339525579181e+01,5.754315516912417827e+00
5.161188911117462652e+01,6.102011675418863135e+00
5.163189482709345413e+01,6.936619519820678370e+00
5.165190054301228884e+01,5.832837810158073566e+00
5.167190625893112355e+01,6.768608420734608444e+00
5.169191197484995826e+01,6.980327635632081140e+00
5.171191769076879297e+01,5.478215796002814386e+00
5.173192340668762768e+01,6.195257961282077730e+00
5.175192912260646239e+01,5.471008992405808513e+00
5.177193483852529710e+01,5.483947912569925087e+00
5.179194055444413181e+01,5.462306851460184909e+00
5.181194627036296652e+01,5.456503656646717104e+00
5.183195198628179412e+01,5.361493135599889825e+00
5.185195770220062883e+01,6.074093994761134319e+00
5.187196341811946354e+01,5.313638341606838900e+00
5.189196913403829825e+01,5.524014872780383278e+00
5.191197484995713296e+01,5.701422268184987097e+00
5.193198056587596767e+01,6.277274755423447594e+00
5.195198628179480238e+01,5.150489366537188474e+00
5.197199199771363709e+01,6.070035853045023799e+00
5.199199771363247180e+01,5.428114539899880242e+00
5.201200342955129940e+01,5.126078637055128340e+00
5.203200914547013411e+01,6.624262092592005047e+00
5.205201486138896882e+01,6.294490854047837480e+00
5.207202057730780353e+01,5.062991337951840976e+00
5.209202629322663824e+01,6.144974122340641109e+00
5.211203200914547295e+01,5.782353432583941633e+00
5.213203772506430766e+01,6.338243125269825917e+00
5.215204344098314237e+01,6.223642205033414143e+00
5.217204915690197708e+01,5.428730982148217699e+00
5.219205487282081180e+01,5.837897416197054490e+00
5.221206058873963940e+01,6.578686713113961915e+00
5.223206630465847411e+01,5.799698293307884889e+00
5.225207202057730882e+01,5.019223383782108527e+00
5.227207773649614353e+01,6.077461149698846654e+00
5.229208345241497824e+01,6.022869325234045945e+00
5.231208916833381295e+01,5.401054787957822789e+00
5.233209488425264766e+01,6.489077554359219846e+00
5.235210060017148237e+01,5.948425026812243388e+00
5.237210631609031708e+01,5.758347370532296061e+00
5.239211203200914468e+01,6.397500640085853618e+00
5.241211774792797939e+01,6.655947841951005195e+00
5.243212346384681410e+01,6.677159989513595129e+00
5.245212917976564881e+01,6.397668551800604675e+00
5.247213489568448352e+01,5.001141447385623273e+00
5.249214061160331823e+01,5.083854019511364619e+00
5.251214632752215294e+01,6.315361970016511783e+00
5.253215204344098765e+01,6.499462267103026214e+00
5.255215775935982236e+01,6.683446965578331067e+00
5.257216347527864997e+01,6.550346921509255793e+00
5.259216919119748468e+01,6.621309200047067023e+00
5.261217490711631939e+01,6.411741906909639077e+00
5.263218062303515410e+01,5.920827966065751014e+00
5.265218633895398881e+01,5.274987729234857703e+00
5.267219205487282352e+01,5.946379879201570517e+00
5.269219777079165823e+01,5.013235102184941283e+00
5.271220348671049294e+01,5.427399993192513428e+00
5.273220920262932765e+01,5.226023280713189223e+00
5.275221491854816236e+01,6.816265306675422408e+00
5.277222063446698996e+01,5.825346065782370353e+00
5.279222635038582467e+01,6.132751578986423979e+00
5.281223206630465938e+01,6.756278056792242026e+00
5.283223778222349409e+01,6.923526170024120852e+00
5.285224349814232880e+01,5.248952536538389779e+00
5.287224921406116351e+01,5.132901873305495855e+00
5.289225492997999822e+01,6.454323479776358674e+00
5.291226064589883293e+01,5.500994056297244583e+00
5.293226636181766764e+01,5.213384182855232751e+00
5.295227207773649525e+01,5.358912557265923304e+00
5.297227779365532996e+01,6.537632638752431724e+00
5.299228350957416467e+01,6.136353852320131530e+00
5.301228922549299938e+01,6.437752659809055089e+00
5.303229494141183409e+01,5.592211362360627547e+00
5.305230065733066880e+01,5.699114051642186318e+00
5.307230637324950351e+01,5.565946868052746410e+00
5.309231208916833822e+01,6.814820346039378585e+00
5.311231780508717293e+01,6.099510879050070500e+00
5.313232352100600764e+01,6.114429614242964384e+00
5.315232923692483524e+01,6.511908169765900034e+00
5.317233495284366995e+01,6.705758574354504731e+00
5.319234066876250466e+01,6.540765992716523591e+00
5.321234638468133937e+01,6.129418575385900070e+00
5.323235210060017408e+01,6.482494012491489599e+00
5.325235781651900879e+01,7.359857588858779387e+00
5.327236353243784350e+01,7.525712554386601916e+00
5.329236924835667821e+01,6.464693041937663587e+00
5.331237496427551292e+01,6.168597100612952744e+00
5.333238068019434053e+01,6.871107544909555997e+00
5.335238639611317524e+01,6.054943753992102273e+00
5.337239211203200995e+01,6.867390640370324206e+00
5.339239782795084466e+01,6.607105003077263561e+00
5.341240354386967937e+01,5.808752789332560340e+00
5.343240925978851408e+01,6.225738341597825354e+00
5.345241497570734879e+01,6.901789856146379520e+00
5.347242069162618350e+01,5.692476664762900818e+00
5.349242640754501821e+01,6.685046869184830598e+00
5.351243212346384581e+01,6.780433148629489537e+00
5.353243783938268052e+01,6.214640206698598845e+00
5.355244355530151523e+01,6.477367783751328822e+00
5.357244927122034994e+01,6.771340486573429018e+00
5.359245498713918465e+01,6.911251720783806007e+00
5.361246070305801936e+01,7.263210120952403592e+00
5.363246641897685407e+01,6.802186461192214928e+00
5.365247213489568878e+01,7.573225706891473230e+00
5.367247785081452349e+01,8.355117286394644793e+00
5.369248356673335820e+01,8.590598699399862426e+00
5.371248928265218581e+01,8.202103053283680723e+00
5.373249499857102052e+01,8.474813367233265282e+00
5.375250071448985523e+01,8.613727108645042208e+00
5.377250643040868994e+01,8.250203213472481423e+00
5.379251214632752465e+01,8.354353293315021745e+00
5.381251786224635936e+01,9.485576232630634763e+00
5.383252357816519407e+01,9.583282273598042522e+00
5.385252929408402878e+01,8.887734292180470064e+00
5.387253501000286349e+01,8.399602037305353264e+00
5.389254072592169109e+01,8.595293751764188528e+00
5.391254644184052580e+01,9.528402066211295818e+00
5.393255215775936051e+01,8.341004055877908385e+00
5.395255787367819522e+01,8.292071737094556028e+00
5.397256358959702993e+01,8.871931882658554258e+00
5.399256930551586464e+01,9.409649292743406335e+00
5.401257502143469935e+01,8.961707025323532250e+00
5.403258073735353406e+01,7.649720710082574371e+00
5.405258645327236877e+01,8.685569302274766201e+00
5.407259216919120348e+01,7.566430451607939034e+00
5.409259788511003109e+01,7.244764150158086835e+00
5.411260360102886580e+01,7.455037509416784225e+00
5.413260931694770051e+01,8.159980810427578390e+00
5.415261503286653522e+01,7.802928294077120519e+00
5.417262074878536993e+01,6.262033947025157588e+00
5.419262646470420464e+01,7.827487371322114029e+00
5.421263218062303935e+01,6.702812003443725963e+00
5.423263789654187406e+01,7.017630306540275420e+00
5.425264361246070877e+01,7.007700535461288460e+00
5.427264932837953637e+01,7.126116455993917853e+00
5.429265504429837108e+01,7.514882966195584935e+00
5.431266076021720579e+01,7.641360214734707057e+00
5.433266647613604050e+01,6.651599559737300993e+00
5.435267219205487521e+01,8.164570415276564574e+00
5.437267790797370992e+01,7.792392734997078740e+00
5.439268362389254463e+01,7.708569703356412006e+00
5.441268933981137934e+01,8.291292931128671384e+00
5.443269505573021405e+01,8.167166493661108362e+00
5.445270077164904166e+01,7.787633140262197884e+00
5.447270648756787637e+01,8.675781457111112260e+00
5.449271220348671108e+01,7.667050289254254025e+00
5.451271791940554579e+01,9.056538005847681205e+00
5.453272363532438050e+01,8.734261361356049136e+00
5.455272935124321521e+01,9.139688108173073644e+00
5.457273506716204992e+01,9.630498671884604178e+00
5.459274078308088463e+01,9.110238898948033182e+00
5.461274649899971934e+01,8.872582554683146938e+00
5.463275221491855405e+01,9.335223415956219739e+00
5.465275793083738165e+01,9.522031351766647944e+00
5.467276364675621636e+01,9.230644430736683503e+00
5.469276936267505107e+01,8.566527240143280153e+00
5.471277507859388578e+01,7.216427235075856927e+00
5.473278079451272049e+01,7.285581547083473275e+00
5.475278651043155520e+01,7.458891451630832670e+00
5.477279222635038991e+01,7.267867070044725430e+00
5.479279794226922462e+01,8.283269799746673101e+00
5.481280365818805933e+01,7.548649608714150361e+00
5.483280937410688693e+01,6.846384528558305149e+00
5.485281509002572164e+01,6.625906669912159153e+00
5.487282080594455635e+01,6.038933142664381748e+00
5.489282652186339106e+01,7.794514191763010302e+00
5.491283223778222577e+01,7.684888569197402930e+00
5.493283795370106048e+01,6.490637871357432864e+00
5.495284366961989519e+01,7.221380555063073636e+00
5.497284938553872990e+01,7.177754562593334775e+00
5.499285510145756461e+01,6.633790723292701585e+00
5.501286081737639222e+01,6.607281933983585986e+00
5.503286653329522693e+01,6.887197992588155238e+00
5.505287224921406164e+01,6.771769410806433243e+00
5.507287796513289635e+01,6.549390362397050858e+00
5.509288368105173106e+01,6.433994136105483541e+00
5.511288939697056577e+01,6.929487373265660111e+00
5.513289511288940048e+01,7.494963885111997293e+00
5.515290082880823519e+01,6.708025595494507165e+00
5.517290654472706990e+01,6.398446837307083968e+00
5.519291226064590461e+01,6.417961597303238008e+00
5.521291797656473221e+01,7.172327736116224095e+00
5.523292369248356692e+01,6.684300098712113503e+00
5.525292940840240163e+01,7.498479319949543864e+00
5.527293512432123634e+01,8.647984843584078263e+00
5.529294084024007105e+01,8.568538873663113620e+00
5.531294655615890576e+01,8.173940476791642595e+00
5.533295227207774047e+01,8.438875916134856325e+00
5.535295798799657518e+01,9.390941181176723163e+00
5.537296370391540989e+01,9.151281329440390522e+00
5.539296941983423750e+01,9.434497842988752936e+00
5.541297513575307221e+01,1.016505287349279030e+01
5.543298085167190692e+01,9.532354610780668480e+00
5.545298656759074163e+01,9.994304719791374580e+00
5.547299228350957634e+01,9.315838640668378190e+00
5.549299799942841105e+01,9.610484708231389561e+00
5.551300371534724576e+01,1.092656795218181287e+01
5.553300943126608047e+01,1.099349043833877992e+01
5.555301514718491518e+01,1.009854905658903590e+01
5.557302086310374989e+01,1.049056881745553582e+01
5.559302657902257749e+01,9.822099213906735571e+00
5.561303229494141220e+01,1.103604774019986934e+01
5.563303801086024691e+01,1.140566051337179410e+01
5.565304372677908162e+01,1.027761465910644745e+01
5.567304944269791633e+01,1.106530854855585666e+01
5.569305515861675104e+01,1.064308953740007091e+01
5.571306087453558575e+01,1.156858782321115342e+01
5.573306659045442046e+01,1.161344689425802379e+01
5.575307230637325517e+01,1.199787097462539442e+01
5.577307802229208278e+01,1.285275662299955179e+01
5.579308373821091749e+01,1.362261250756124475e+01
5.581308945412975220e+01,1.376777504743690628e+01
5.583309517004858691e+01,1.418288063029761403e+01
5.585310088596742162e+01,1.595720417789565637e+01
5.587310660188625633e+01,1.690199434433979064e+01
5.589311231780509104e+01,1.794772271511767769e+01
5.591311803372392575e+01,1.746042109718752400e+01
5.593312374964276046e+01,1.845600167210924525e+01
5.595312946556158806e+01,1.951931226635463545e+01
5.597313518148042277e+01,2.050643261550196783e+01
5.599314089739925748e+01,2.184260875707467520e+01
5.601314661331809219e+01,2.165338262363223620e+01
5.603315232923692690e+01,2.213391384793042604e+01
5.605315804515576161e+01,2.197056610392497333e+01
5.607316376107459632e+01,2.332453799955632689e+01
5.609316947699343103e+01,2.317273244380092834e+01
5.611317519291226574e+01,2.210385111993399576e+01
5.613318090883110045e+01,2.326578743893998436e+01
5.615318662474992806e+01,2.302225012535021520e+01
5.617319234066876277e+01,2.200108017207823252e+01
5.619319805658759748e+01,2.158688084434271204e+01
5.621320377250643219e+01,2.216710288903536608e+01
5.623320948842526690e+01,2.277596648096565701e+01
5.625321520434410161e+01,2.202410053480127416e+01
5.627322092026293632e+01,2.222277534117907649e+01
5.629322663618177103e+01,2.101758655611191529e+01
5.631323235210060574e+01,2.027144107087541514e+01
5.633323806801943334e+01,1.906152573616801860e+01
5.635324378393826805e+01,1.996468281912341780e+01
5.637324949985710276e+01,1.893087833348804594e+01
5.639325521577593747e+01,1.783853544209242870e+01
5.641326093169477218e+01,1.714553744073722896e+01
5.643326664761360689e+01,1.480552840857422403e+01
5.645327236353244160e+01,1.417206304104353620e+01
5.647327807945127631e+01,1.304550639807530210e+01
5.649328379537011102e+01,1.273449510811587082e+01
5.651328951128894573e+01,1.128050924949564582e+01
5.653329522720777334e+01,1.007461321650455410e+01
5.655330094312660805e+01,1.036183430295780283e+01
5.657330665904544276e+01,1.005928717002827888e+01
5.659331237496427747e+01,9.467130054105814096e+00
5.661331809088311218e+01,9.551119334974165653e+00
5.663332380680194689e+01,8.294351403804656186e+00
5.665332952272078160e+01,9.119263408702536822e+00
5.667333523863961631e+01,7.985321129303087240e+00
5.669334095455845102e+01,8.340564581838973979e+00
5.671334667047727862e+01,7.454501855582749137e+00
5.673335238639611333e+01,8.149667377664563617e+00
5.675335810231494804e+01,7.366783074329302572e+00
5.677336381823378275e+01,7.656239861582650796e+00
5.679336953415261746e+01,7.792841033698988618e+00
5.681337525007145217e+01,8.816209753088768863e+00
5.683338096599028688e+01,9.041096666011034344e+00
5.685338668190912159e+01,7.693584482064366625e+00
5.687339239782795630e+01,8.463519992603943720e+00
5.689339811374678391e+01,7.667331320288137242e+00
5.691340382966561862e+01,7.522608059198397257e+00
5.693340954558445333e+01,7.923875587121561814e+00
5.695341526150328804e+01,8.809173733203678580e+00
5.697342097742212275e+01,7.851464747777479047e+00
5.699342669334095746e+01,8.114312422271890313e+00
5.701343240925979217e+01,7.514025975548761060e+00
5.703343812517862688e+01,7.361407964355693778e+00
5.705344384109746159e+01,8.109754847223433316e+00
5.707344955701629630e+01,7.836699674983889530e+00
5.709345527293512390e+01,7.176856062242383594e+00
5.711346098885395861e+01,8.182625569115977271e+00
5.713346670477279332e+01,7.908848093736209783e+00
5.715347242069162803e+01,6.896437114587539163e+00
5.717347813661046274e+01,7.635653166213647758e+00
5.719348385252929745e+01,7.291085377389817879e+00
5.721348956844813216e+01,6.529176184576925834e+00
5.723349528436696687e+01,7.043910224963655153e+00
5.725350100028580158e+01,6.464257099620883018e+00
5.727350671620462919e+01,7.691640578459015387e+00
5.729351243212346390e+01,7.584075101910792149e+00
5.731351814804229861e+01,7.311891831017482524e+00
5.733352386396113332e+01,6.315851812259076326e+00
5.735352957987996803e+01,6.702080039983497883e+00
5.737353529579880274e+01,5.894756187490880706e+00
5.739354101171763745e+01,6.485659721979497583e+00
5.741354672763647216e+01,6.440516437852199516e+00
5.743355244355530687e+01,6.665668543508378008e+00
5.745355815947414158e+01,7.263096759821412007e+00
5.747356387539296918e+01,7.418874657631810976e+00
5.749356959131180389e+01,7.033810047027910350e+00
5.751357530723063860e+01,6.547562777361664921e+00
5.753358102314947331e+01,7.221841679194732855e+00
5.755358673906830802e+01,7.759612124597617289e+00
5.757359245498714273e+01,6.241581323705426954e+00
5.759359817090597744e+01,7.306841247972290176e+00
5.761360388682481215e+01,8.131724508931844397e+00
5.763360960274364686e+01,6.784861847683337110e+00
5.765361531866247446e+01,7.724796327415734964e+00
5.767362103458130917e+01,7.784203676978291853e+00
5.769362675050014388e+01,7.927269545812784202e+00
5.771363246641897859e+01,6.947177800875453002e+00
5.773363818233781330e+01,7.882329973534638157e+00
5.775364389825664801e+01,7.225189527976198178e+00
5.777364961417548272e+01,7.986616900119934748e+00
5.779365533009431743e+01,7.576773353400699129e+00
5.781366104601315214e+01,8.113221326853766513e+00
5.783366676193197975e+01,8.081405013594379128e+00
5.785367247785081446e+01,6.934488268234416886e+00
5.787367819376964917e+01,8.024164454848925487e+00
5.789368390968848388e+01,6.337729182397962902e+00
5.791368962560731859e+01,6.440486289660071861e+00
5.793369534152615330e+01,6.581862068942223587e+00
5.795370105744498801e+01,6.870179560218708126e+00
5.797370677336382272e+01,6.550156556175198652e+00
5.799371248928265743e+01,7.138207638037727065e+00
5.801371820520149214e+01,8.193078577811306218e+00
5.803372392112031974e+01,7.597452046643908830e+00
5.805372963703915445e+01,7.172998753132528549e+00
5.807373535295798916e+01,7.968224163462822141e+00
5.809374106887682387e+01,7.390033032674775626e+00
5.811374678479565858e+01,8.029743959524745733e+00
5.813375250071449329e+01,8.162519216045483361e+00
5.815375821663332800e+01,7.971010399541091473e+00
5.817376393255216271e+01,8.484557844871437382e+00
5.819376964847099742e+01,1.041383965822539359e+01
5.821377536438982503e+01,1.042263972675707784e+01
5.823378108030865974e+01,1.059235418559447872e+01
5.825378679622749445e+01,9.696623883019508838e+00
5.827379251214632916e+01,1.102714867508559671e+01
5.829379822806516387e+01,1.125087439362564368e+01
5.831380394398399858e+01,1.222943075102235788e+01
5.833380965990283329e+01,1.231305418292382114e+01
5.835381537582166800e+01,1.193457684805446384e+01
5.837382109174050271e+01,1.139436736852040433e+01
5.839382680765933742e+01,1.094649545389785139e+01
5.841383252357816502e+01,1.185627056757159536e+01
5.843383823949699973e+01,1.127772664384863432e+01
5.845384395541583444e+01,1.090318286973337258e+01
5.847384967133466915e+01,1.049291539770037041e+01
5.849385538725350386e+01,9.359417857436522326e+00
5.851386110317233857e+01,1.069198720648754275e+01
5.853386681909117328e+01,9.293515519397374192e+00
5.855387253501000799e+01,1.004530543096327477e+01
5.857387825092884270e+01,9.570071467648826768e+00
5.859388396684767031e+01,8.230632376598443045e+00
5.861388968276650502e+01,9.223063194940648302e+00
5.863389539868533973e+01,8.187673833062294904e+00
5.865390111460417444e+01,8.047030678138945348e+00
5.867390683052300915e+01,8.158887427379932333e+00
5.869391254644184386e+01,8.044814348288447547e+00
5.871391826236067857e+01,9.777561832884051896e+00
5.873392397827951328e+01,9.674271512126331629e+00
5.875392969419834799e+01,9.473680356752995024e+00
5.877393541011717559e+01,1.092719027200220872e+01
5.879394112603601030e+01,1.067265598515305669e+01
5.881394684195484501e+01,1.134382233175324828e+01
5.883395255787367972e+01,1.173697296983814553e+01
5.885395827379251443e+01,1.273916095410590898e+01
5.887396398971134914e+01,1.217283875038904206e+01
5.889396970563018385e+01,1.305218749568838987e+01
5.891397542154901856e+01,1.356118943570967339e+01
5.893398113746785327e+01,1.510576444394297191e+01
5.895398685338668798e+01,1.686473392161600771e+01
5.897399256930551559e+01,1.717864553243705217e+01
5.899399828522435030e+01,1.812486779553820782e+01
5.901400400114318501e+01,1.767175860688626798e+01
5.903400971706201972e+01,1.979136832217065134e+01
5.905401543298085443e+01,2.007261309023945017e+01
5.907402114889968914e+01,2.042478525398972522e+01
5.909402686481852385e+01,2.125530891765829011e+01
5.911403258073735856e+01,2.189220895998122884e+01
5.913403829665619327e+01,2.154111465961207017e+01
5.915404401257502087e+01,2.320854963466481635e+01
5.917404972849385558e+01,2.285832386786685788e+01
5.919405544441269029e+01,2.368596504262640678e+01
5.921406116033152500e+01,2.362656664427307618e+01
5.923406687625035971e+01,2.391108275789218141e+01
5.925407259216919442e+01,2.320892716224602026e+01
5.927407830808802913e+01,2.255181802240784350e+01
5.929408402400686384e+01,2.255546937011618880e+01
5.931408973992569855e+01,2.291022682100611618e+01
5.933409545584453326e+01,2.145912800817962207e+01
5.935410117176336087e+01,2.154188680017445279e+01
5.937410688768219558e+01,2.160695994510796680e+01
5.939411260360103029e+01,2.047670087611148304e+01
5.941411831951986500e+01,1.940906915013802703e+01
5.943412403543869971e+01,1.918766089057868740e+01
5.945412975135753442e+01,1.868195831581452993e+01
5.947413546727636913e+01,1.789627435741321904e+01
5.949414118319520384e+01,1.691066866794622570e+01
5.951414689911403855e+01,1.453496392240403345e+01
5.953415261503286615e+01,1.320834296258066765e+01
5.955415833095170086e+01,1.296819695024732688e+01
5.957416404687053557e+01,1.194945600788246587e+01
5.959416976278937028e+01,1.049805144099907928e+01
5.961417547870820499e+01,1.057894671861606639e+01
5.963418119462703970e+01,1.094772450882584458e+01
5.965418691054587441e+01,9.774509758414762217e+00
5.967419262646470912e+01,8.542580333595621411e+00
5.969419834238354383e+01,8.264456603504164889e+00
5.971420405830237144e+01,8.742563915792084472e+00
5.973420977422120615e+01,7.484419045524079550e+00
5.975421549014004086e+01,7.799923081600812047e+00
5.977422120605887557e+01,7.512374613418051794e+00
5.979422692197771028e+01,8.015457945680035223e+00
5.981423263789654499e+01,6.537979893889676042e+00
5.983423835381537970e+01,6.471209861762730498e+00
5.985424406973421441e+01,7.655273665182900977e+00
5.987424978565304912e+01,7.336295481015873143e+00
5.989425550157188383e+01,6.557537445830658562e+00
5.991426121749071143e+01,6.331825281192585031e+00
5.993426693340954614e+01,6.924427515621709439e+00
5.995427264932838085e+01,6.824488094435626095e+00
5.997427836524721556e+01,5.871951547350493961e+00
5.999428408116605027e+01,6.115823474072278998e+00
6.001428979708488498e+01,7.021158395364038185e+00
6.003429551300371969e+01,6.341453656181768039e+00
6.005430122892255440e+01,5.435124683304301207e+00
6.007430694484138911e+01,6.368078684376823340e+00
6.009431266076021672e+01,6.226806164946855127e+00
6.011431837667905143e+01,5.678915111295259166e+00
6.013432409259788614e+01,6.195200719309960746e+00
6.015432980851672085e+01,6.928295946128752547e+00
6.017433552443555556e+01,5.959033831930968361e+00
6.019434124035439027e+01,6.114660919582999732e+00
6.021434695627322498e+01,5.421936848017034016e+00
6.023435267219205969e+01,6.873134408628095215e+00
6.025435838811089440e+01,5.924800402411440459e+00
6.027436410402972911e+01,6.395055918562052355e+00
6.029436981994855671e+01,6.287753086945753189e+00
6.031437553586739142e+01,6.657601997754102108e+00
6.033438125178622613e+01,7.076773759626700411e+00
6.035438696770506084e+01,5.781279108133849931e+00
6.037439268362389555e+01,5.497034839831207442e+00
6.039439839954273026e+01,6.325942257772714683e+00
6.041440411546156497e+01,5.549153718835235338e+00
6.043440983138039968e+01,6.736429025302799189e+00
6.045441554729923439e+01,5.855927709080541277e+00
6.047442126321806199e+01,5.804942054047020683e+00
6.049442697913689670e+01,7.065482852695479821e+00
6.051443269505573141e+01,6.142024951579871939e+00
6.053443841097456612e+01,6.805446779457994033e+00
6.055444412689340083e+01,7.236445271627700571e+00
6.057444984281223554e+01,6.358056035875910617e+00
6.059445555873107025e+01,7.287539956218826553e+00
6.061446127464990496e+01,6.777995378963098894e+00
6.063446699056873967e+01,6.528484084534795784e+00
6.065447270648756728e+01,6.394847712607504064e+00
6.067447842240640199e+01,5.562710782416584898e+00
6.069448413832523670e+01,6.001297215385291040e+00
6.071448985424407141e+01,5.533589408930111198e+00
6.073449557016290612e+01,6.742198685693727711e+00
6.075450128608174083e+01,5.978105793693894832e+00
6.077450700200057554e+01,6.635823485563246749e+00
6.079451271791941025e+01,6.523974821962498005e+00
6.081451843383824496e+01,6.111083458854762007e+00
6.083452414975707967e+01,5.912528952493729228e+00
6.085452986567590727e+01,6.112215123544630480e+00
6.087453558159474198e+01,8.014313516567098006e+00
6.089454129751357669e+01,7.679563310333009873e+00
6.091454701343241140e+01,6.326927137238780752e+00
6.093455272935124611e+01,8.130147365986244878e+00
6.095455844527008082e+01,7.301206286223012931e+00
6.097456416118891553e+01,6.970492998224213643e+00
6.099456987710775024e+01,7.050025463005011872e+00
6.101457559302658495e+01,7.258959546710038069e+00
6.103458130894541256e+01,7.589801171069335162e+00
6.105458702486424727e+01,7.464430860169244397e+00
6.107459274078308198e+01,9.210878055100515382e+00
6.109459845670191669e+01,7.591883465873628722e+00
6.111460417262075140e+01,8.272816863997583425e+00
6.113460988853958611e+01,8.027399738301967957e+00
6.115461560445842082e+01,9.458706231592554303e+00
6.117462132037725553e+01,9.001897397709850424e+00
6.119462703629609024e+01,9.816886376551131832e+00
6.121463275221492495e+01,1.091513174189415736e+01
6.123463846813375255e+01,1.106328403317407805e+01
6.125464418405258726e+01,1.263195886570677473e+01
6.127464989997142197e+01,1.325269926392082986e+01
6.129465561589025668e+01,1.338750916373439104e+01
6.131466133180909139e+01,1.504192421411360492e+01
6.133466704772792610e+01,1.509042768676155255e+01
6.135467276364676081e+01,1.655067006731249890e+01
6.137467847956559552e+01,1.750889116752977159e+01
6.139468419548443023e+01,1.864987943325489894e+01
6.141468991140325784e+01,1.950019425793793104e+01
6.143469562732209255e+01,2.033253603141767130e+01
6.145470134324092726e+01,2.110556067378326262e+01
6.147470705915976197e+01,2.159321505161078036e+01
6.149471277507859668e+01,2.291979542561218963e+01
6.151471849099743139e+01,2.282363945503425740e+01
6.153472420691626610e+01,2.123683778068030037e+01
6.155472992283510081e+01,2.197677010741660908e+01
6.157473563875393552e+01,2.081996063786442974e+01
6.159474135467276312e+01,1.911771155161731173e+01
6.161474707059159783e+01,1.882933488257362242e+01
6.163475278651043254e+01,1.839533668185659820e+01
6.165475850242926725e+01,1.755211940427799533e+01
6.167476421834810196e+01,1.729041538276900880e+01
6.169476993426693667e+01,1.668800890514292590e+01
6.171477565018577138e+01,1.637132529829113992e+01
6.173478136610460609e+01,1.516708759551506702e+01
6.175478708202344080e+01,1.532288604697721546e+01
6.177479279794227551e+01,1.465509251490201059e+01
6.179479851386110312e+01,1.586713871514276164e+01
6.181480422977993783e+01,1.624115540027793614e+01
6.183480994569877254e+01,1.640789495417430643e+01
6.185481566161760725e+01,1.804930380077829355e+01
6.187482137753644196e+01,1.998144445632302535e+01
6.189482709345527667e+01,2.097403730647717168e+01
6.191483280937411138e+01,2.074597928378237199e+01
6.193483852529294609e+01,2.118634003992246306e+01
6.195484424121178080e+01,2.342877332747408303e+01
6.197484995713060840e+01,2.281111736603478590e+01
6.199485567304944311e+01,2.401823493892323569e+01
6.201486138896827782e+01,2.319403981539542059e+01
6.203486710488711253e+01,2.219030365899940804e+01
6.205487282080594724e+01,2.290734976954886903e+01
6.207487853672478195e+01,2.086881290687221480e+01
6.209488425264361666e+01,1.961261232778530683e+01
6.211488996856245137e+01,1.977855888882655577e+01
6.213489568448128608e+01,1.743901991562408327e+01
6.215490140040011369e+01,1.684598901533366089e+01
6.217490711631894840e+01,1.588965134337160556e+01
6.219491283223778311e+01,1.328885698836778317e+01
6.221491854815661782e+01,1.335355619436898955e+01
6.223492426407545253e+01,1.184917771932085095e+01
6.225492997999428724e+01,1.081542944139799722e+01
6.227493569591312195e+01,9.613388007783852274e+00
6.229494141183195666e+01,1.022487615089703894e+01
6.231494712775079137e+01,8.546024331744780156e+00
6.233495284366962608e+01,7.549309259043083031e+00
6.235495855958845368e+01,8.540338840503530093e+00
6.237496427550728839e+01,7.052853365275260522e+00
6.239496999142612310e+01,7.574157175281149179e+00
6.241497570734495781e+01,7.881807069785971009e+00
6.243498142326379252e+01,6.598416502344685242e+00
6.245498713918262723e+01,6.739937474077493995e+00
6.247499285510146194e+01,6.299930092120987091e+00
6.249499857102029665e+01,6.102277380116840177e+00
6.251500428693913136e+01,6.051279719438278804e+00
6.253501000285795897e+01,6.400424508061393958e+00
6.255501571877679368e+01,7.219700168483458746e+00
6.257502143469562839e+01,6.947728723487668567e+00
6.259502715061446310e+01,5.854094266875139674e+00
6.261503286653329781e+01,5.518857824806280732e+00
6.263503858245213252e+01,5.538878992231134113e+00
6.265504429837096723e+01,5.644682937511473320e+00
6.267505001428980194e+01,6.290468254965201567e+00
6.269505573020863665e+01,5.729548108006965457e+00
6.271506144612747136e+01,5.984324528698189205e+00
6.273506716204629896e+01,6.331980788972725094e+00
6.275507287796513367e+01,6.669926301124972312e+00
6.277507859388396838e+01,5.953980371232861835e+00
6.279508430980280309e+01,7.017035468738868076e+00
6.281509002572163780e+01,6.359224858899074739e+00
6.283509574164047251e+01,7.235618732713934520e+00
6.285510145755930722e+01,7.012123884409529495e+00
6.287510717347814193e+01,6.453866030744522142e+00
6.289511288939697664e+01,5.986102685006389201e+00
6.291511860531580425e+01,6.083563927174996167e+00
6.293512432123463896e+01,6.211228882147503683e+00
6.295513003715347367e+01,7.698976574265945061e+00
6.297513575307230838e+01,7.306634723557224653e+00
6.299514146899114309e+01,6.489306761783186772e+00
6.301514718490997780e+01,6.460841881929351160e+00
6.303515290082881251e+01,6.805414334612767568e+00
6.305515861674764722e+01,6.895009460052189176e+00
6.307516433266648193e+01,6.643044603489729916e+00
6.309517004858530953e+01,6.673306821687110535e+00
6.311517576450414424e+01,5.848992436252582472e+00
6.313518148042297895e+01,7.273571649348558488e+00
6.315518719634181366e+01,5.876355481061656505e+00
6.317519291226064837e+01,6.950243433477266031e+00
6.319519862817948308e+01,7.186454945524300975e+00
6.321520434409831779e+01,6.493717020189319733e+00
6.323521006001715250e+01,5.988275609452961668e+00
6.325521577593598721e+01,6.179497783821909174e+00
6.327522149185482192e+01,6.516038445808066903e+00
6.329522720777364952e+01,6.687044120311691486e+00
6.331523292369248423e+01,5.526783975057785625e+00
6.333523863961131894e+01,6.138846419224326389e+00
6.335524435553015365e+01,5.293373679829791456e+00
6.337525007144898836e+01,6.138639184901363954e+00
6.339525578736782307e+01,6.749756453371721143e+00
6.341526150328665778e+01,6.231788054168913682e+00
6.343526721920549249e+01,6.929330684668989271e+00
6.345527293512432720e+01,6.426916941587196064e+00
6.347527865104315481e+01,5.866536727154129771e+00
6.349528436696198952e+01,6.627881903793756635e+00
6.351529008288082423e+01,6.056272327372510311e+00
6.353529579879965894e+01,6.422912224045141727e+00
6.355530151471849365e+01,6.476043972574339946e+00
6.357530723063732836e+01,5.092705405251553685e+00
6.359531294655616307e+01,6.519801217843215646e+00
6.361531866247499778e+01,6.636510705397041576e+00
6.363532437839383249e+01,6.402186898274366378e+00
6.365533009431266720e+01,6.076107833316325646e+00
6.367533581023149480e+01,6.608306745534730631e+00
6.369534152615032951e+01,5.970584343680640949e+00
6.371534724206916422e+01,5.267191486357440056e+00
6.373535295798799893e+01,5.343672448918950657e+00
6.375535867390683364e+01,6.231244386942640823e+00
6.377536438982566835e+01,6.585246196966915377e+00
6.379537010574450306e+01,5.792656316043445663e+00
6.381537582166333777e+01,6.629907381504231978e+00
6.383538153758217248e+01,5.084841439508620553e+00
6.385538725350100009e+01,6.663654433556111201e+00
6.387539296941983480e+01,6.535685746126378426e+00
6.389539868533866951e+01,6.611610953816674296e+00
6.391540440125750422e+01,5.476431205039435035e+00
6.393541011717633893e+01,5.637116552581453277e+00
6.395541583309517364e+01,5.363367372969886304e+00
6.397542154901400835e+01,5.905707236879075062e+00
6.399542726493284306e+01,5.584223652977204466e+00
6.401543298085167066e+01,6.056112709235971003e+00
6.403543869677051248e+01,6.736662160158247481e+00
6.405544441268934008e+01,5.967494914329336098e+00
6.407545012860816769e+01,5.798295076171685380e+00
6.409545584452700950e+01,5.686354828602498301e+00
6.411546156044585132e+01,5.533442283637576509e+00
6.413546727636467892e+01,5.183352510207626551e+00
6.415547299228350653e+01,6.471433951330828549e+00
6.417547870820234834e+01,5.438269881613742918e+00
6.419548442412119016e+01,5.813429894864075465e+00
6.421549014004001776e+01,5.737356739239718451e+00
6.423549585595884537e+01,5.328459906540073732e+00
6.425550157187768718e+01,6.708771882149843435e+00
6.427550728779651479e+01,5.629913724354625337e+00
6.429551300371534239e+01,5.368430711157786028e+00
6.431551871963418421e+01,6.748119263625433462e+00
6.433552443555302602e+01,6.591377920505008703e+00
6.435553015147185363e+01,5.504387332720576786e+00
6.437553586739068123e+01,5.355763422165138010e+00
6.439554158330952305e+01,6.450323393957090090e+00
6.441554729922835065e+01,6.035822985741797098e+00
6.443555301514717826e+01,5.879902465662309119e+00
6.445555873106602007e+01,6.915742940870853950e+00
6.447556444698486189e+01,6.466464843714266664e+00
6.449557016290368949e+01,6.431965519178716839e+00
6.451557587882251710e+01,6.697452578542544721e+00
6.453558159474135891e+01,5.232094889545452432e+00
6.455558731066020073e+01,6.529539716123230697e+00
6.457559302657902833e+01,5.359497434927499526e+00
6.459559874249785594e+01,6.671204697203433120e+00
6.461560445841669775e+01,6.128123684856740638e+00
6.463561017433552536e+01,5.873553856130367734e+00
6.465561589025435296e+01,5.942535047403865178e+00
6.467562160617319478e+01,6.854777799198583210e+00
6.469562732209203659e+01,6.084072226345963230e+00
6.471563303801086420e+01,6.265602564389102014e+00
6.473563875392969180e+01,5.939002872171011305e+00
6.475564446984853362e+01,5.555701655016066276e+00
6.477565018576737543e+01,5.454569526295761861e+00
6.479565590168618883e+01,6.656056689794914938e+00
6.481566161760503064e+01,6.649158012818579877e+00
6.483566733352387246e+01,6.634504528309360438e+00
6.485567304944270006e+01,6.869193441891463969e+00
6.487567876536152767e+01,6.455764117346427078e+00
6.489568448128036948e+01,6.311993084926887931e+00
6.491569019719921130e+01,6.114848318979293929e+00
6.493569591311803890e+01,6.177032376437387562e+00
6.495570162903686651e+01,6.542866757853873061e+00
6.497570734495570832e+01,5.390430396898458376e+00
6.499571306087453593e+01,6.569274437219475793e+00
6.501571877679336353e+01,6.004961679252445172e+00
6.503572449271220535e+01,6.478047167495286196e+00
6.505573020863104716e+01,5.885109503983781742e+00
6.507573592454987477e+01,6.300891895289837841e+00
6.509574164046870237e+01,7.120395316763671545e+00
6.511574735638754419e+01,6.920846612655734198e+00
6.513575307230638600e+01,7.050990811537078962e+00
6.515575878822521361e+01,6.398108469066908555e+00
6.517576450414404121e+01,7.130677605979470535e+00
6.519577022006288303e+01,7.833044098559337698e+00
6.521577593598171063e+01,7.564262254769557714e+00
6.523578165190053824e+01,8.029721888979585387e+00
6.525578736781938005e+01,8.228816516293457894e+00
6.527579308373822187e+01,6.920969182999532343e+00
6.529579879965704947e+01,6.608475575915931266e+00
6.531580451557587708e+01,7.625431579168326479e+00
6.533581023149471889e+01,7.617079790744734957e+00
6.535581594741354650e+01,6.751476289877905046e+00
6.537582166333237410e+01,7.512510370900517209e+00
6.539582737925121592e+01,6.859633849991685572e+00
6.541583309517005773e+01,6.884570927327347434e+00
6.543583881108888534e+01,6.643113330335526534e+00
6.545584452700771294e+01,5.997818592671731786e+00
6.547585024292655476e+01,6.896259865162525315e+00
6.549585595884539657e+01,5.887693433641633334e+00
6.551586167476422418e+01,6.672913323413206754e+00
6.553586739068305178e+01,5.493645680228779860e+00
6.555587310660189360e+01,6.407438707288876323e+00
6.557587882252072120e+01,6.065457085992586705e+00
6.559588453843954881e+01,6.057495365586847313e+00
6.561589025435839062e+01,5.456693057622159948e+00
6.563589597027723244e+01,6.020711162065559563e+00
6.565590168619606004e+01,5.915277509350010732e+00
6.567590740211488765e+01,5.840571855474093965e+00
6.569591311803372946e+01,6.562873634697634628e+00
6.571591883395257128e+01,7.003054152965879631e+00
6.573592454987138467e+01,5.848193635409513647e+00
6.575593026579022649e+01,6.038193811495546903e+00
6.577593598170906830e+01,5.966740178925254767e+00
6.579594169762789591e+01,6.934153562365830581e+00
6.581594741354672351e+01,6.371365488841417068e+00
6.583595312946556533e+01,6.154977364571949217e+00
6.585595884538440714e+01,6.200765954117219536e+00
6.587596456130323475e+01,7.320385442068040760e+00
6.589597027722206235e+01,7.278183811956909999e+00
6.591597599314090417e+01,6.697485550262192611e+00
6.593598170905973177e+01,6.030326446306180088e+00
6.595598742497855937e+01,6.062807478677941120e+00
6.597599314089740119e+01,7.416712955480980973e+00
6.599599885681624301e+01,7.180021690747482310e+00
6.601600457273507061e+01,7.456981524184306487e+00
6.603601028865389821e+01,6.637892797925962540e+00
6.605601600457274003e+01,7.379442532405900756e+00
6.607602172049158185e+01,8.270547325139759209e+00
6.609602743641040945e+01,8.317090944264245778e+00
6.611603315232923705e+01,8.779605386892416874e+00
6.613603886824807887e+01,7.966533075137953723e+00
6.615604458416690647e+01,9.402936020082229618e+00
6.617605030008573408e+01,8.826540799775832724e+00
6.619605601600457589e+01,1.000339228001218750e+01
6.621606173192341771e+01,8.417246793126949456e+00
6.623606744784224531e+01,9.939171682230329097e+00
6.625607316376107292e+01,1.038557427174578507e+01
6.627607887967991473e+01,1.062265440006425266e+01
6.629608459559874234e+01,9.075635463552218951e+00
6.631609031151756994e+01,1.009759047192605053e+01
6.633609602743641176e+01,9.537983133158514093e+00
6.635610174335525357e+01,9.586881981674938658e+00
6.637610745927408118e+01,1.014762093567598100e+01
6.639611317519290878e+01,8.964888522771332191e+00
6.641611889111175060e+01,9.857787684754910629e+00
6.643612460703059241e+01,1.077108200271299232e+01
6.645613032294942002e+01,9.539251468469688078e+00
6.647613603886824762e+01,9.197539621463590720e+00
6.649614175478708944e+01,1.069794677384579806e+01
6.651614747070591704e+01,9.886938706601196003e+00
6.653615318662474465e+01,9.618190601064281253e+00
6.655615890254358646e+01,9.474146399354447468e+00
6.657616461846242828e+01,9.940264993490295353e+00
6.659617033438125588e+01,9.742633093203483696e+00
6.661617605030008349e+01,9.195396511630807623e+00
6.663618176621892530e+01,9.178213847634342670e+00
6.665618748213776712e+01,9.886743361724709800e+00
6.667619319805658051e+01,8.895052654448170060e+00
6.669619891397542233e+01,8.580749619391886185e+00
6.671620462989426414e+01,8.668420812131788722e+00
6.673621034581309175e+01,8.337190984348115563e+00
6.675621606173191935e+01,8.562380483516262686e+00
6.677622177765076117e+01,7.338800521942386190e+00
6.679622749356960298e+01,8.162326512445392979e+00
6.681623320948843059e+01,7.265181674143844859e+00
6.683623892540725819e+01,7.063486545494785496e+00
6.685624464132610001e+01,6.689547054922772240e+00
6.687625035724492761e+01,6.251055653208414498e+00
6.689625607316375522e+01,5.735985565946772446e+00
6.691626178908259703e+01,5.722133324501237794e+00
6.693626750500143885e+01,6.173706320103764078e+00
6.695627322092026645e+01,5.945285174313794663e+00
6.697627893683909406e+01,6.582118734852576480e+00
6.699628465275793587e+01,6.634204563595026194e+00
6.701629036867677769e+01,6.198095657358810406e+00
6.703629608459560529e+01,5.505759439435248481e+00
6.705630180051443290e+01,6.715479713679814999e+00
6.707630751643327471e+01,6.067178224507677520e+00
6.709631323235210232e+01,5.669784102014714833e+00
6.711631894827092992e+01,6.796132870203871690e+00
6.713632466418977174e+01,5.724409240100870377e+00
6.715633038010861355e+01,7.320261275202124551e+00
6.717633609602744116e+01,6.948042703708278367e+00
6.719634181194626876e+01,5.884700872946252659e+00
6.721634752786511058e+01,7.011328759452728043e+00
6.723635324378393818e+01,6.874935925123187630e+00
6.725635895970276579e+01,6.932425080117211813e+00
6.727636467562160760e+01,6.154346912097698130e+00
6.729637039154044942e+01,6.091388304560057421e+00
6.731637610745927702e+01,6.265115744451718705e+00
6.733638182337810463e+01,7.411484046948943138e+00
6.735638753929694644e+01,6.128721465310424499e+00
6.737639325521578826e+01,7.126232404715346469e+00
6.739639897113461586e+01,5.730352498464754696e+00
6.741640468705344347e+01,7.410658970358311670e+00
6.743641040297228528e+01,7.172838815346342045e+00
6.745641611889111289e+01,6.514013916318931230e+00
6.747642183480994049e+01,5.682026897634806062e+00
6.749642755072878231e+01,5.860307806702778066e+00
6.751643326664762412e+01,6.782529324737784471e+00
6.753643898256645173e+01,5.877943385492339523e+00
6.755644469848527933e+01,6.268535858109153480e+00
6.757645041440412115e+01,6.084620764042923291e+00
6.759645613032296296e+01,6.546173445427164062e+00
6.761646184624177636e+01,6.965244507755574688e+00
6.763646756216061817e+01,7.433827847385263254e+00
6.765647327807945999e+01,6.929896452815816232e+00
6.767647899399828759e+01,6.776319247300770954e+00
6.769648470991711520e+01,7.902896663733593563e+00
6.771649042583595701e+01,6.851197443645679286e+00
6.773649614175479883e+01,6.296533166959083161e+00
6.775650185767362643e+01,6.893054992242030110e+00
6.777650757359245404e+01,6.744770751530907660e+00
6.779651328951129585e+01,8.117767906242313813e+00
6.781651900543012346e+01,8.251685349146869797e+00
6.783652472134895106e+01,8.881529780276029129e+00
6.785653043726779288e+01,9.174417305455410343e+00
6.787653615318663469e+01,8.330765623166707101e+00
6.789654186910546230e+01,1.035398601538056162e+01
6.791654758502428990e+01,1.087664178683599658e+01
6.793655330094313172e+01,1.112257668283598555e+01
6.795655901686197353e+01,1.082512078257271604e+01
6.797656473278080114e+01,1.301996552523549511e+01
6.799657044869962874e+01,1.432492204242028855e+01
6.801657616461847056e+01,1.442050744092842862e+01
6.803658188053729816e+01,1.493116518199700593e+01
6.805658759645612577e+01,1.603459149399653327e+01
6.807659331237496758e+01,1.740209421131918077e+01
6.809659902829380940e+01,1.797123209271427413e+01
6.811660474421263700e+01,1.878969758633234122e+01
6.813661046013146461e+01,1.969358904052650772e+01
6.815661617605030642e+01,2.020160041107524762e+01
6.817662189196913403e+01,1.946628475954124582e+01
6.819662760788796163e+01,2.004017941901836508e+01
6.821663332380680345e+01,2.019068008718796392e+01
6.823663903972564526e+01,1.815639116879916415e+01
6.825664475564447287e+01,1.899242742654712757e+01
6.827665047156330047e+01,1.658380332513598177e+01
6.829665618748214229e+01,1.550808160668668201e+01
6.831666190340098410e+01,1.612763185602691962e+01
6.833666761931981171e+01,1.471069143494426434e+01
6.835667333523863931e+01,1.285711433519384350e+01
6.837667905115748113e+01,1.155461425293986366e+01
6.839668476707630873e+01,1.238676068318001988e+01
6.841669048299513634e+01,1.050769648221831432e+01
6.843669619891397815e+01,9.709534422784841468e+00
6.845670191483281997e+01,9.254813781233035996e+00
6.847670763075164757e+01,8.244753054561543948e+00
6.849671334667047518e+01,7.589130175037340109e+00
6.851671906258931699e+01,8.800967446465785216e+00
6.853672477850815881e+01,7.172155074681217712e+00
6.855673049442697220e+01,7.515382388052799456e+00
6.857673621034581402e+01,7.362829571500199677e+00
6.859674192626465583e+01,6.466038749464132707e+00
6.861674764218348344e+01,7.169751200869772134e+00
6.863675335810231104e+01,6.990411463165727035e+00
6.865675907402115286e+01,7.600470294927685444e+00
6.867676478993999467e+01,7.944790571467146734e+00
6.869677050585882228e+01,7.829799231132789750e+00
6.871677622177764988e+01,7.763188465954940831e+00
6.873678193769649170e+01,6.690740572211760551e+00
6.875678765361531930e+01,6.647694207019129387e+00
6.877679336953414690e+01,6.321012572378335470e+00
6.879679908545298872e+01,5.975275357125860332e+00
6.881680480137183054e+01,6.462528444175538844e+00
6.883681051729065814e+01,7.002262399003315707e+00
6.885681623320948574e+01,7.064811381218154551e+00
6.887682194912832756e+01,6.777489950102675742e+00
6.889682766504716938e+01,6.559413053799931781e+00
6.891683338096599698e+01,5.501299125134841539e+00
6.893683909688482458e+01,5.867421630800461863e+00
6.895684481280366640e+01,6.661404094234168127e+00
6.897685052872249400e+01,7.267651892383196532e+00
6.899685624464132161e+01,7.248597000120589939e+00
6.901686196056016342e+01,6.300020204471285190e+00
6.903686767647900524e+01,6.849821799444806736e+00
6.905687339239783284e+01,5.309901062557018214e+00
6.907687910831666045e+01,6.499319273441420464e+00
6.909688482423550226e+01,5.487849821555929708e+00
6.911689054015432987e+01,5.870404650080457643e+00
6.913689625607315747e+01,5.564460611370350307e+00
6.915690197199199929e+01,5.923786025357868468e+00
6.917690768791084110e+01,6.922299315970477984e+00
6.919691340382966871e+01,5.139610279554891470e+00
6.921691911974849631e+01,6.926270302072246032e+00
6.923692483566733813e+01,6.617185472625963349e+00
6.925693055158617994e+01,6.585667408731210593e+00
6.927693626750500755e+01,6.516525990640078980e+00
6.929694198342383515e+01,5.675295215561455109e+00
6.931694769934267697e+01,5.651215334360032649e+00
6.933695341526150457e+01,6.432962732652406146e+00
6.935695913118033218e+01,5.978102655226706474e+00
6.937696484709917399e+01,5.322969616411428184e+00
6.939697056301801581e+01,6.093312662530183665e+00
6.941697627893684341e+01,6.862133443425145529e+00
6.943698199485567102e+01,5.212042775325206101e+00
6.945698771077451283e+01,6.398434035786160656e+00
6.947699342669335465e+01,5.186156113089044339e+00
6.949699914261216804e+01,6.325594183564240858e+00
6.951700485853100986e+01,5.181636549696643002e+00
6.953701057444985167e+01,5.553958972567228258e+00
6.955701629036867928e+01,6.040691963967866229e+00
6.957702200628750688e+01,5.587326355743136297e+00
6.959702772220634870e+01,6.670251933810358302e+00
6.961703343812519051e+01,5.776899459206949139e+00
6.963703915404401812e+01,6.378520159560974179e+00
6.965704486996284572e+01,5.763562755968491658e+00
6.967705058588168754e+01,5.565266953319664367e+00
6.969705630180051514e+01,6.236207355822273257e+00
6.971706201771934275e+01,5.880181280866985105e+00
6.973706773363818456e+01,5.959868125764766766e+00
6.975707344955702638e+01,5.584508753437487982e+00
6.977707916547585398e+01,6.256230535058371345e+00
6.979708488139468159e+01,6.953150682557004636e+00
6.981709059731352340e+01,7.098831745039501762e+00
6.983709631323236522e+01,6.660604878106593851e+00
6.985710202915119282e+01,7.071128147527407037e+00
6.987710774507002043e+01,6.506903179657263614e+00
6.989711346098886224e+01,5.753394865074841213e+00
6.991711917690768985e+01,7.275571159111612118e+00
6.993712489282651745e+01,6.426396262474227683e+00
6.995713060874535927e+01,6.629070815378317327e+00
6.997713632466420108e+01,6.984634706269566173e+00
6.999714204058302869e+01,7.220757038323636579e+00
7.001714775650185629e+01,6.117326008905521029e+00
7.003715347242069811e+01,7.107129241502216033e+00
7.005715918833952571e+01,7.893755503693985709e+00
7.007716490425835332e+01,7.402472779903892963e+00
7.009717062017719513e+01,8.308083708000333800e+00
7.011717633609603695e+01,7.285718832860776040e+00
7.013718205201486455e+01,7.513659276431476464e+00
7.015718776793369216e+01,9.540221275667747136e+00
7.017719348385253397e+01,8.807417160609157136e+00
7.019719919977137579e+01,8.991463530900253076e+00
7.021720491569020339e+01,9.722099623451134320e+00
7.023721063160903100e+01,1.018180098827576074e+01
7.025721634752787281e+01,1.125658794221873471e+01
7.027722206344670042e+01,1.013985877533575497e+01
7.029722777936552802e+01,1.179680279236339935e+01
7.031723349528436984e+01,1.133838012542495122e+01
7.033723921120321165e+01,1.121085383250587064e+01
7.035724492712203926e+01,1.170964237241014594e+01
7.037725064304086686e+01,1.097048568597851848e+01
7.039725635895970868e+01,1.108366641615101145e+01
7.041726207487855049e+01,1.163366481433577526e+01
7.043726779079736389e+01,1.253805263410098902e+01
7.045727350671620570e+01,1.265950723271765810e+01
7.047727922263504752e+01,1.257633062705451543e+01
7.049728493855387512e+01,1.276001487190795913e+01
7.051729065447270273e+01,1.350280260605392257e+01
7.053729637039154454e+01,1.378598753114581044e+01
7.055730208631038636e+01,1.294320265615340482e+01
7.057730780222921396e+01,1.452927739198938717e+01
7.059731351814804157e+01,1.413887301867373658e+01
7.061731923406688338e+01,1.374483459183772283e+01
7.063732494998571099e+01,1.575131244492519400e+01
7.065733066590453859e+01,1.499707202420910157e+01
7.067733638182338041e+01,1.662054954874501078e+01
7.069734209774222222e+01,1.667046802509192460e+01
7.071734781366104983e+01,1.621457403391416108e+01
7.073735352957987743e+01,1.698967430073465223e+01
7.075735924549871925e+01,1.764957026531397588e+01
7.077736496141756106e+01,1.714980723261406936e+01
7.079737067733638867e+01,1.799654087539235903e+01
7.081737639325521627e+01,1.931947386762788810e+01
7.083738210917405809e+01,1.894934568383733264e+01
7.085738782509288569e+01,2.026741187716476844e+01
7.087739354101171330e+01,1.882129047098121788e+01
7.089739925693055511e+01,1.896419639011198299e+01
7.091740497284939693e+01,2.081541767464656800e+01
7.093741068876822453e+01,1.908378680037767339e+01
7.095741640468705214e+01,1.958433991157160037e+01
7.097742212060589395e+01,1.902656655941718356e+01
7.099742783652472156e+01,1.833826758342751972e+01
7.101743355244354916e+01,1.696829174259461581e+01
7.103743926836239098e+01,1.663092726784244135e+01
7.105744498428123279e+01,1.679847167229797833e+01
7.107745070020006040e+01,1.426644374390030912e+01
7.109745641611888800e+01,1.388193232869518212e+01
7.111746213203772982e+01,1.297780193158999218e+01
7.113746784795657163e+01,1.177968891916286864e+01
7.115747356387539924e+01,1.165489094424299665e+01
7.117747927979422684e+01,1.230955651175699117e+01
7.119748499571306866e+01,1.175049166880846663e+01
7.121749071163189626e+01,1.036608150963782293e+01
7.123749642755072387e+01,9.614752699776824230e+00
7.125750214346956568e+01,1.026385633990688895e+01
7.127750785938840750e+01,9.242325498881738710e+00
7.129751357530723510e+01,9.325260110061099894e+00
7.131751929122606271e+01,8.807729891146157897e+00
7.133752500714490452e+01,9.152110308375196013e+00
7.135753072306374634e+01,9.128470297414038370e+00
7.137753643898255973e+01,8.969858217483254847e+00
7.139754215490140155e+01,9.395344471988275714e+00
7.141754787082024336e+01,9.107734758332895808e+00
7.143755358673907097e+01,7.537666283382047361e+00
7.145755930265789857e+01,7.449876877123064567e+00
7.147756501857674039e+01,8.013283729224506047e+00
7.149757073449558220e+01,6.694943005787187928e+00
7.151757645041440981e+01,7.871265341396777693e+00
7.153758216633323741e+01,7.205836207542179572e+00
7.155758788225207923e+01,6.292246897382628212e+00
7.157759359817090683e+01,7.279284822638614649e+00
7.159759931408973443e+01,6.026197713515558441e+00
7.161760503000857625e+01,6.018152924952672400e+00
7.163761074592741807e+01,5.999370429361908563e+00
7.165761646184624567e+01,5.634665678477064787e+00
7.167762217776507327e+01,5.833062219966528517e+00
7.169762789368391509e+01,5.751627018419378068e+00
7.171763360960275691e+01,5.404686822912438515e+00
7.173763932552158451e+01,5.844805512699227990e+00
7.175764504144041211e+01,7.047737525157169003e+00
7.177765075735925393e+01,6.109225184239702955e+00
7.179765647327808153e+01,6.137903070663980998e+00
7.181766218919690914e+01,7.049082404178729000e+00
7.183766790511575095e+01,6.407436478389818113e+00
7.185767362103459277e+01,6.550818842389545260e+00
7.187767933695342037e+01,6.028637516161474252e+00
7.189768505287224798e+01,6.744329077117773075e+00
7.191769076879108979e+01,6.574341991822646669e+00
7.193769648470991740e+01,5.174549595639069466e+00
7.195770220062874500e+01,6.685091537242938919e+00
7.197770791654758682e+01,6.364896994184168655e+00
7.199771363246642863e+01,6.937373168957888581e+00
7.201771934838525624e+01,5.874119573861741550e+00
7.203772506430408384e+01,6.675426739223116357e+00
7.205773078022292566e+01,5.594973271147045679e+00
7.207773649614176747e+01,6.037223767075306391e+00
7.209774221206059508e+01,6.255034525545485558e+00
7.211774792797942268e+01,6.802512199067415111e+00
7.213775364389826450e+01,5.425628150843947672e+00
7.215775935981709210e+01,6.171348645483299755e+00
7.217776507573591971e+01,6.747264100999034397e+00
7.219777079165476152e+01,6.138171394983061191e+00
7.221777650757360334e+01,5.227261635416302177e+00
7.223778222349243094e+01,6.225858241582390207e+00
7.225778793941125855e+01,6.591832938858821045e+00
7.227779365533010036e+01,6.382099563058051928e+00
7.229779937124894218e+01,6.281195897599705980e+00
7.231780508716775557e+01,6.092852821560097887e+00
7.233781080308659739e+01,6.881425463253244779e+00
7.235781651900543920e+01,6.760572099117703182e+00
7.237782223492426681e+01,6.032071568268438710e+00
7.239782795084309441e+01,5.137552477286934760e+00
7.241783366676193623e+01,5.854059762279748114e+00
7.243783938268077804e+01,6.141530388984315358e+00
7.245784509859960565e+01,6.428521685690135712e+00
7.247785081451843325e+01,6.434648853628219811e+00
7.249785653043727507e+01,6.472332849978219116e+00
7.251786224635610267e+01,5.128109229570625871e+00
7.253786796227493028e+01,5.959614505919563321e+00
7.255787367819377209e+01,6.742090698656531877e+00
7.257787939411261391e+01,5.545217911656844301e+00
7.259788511003144151e+01,5.542084601463582061e+00
7.261789082595026912e+01,5.114620451456550754e+00
7.263789654186911093e+01,6.242009517852244116e+00
7.265790225778795275e+01,5.527086665309782099e+00
7.267790797370678035e+01,5.330868908681647866e+00
7.269791368962560796e+01,5.826623157751702919e+00
7.271791940554444977e+01,5.477449162056694298e+00
7.273792512146327738e+01,6.460793460834178603e+00
7.275793083738210498e+01,5.522101816886962666e+00
7.277793655330094680e+01,5.741369359001314621e+00
7.279794226921978861e+01,5.432641842546632738e+00
7.281794798513861622e+01,5.899686388398944992e+00
7.283795370105744382e+01,6.807148050685959184e+00
7.285795941697628564e+01,5.759405186480179850e+00
7.287796513289511324e+01,5.619051720994398202e+00
7.289797084881394085e+01,6.611495296312616787e+00
7.291797656473278266e+01,4.972571512356445567e+00
7.293798228065162448e+01,5.997092652538702495e+00
7.295798799657045208e+01,5.324265696125165981e+00
7.297799371248927969e+01,5.932849147982914850e+00
7.299799942840812150e+01,6.785111882985678911e+00
7.301800514432696332e+01,5.231179703576689377e+00
7.303801086024579092e+01,5.084341637048072293e+00
7.305801657616461853e+01,5.745224372431034787e+00
7.307802229208346034e+01,6.131273974000399640e+00
7.309802800800228795e+01,6.681968098710285631e+00
7.311803372392111555e+01,6.369908282514744613e+00
7.313803943983995737e+01,5.005043782595731017e+00
7.315804515575879918e+01,5.774078499704212497e+00
7.317805087167762679e+01,6.408640000075497056e+00
7.319805658759645439e+01,5.182568621484463733e+00
7.321806230351529621e+01,6.896008489329672031e+00
7.323806801943413802e+01,6.356692323180696214e+00
7.325807373535295142e+01,5.187329755739193970e+00
7.327807945127179323e+01,6.772471179889347326e+00
7.329808516719063505e+01,5.473111135606535171e+00
7.331809088310946265e+01,6.662905558616229129e+00
7.333809659902829026e+01,6.868454762051424467e+00
7.335810231494713207e+01,7.186551218413104181e+00
7.337810803086597389e+01,5.957425745486647273e+00
7.339811374678480149e+01,7.052547349627534601e+00
7.341811946270362910e+01,6.661406262235266773e+00
7.343812517862247091e+01,7.453482110223895951e+00
7.345813089454129852e+01,6.183585258303200938e+00
7.347813661046012612e+01,7.006950670653964153e+00
7.349814232637896794e+01,7.477445785269494216e+00
7.351814804229780975e+01,7.969938641177609639e+00
7.353815375821663736e+01,7.201353470952938984e+00
7.355815947413546496e+01,7.118325681272608563e+00
7.357816519005430678e+01,7.575318419993787522e+00
7.359817090597314859e+01,6.779243307055714318e+00
7.361817662189197620e+01,7.736991599759035942e+00
7.363818233781080380e+01,7.771850898628678728e+00
7.365818805372964562e+01,7.409193777570457939e+00
7.367819376964847322e+01,7.784956815489525894e+00
7.369819948556730083e+01,6.400047865531592883e+00
7.371820520148614264e+01,7.608917772222656417e+00
7.373821091740498446e+01,6.732695888987088928e+00
7.375821663332381206e+01,7.253587662524671131e+00
7.377822234924263967e+01,6.072173798382637600e+00
7.379822806516148148e+01,7.251882886965225872e+00
7.381823378108030909e+01,7.190826104183375200e+00
7.383823949699913669e+01,7.710018283347991108e+00
7.385824521291797851e+01,7.402094959760740167e+00
7.387825092883682032e+01,7.406864929949349197e+00
7.389825664475564793e+01,7.567757353893469485e+00
7.391826236067447553e+01,7.684214474869556888e+00
7.393826807659331735e+01,7.077233132544846761e+00
7.395827379251215916e+01,6.374991746357144606e+00
7.397827950843098677e+01,7.422877999564442497e+00
7.399828522434981437e+01,7.880521415907075777e+00
7.401829094026865619e+01,8.081943579006273026e+00
7.403829665618748379e+01,6.834766385326670246e+00
7.405830237210632561e+01,7.001357128823788578e+00
7.407830808802515321e+01,8.438602392416196807e+00
7.409831380394398082e+01,7.519855761679186124e+00
7.411831951986282263e+01,7.309664555850262424e+00
7.413832523578165024e+01,6.572628829809731066e+00
7.415833095170049205e+01,6.824436888548017777e+00
7.417833666761931966e+01,6.776288856806528038e+00
7.419834238353816147e+01,6.901509313586471350e+00
7.421834809945698908e+01,7.206316736599280404e+00
7.423835381537583089e+01,7.072964216665003079e+00
7.425835953129465850e+01,6.360884669166879668e+00
7.427836524721348610e+01,7.962162207667221381e+00
7.429837096313232792e+01,7.862079107393686428e+00
7.431837667905115552e+01,7.831132041520233678e+00
7.433838239496999734e+01,7.586880193487152368e+00
7.435838811088882494e+01,7.152800078075471468e+00
7.437839382680766676e+01,7.995261676319180388e+00
7.439839954272649436e+01,6.795244962326959737e+00
7.441840525864533618e+01,8.538527778707939220e+00
7.443841097456416378e+01,7.176515775353810689e+00
7.445841669048300560e+01,7.667094360047078894e+00
7.447842240640183320e+01,7.989634777674917032e+00
7.449842812232066080e+01,8.172453327597843042e+00
7.451843383823950262e+01,8.038048112101103371e+00
7.453843955415833022e+01,8.555306591625249979e+00
7.455844527007717204e+01,7.626799404066932908e+00
7.457845098599599964e+01,6.872276929989595828e+00
7.459845670191484146e+01,6.813524883629679785e+00
7.461846241783366906e+01,7.557539983970079867e+00
7.463846813375251088e+01,6.309709044522812782e+00
7.465847384967133848e+01,7.445610835836521169e+00
7.467847956559016609e+01,6.560892068955272549e+00
7.469848528150900790e+01,6.028754222356300652e+00
7.471849099742783551e+01,5.995152629574852732e+00
7.473849671334667732e+01,7.415532521712752789e+00
7.475850242926550493e+01,7.055128599353266416e+00
7.477850814518434674e+01,6.137026218729406679e+00
7.479851386110317435e+01,6.605171260675307465e+00
7.481851957702201616e+01,6.113969654172715984e+00
7.483852529294084377e+01,6.617695049778149929e+00
7.485853100885967137e+01,6.507238775900392902e+00
7.487853672477851319e+01,7.351154216128604979e+00
7.489854244069734079e+01,5.632323504264187264e+00
7.491854815661618261e+01,7.494320766869689621e+00
7.493855387253501021e+01,7.569476873808455686e+00
7.495855958845385203e+01,6.068463642032201122e+00
7.497856530437267963e+01,6.946995908121505359e+00
7.499857102029152145e+01,6.462887681834233788e+00
7.501857673621034905e+01,6.315939325576468200e+00
7.503858245212917666e+01,6.476939067618273427e+00
7.505858816804801847e+01,6.680332982400883246e+00
7.507859388396684608e+01,6.758044415993810894e+00
7.509859959988568789e+01,7.145127283433026832e+00
7.511860531580451550e+01,7.248029717002825834e+00
7.513861103172335731e+01,6.788113290940092526e+00
7.515861674764218492e+01,7.169927484396402484e+00
7.517862246356102673e+01,7.599674979040443645e+00
7.519862817947985434e+01,7.939729344344654827e+00
7.521863389539868194e+01,6.981504051803963051e+00
7.523863961131752376e+01,7.887678309341227489e+00
7.525864532723635136e+01,8.159989639724031463e+00
7.527865104315519318e+01,7.264438345312511203e+00
7.529865675907402078e+01,7.342764887655539141e+00
7.531866247499286260e+01,8.819304513266734702e+00
7.533866819091169020e+01,7.171603381043079928e+00
7.535867390683053202e+01,8.065929838007226849e+00
7.537867962274935962e+01,8.845016532812687515e+00
7.539868533866820144e+01,8.026810028148172904e+00
7.541869105458702904e+01,7.063790959963744953e+00
7.543869677050585665e+01,7.280211011214863248e+00
7.545870248642469846e+01,7.787476579117551090e+00
7.547870820234352607e+01,8.380792513412778533e+00
7.549871391826236788e+01,7.788263860618043211e+00
7.551871963418119549e+01,6.875933770763198893e+00
7.553872535010003730e+01,7.221138814953264706e+00
7.555873106601886491e+01,7.071503190017696561e+00
7.557873678193770672e+01,6.857048022300358703e+00
7.559874249785653433e+01,6.285499051000506654e+00
7.561874821377536193e+01,5.955648917692425215e+00
7.563875392969420375e+01,7.318298663387831304e+00
7.565875964561303135e+01,6.246032440951443832e+00
7.567876536153187317e+01,5.841365591307131844e+00
7.569877107745070077e+01,6.112567052332884998e+00
7.571877679336954259e+01,6.343485032358295861e+00
7.573878250928837019e+01,5.202342967986994360e+00
7.575878822520721201e+01,6.141504183765665204e+00
7.577879394112603961e+01,5.768964996186238814e+00
7.579879965704486722e+01,5.307895176817816640e+00
7.581880537296370903e+01,6.816595658743074715e+00
7.583881108888253664e+01,5.936758254329348006e+00
7.585881680480137845e+01,6.405994353962896071e+00
7.587882252072020606e+01,6.248266251262913684e+00
7.589882823663904787e+01,5.765528785098005038e+00
7.591883395255787548e+01,5.495961818805605859e+00
7.593883966847671729e+01,6.210412649279877684e+00
7.595884538439554490e+01,5.573795911344554099e+00
7.597885110031437250e+01,6.591695120492341076e+00
7.599885681623321432e+01,5.294018594836610525e+00
7.601886253215204192e+01,5.718670187355307633e+00
7.603886824807088374e+01,5.300245985209324218e+00
7.605887396398971134e+01,6.202759544516259993e+00
7.607887967990855316e+01,5.493909985833443699e+00
7.609888539582738076e+01,5.629549749675764936e+00
7.611889111174622258e+01,6.070773892053712650e+00
7.613889682766505018e+01,6.389322399830152044e+00
7.615890254358387779e+01,6.534121443960457576e+00
7.617890825950271960e+01,6.797640247193063701e+00
7.619891397542154721e+01,6.264555562370858866e+00
7.621891969134038902e+01,5.856509953521221057e+00
7.623892540725921663e+01,7.462701629738922371e+00
7.625893112317805844e+01,6.257414624247273238e+00
7.627893683909688605e+01,6.169030633815435039e+00
7.629894255501572786e+01,7.058790298109695271e+00
7.631894827093455547e+01,7.043143856905685674e+00
7.633895398685339728e+01,7.838421892532049462e+00
7.635895970277222489e+01,6.845945545987342840e+00
7.637896541869105249e+01,7.637435570512927541e+00
7.639897113460989431e+01,6.711196272446891875e+00
7.641897685052872191e+01,8.312648091773130687e+00
7.643898256644756373e+01,7.231585212599192403e+00
7.645898828236639133e+01,7.325492040800579474e+00
7.647899399828523315e+01,8.491815258160203328e+00
7.649899971420406075e+01,8.600696946284999811e+00
7.651900543012290257e+01,9.029400414710741174e+00
7.653901114604173017e+01,7.904305336645991886e+00
7.655901686196055778e+01,8.985331530030292058e+00
7.657902257787939959e+01,8.888204818932610607e+00
7.659902829379822720e+01,8.315185411532693749e+00
7.661903400971706901e+01,8.478745818004368218e+00
7.663903972563589662e+01,8.739503677525117808e+00
7.665904544155473843e+01,7.446525004381374657e+00
7.667905115747356604e+01,8.196859930539281081e+00
7.669905687339240785e+01,7.366057894273955853e+00
7.671906258931123546e+01,8.049710610851937176e+00
7.673906830523006306e+01,7.620477802044815618e+00
7.675907402114890488e+01,6.780095452417122637e+00
7.677907973706773248e+01,8.301014139812041392e+00
7.679908545298657430e+01,6.344198714212283541e+00
7.681909116890540190e+01,6.999655092164569048e+00
7.683909688482424372e+01,6.349370600345133120e+00
7.685910260074307132e+01,7.313957987853673792e+00
7.687910831666191314e+01,7.106786388558877121e+00
7.689911403258074074e+01,7.641830495388761690e+00
7.691911974849956835e+01,6.023680535111743950e+00
7.693912546441841016e+01,6.703130923418890497e+00
7.695913118033723777e+01,6.156830518330258073e+00
7.697913689625607958e+01,6.417561939595583631e+00
7.699914261217490719e+01,6.257289067339494082e+00
7.701914832809374900e+01,6.321494178363308514e+00
7.703915404401257661e+01,7.528505570431325289e+00
7.705915975993141842e+01,7.465823508075731141e+00
7.707916547585024603e+01,7.696372707053124707e+00
7.709917119176907363e+01,8.323841468859761505e+00
7.711917690768791545e+01,8.307234481328421793e+00
7.713918262360674305e+01,8.746167546170404705e+00
7.715918833952558487e+01,6.965092681044461109e+00
7.717919405544441247e+01,8.070360478948137128e+00
7.719919977136325429e+01,8.685400089939722790e+00
7.721920548728208189e+01,7.371135569759362127e+00
7.723921120320092371e+01,7.941986608643851753e+00
7.725921691911975131e+01,8.544067265364924779e+00
7.727922263503859313e+01,8.154506649483481695e+00
7.729922835095742073e+01,7.072539246095214338e+00
7.731923406687624833e+01,7.171625088562385564e+00
7.733923978279509015e+01,7.842540180591340615e+00
7.735924549871391775e+01,6.997998015337632438e+00
7.737925121463275957e+01,7.168177197121125666e+00
7.739925693055158717e+01,6.114545768083121224e+00
7.741926264647042899e+01,6.187974270817218958e+00
7.743926836238925659e+01,6.790657762157630728e+00
7.745927407830809841e+01,6.360590901504328265e+00
7.747927979422692601e+01,5.454278292564593400e+00
7.749928551014575362e+01,5.778776934048529768e+00
7.751929122606459543e+01,6.672068052985929754e+00
7.753929694198342304e+01,5.492164545818669197e+00
7.755930265790226485e+01,6.641846542237805906e+00
7.757930837382109246e+01,6.548578926913642739e+00
7.759931408973993427e+01,5.230129010557220681e+00
7.761931980565876188e+01,5.384467858223217718e+00
7.763932552157760369e+01,6.083909309770120011e+00
7.765933123749643130e+01,6.816045870697131193e+00
7.767933695341525890e+01,6.370451001389307422e+00
7.769934266933410072e+01,5.998541340339252237e+00
7.771934838525292832e+01,6.149259806772644943e+00
7.773935410117177014e+01,6.887967628347807292e+00
7.775935981709059774e+01,5.780613052770767979e+00
7.777936553300943956e+01,6.008266638548246164e+00
7.779937124892826716e+01,6.136504650809734507e+00
7.781937696484710898e+01,7.244341913310941905e+00
7.783938268076593658e+01,5.887408228142791522e+00
7.785938839668476419e+01,7.028471275189748901e+00
7.787939411260360600e+01,6.794966114500524235e+00
7.789939982852243361e+01,5.822991116534630862e+00
7.791940554444127542e+01,7.633481243178836806e+00
7.793941126036010303e+01,6.780336059571674845e+00
7.795941697627894484e+01,6.963724599859945741e+00
7.797942269219777245e+01,8.231985760164114652e+00
7.799942840811661426e+01,8.133294363259397031e+00
7.801943412403544187e+01,8.303597926187022082e+00
7.803943983995426947e+01,7.873135110696010130e+00
7.805944555587311129e+01,8.501739403084902946e+00
7.807945127179193889e+01,7.876255248951008703e+00
7.809945698771078071e+01,9.221037486999273725e+00
7.811946270362960831e+01,8.640752908249998754e+00
7.813946841954845013e+01,7.850007594728105609e+00
7.815947413546727773e+01,8.070915383566934054e+00
7.817947985138611955e+01,8.717294307759852146e+00
7.819948556730494715e+01,8.214483276114838972e+00
7.821949128322378897e+01,9.045021828274505182e+00
7.823949699914261657e+01,7.641704141376616910e+00
7.825950271506144418e+01,7.914277211433645043e+00
7.827950843098028599e+01,7.961928883357352049e+00
7.829951414689911360e+01,7.126135713844873543e+00
7.831951986281795541e+01,7.727643141942259319e+00
7.833952557873678302e+01,6.622345555783999416e+00
7.835953129465562483e+01,7.216419654384153226e+00
7.837953701057445244e+01,7.305729955382230578e+00
7.839954272649329425e+01,6.304523118835341222e+00
7.841954844241212186e+01,6.673159465083844388e+00
7.843955415833094946e+01,5.666087780736438262e+00
7.845955987424979128e+01,7.076128142786330955e+00
7.847956559016861888e+01,6.693122620878759754e+00
7.849957130608746070e+01,6.079744636031406024e+00
7.851957702200628830e+01,6.757555851624264420e+00
7.853958273792513012e+01,6.230229446324754505e+00
7.855958845384395772e+01,6.987524682203918758e+00
7.857959416976279954e+01,6.386207883366702198e+00
7.859959988568162714e+01,6.366236513765470839e+00
7.861960560160045475e+01,5.459754980342606423e+00
7.863961131751929656e+01,5.799870018739244237e+00
7.865961703343812417e+01,6.573055559143658577e+00
7.867962274935696598e+01,5.616799477191405821e+00
7.869962846527579359e+01,5.457605225403150406e+00
7.871963418119463540e+01,6.321938309462473704e+00
7.873963989711346301e+01,6.042116863990658615e+00
7.875964561303230482e+01,6.846712128444397472e+00
7.877965132895113243e+01,6.362417231788612959e+00
7.879965704486996003e+01,7.193624511978146785e+00
7.881966276078880185e+01,5.913770976124415490e+00
7.883966847670762945e+01,7.446367901938384826e+00
7.885967419262647127e+01,7.119832503535679535e+00
7.887967990854529887e+01,6.467804360057426649e+00
7.889968562446414069e+01,6.346697508955774225e+00
7.891969134038296829e+01,7.382230853359044609e+00
7.893969705630181011e+01,6.610074818790415030e+00
7.895970277222063771e+01,7.275411473762090075e+00
7.897970848813946532e+01,7.090284308760271159e+00
7.899971420405830713e+01,7.688214292656824433e+00
7.901971991997713474e+01,7.821461200114043777e+00
7.903972563589597655e+01,8.965443467856848869e+00
7.905973135181480416e+01,9.009073683348095329e+00
7.907973706773364597e+01,8.830814569310666329e+00
7.909974278365247358e+01,1.058247739722915703e+01
7.911974849957131539e+01,9.645016637937331438e+00
7.913975421549014300e+01,9.793488520277804810e+00
7.915975993140898481e+01,1.015702491855662259e+01
7.917976564732781242e+01,1.116306804574723621e+01
7.919977136324664002e+01,1.211280456421094165e+01
7.921977707916548184e+01,1.163404613159590184e+01
7.923978279508430944e+01,1.167954730811080388e+01
7.925978851100315126e+01,1.156522568854986943e+01
7.927979422692197886e+01,1.224769426682154005e+01
7.929979994284082068e+01,1.165851700582980222e+01
7.931980565875964828e+01,1.061415850873321887e+01
7.933981137467849010e+01,1.143338151406328329e+01
7.935981709059731770e+01,1.087360632143493611e+01
7.937982280651614531e+01,1.093758502768341145e+01
7.939982852243498712e+01,9.448177954152134461e+00
7.941983423835381473e+01,1.071929913697599623e+01
7.943983995427265654e+01,9.585666982628502808e+00
7.945984567019148415e+01,8.318316683373829790e+00
7.947985138611032596e+01,8.174979216717700226e+00
7.949985710202915357e+01,7.547191824446530362e+00
7.951986281794799538e+01,7.807888795066245891e+00
7.953986853386682299e+01,7.805098656351194819e+00
7.955987424978565059e+01,7.201896734846569892e+00
7.957987996570449241e+01,8.109109585853296664e+00
7.959988568162332001e+01,7.169040902940427173e+00
7.961989139754216183e+01,6.968146220835569338e+00
7.963989711346098943e+01,7.442631548490710180e+00
7.965990282937983125e+01,6.950193439929971184e+00
7.967990854529865885e+01,7.349319673910708950e+00
7.969991426121750067e+01,7.463005000362889163e+00
7.971991997713632827e+01,6.097566153694199187e+00
7.973992569305515588e+01,5.860909518023937004e+00
7.975993140897399769e+01,6.903187222570176473e+00
7.977993712489282530e+01,6.541174539319615455e+00
7.979994284081166711e+01,5.855836897385991335e+00
7.981994855673049472e+01,6.793573954107389845e+00
7.983995427264933653e+01,7.048674845914635334e+00
7.985995998856816414e+01,7.046855588229604450e+00
7.987996570448700595e+01,7.022802312636146738e+00
7.989997142040583356e+01,5.949898394289424353e+00
7.991997713632466116e+01,5.296089113144890170e+00
7.993998285224350298e+01,6.810034012587518504e+00
7.995998856816233058e+01,6.381029580248358535e+00
7.997999428408117240e+01,5.697397423327466903e+00
8.000000000000000000e+01,5.730987291510385440e+00
