angle,intensity
1.000000000000000000e+01,6.613261108158886792e+00
1.002000571591883471e+01,8.760294538862750002e+00
1.004001143183766764e+01,8.676818520815357871e+00
1.006001714775650235e+01,8.552182547266468760e+00
1.008002286367533529e+01,8.417194489385876111e+00
1.010002857959417000e+01,8.995802502154933933e+00
1.012003429551300293e+01,9.275661523484892257e+00
1.014004001143183764e+01,9.539898986546507587e+00
1.016004572735067235e+01,9.148212240253057459e+00
1.018005144326950528e+01,8.047413373415109206e+00
1.020005715918833999e+01,8.799688580650418146e+00
1.022006287510717293e+01,8.850796558281352588e+00
1.024006859102600764e+01,8.351006941956216068e+00
1.026007430694484057e+01,8.434401082718789411e+00
1.028008002286367528e+01,8.994707642834759653e+00
1.030008573878250999e+01,9.730205444381557101e+00
1.032009145470134293e+01,9.613091917747080828e+00
1.034009717062017764e+01,8.655962659571139639e+00
1.036010288653901057e+01,8.786498810015499927e+00
1.038010860245784528e+01,1.012663700434661429e+01
1.040011431837667999e+01,9.257672270662885339e+00
1.042012003429551292e+01,9.878496385032814686e+00
1.044012575021434763e+01,8.651593400117777222e+00
1.046013146613318057e+01,9.112675545336077931e+00
1.048013718205201528e+01,1.007131904991236127e+01
1.050014289797084821e+01,9.753465230723380230e+00
1.052014861388968292e+01,9.062634660948743814e+00
1.054015432980851585e+01,1.005997026757534485e+01
1.056016004572735056e+01,9.089227009539419200e+00
1.058016576164618527e+01,1.003811950109625961e+01
1.060017147756501821e+01,9.318523594590844894e+00
1.062017719348385292e+01,1.000088206088904208e+01
1.064018290940268585e+01,9.638523873418492371e+00
1.066018862532152056e+01,9.526493519948763478e+00
1.068019434124035527e+01,9.878458683670650942e+00
1.070020005715918820e+01,9.385064989554669168e+00
1.072020577307802292e+01,1.030877010474944555e+01
1.074021148899685585e+01,1.034430968071538182e+01
1.076021720491569056e+01,1.047260330325703492e+01
1.078022292083452349e+01,1.054084958027267405e+01
1.080022863675335820e+01,1.024374410900031052e+01
1.082023435267219291e+01,1.005755984395802827e+01
1.084024006859102585e+01,9.909407575281878877e+00
1.086024578450986056e+01,9.430588601338413923e+00
1.088025150042869349e+01,1.014897558881522421e+01
1.090025721634752820e+01,9.427376987313914825e+00
1.092026293226636113e+01,1.009896978979349846e+01
1.094026864818519584e+01,9.785495572214166771e+00
1.096027436410403055e+01,1.062544703489129638e+01
1.098028008002286349e+01,1.085393093799396169e+01
1.100028579594169820e+01,1.039886847187967156e+01
1.102029151186053113e+01,1.086818048834208739e+01
1.104029722777936584e+01,1.036130417494155154e+01
1.106030294369819877e+01,1.015960513874005144e+01
1.108030865961703348e+01,1.064027344482343196e+01
1.110031437553586819e+01,1.084504279895780421e+01
1.112032009145470113e+01,1.062439488595518711e+01
1.114032580737353584e+01,1.148045376232402504e+01
1.116033152329236877e+01,1.067331525975333406e+01
1.118033723921120348e+01,1.067448389446914803e+01
1.120034295513003642e+01,1.120712663050774793e+01
1.122034867104887113e+01,1.036539219339172213e+01
1.124035438696770584e+01,1.100663446922515476e+01
1.126036010288653877e+01,1.132737972221313250e+01
1.128036581880537348e+01,1.192171822790882452e+01
1.130037153472420641e+01,1.127127128506453957e+01
1.132037725064304112e+01,1.103719790137759915e+01
1.134038296656187583e+01,1.165282164091035710e+01
1.136038868248070877e+01,1.159070026072873993e+01
1.138039439839954348e+01,1.182522756361671412e+01
1.140040011431837641e+01,1.284106272360824796e+01
1.142040583023721112e+01,1.285182104635596900e+01
1.144041154615604405e+01,1.210857725642019922e+01
1.146041726207487876e+01,1.309781702794863456e+01
1.148042297799371170e+01,1.327675111488877491e+01
1.150042869391254641e+01,1.390267269697420716e+01
1.152043440983138112e+01,1.309708193151317346e+01
1.154044012575021405e+01,1.429257069083815423e+01
1.156044584166904876e+01,1.447753578161346155e+01
1.158045155758788169e+01,1.434785724445497124e+01
1.160045727350671640e+01,1.463730271231760227e+01
1.162046298942555111e+01,1.532431311832330856e+01
1.164046870534438405e+01,1.537857247947980177e+01
1.166047442126321876e+01,1.506139072599675899e+01
1.168048013718205169e+01,1.614229089556430452e+01
1.170048585310088640e+01,1.647786305313572441e+01
1.172049156901971934e+01,1.624682074052063996e+01
1.174049728493855405e+01,1.712061223916749952e+01
1.176050300085738698e+01,1.701954262642774296e+01
1.178050871677622169e+01,1.816023518393554426e+01
1.180051443269505640e+01,1.762578338174583692e+01
1.182052014861388933e+01,1.758225147776520103e+01
1.184052586453272404e+01,1.924910506866375570e+01
1.186053158045155698e+01,1.919756168994570089e+01
1.188053729637039169e+01,1.924017583269442966e+01
1.190054301228922640e+01,1.956486176127970111e+01
1.192054872820805933e+01,1.998372809174884424e+01
1.194055444412689404e+01,2.067357171441708630e+01
1.196056016004572697e+01,2.040704267453313747e+01
1.198056587596456168e+01,2.052982852240385370e+01
1.200057159188339639e+01,2.112772429497400850e+01
1.202057730780222933e+01,2.174391618563000605e+01
1.204058302372106226e+01,2.264569025968201998e+01
1.206058873963989697e+01,2.342370646424162928e+01
1.208059445555873168e+01,2.376546850036714176e+01
1.210060017147756461e+01,2.358851541017603282e+01
1.212060588739639932e+01,2.384381809025866161e+01
1.214061160331523226e+01,2.440456473413824767e+01
1.216061731923406697e+01,2.528269423794163728e+01
1.218062303515290168e+01,2.634617228992942728e+01
1.220062875107173461e+01,2.689165406340610076e+01
1.222063446699056932e+01,2.653429579393376514e+01
1.224064018290940226e+01,2.794353758191541459e+01
1.226064589882823697e+01,2.805758041487979781e+01
1.228065161474707168e+01,2.918765046844065836e+01
1.230065733066590461e+01,2.924382750972887379e+01
1.232066304658473754e+01,3.037101399054111894e+01
1.234066876250357225e+01,3.066301073419595724e+01
1.236067447842240696e+01,3.143477961346634686e+01
1.238068019434123990e+01,3.241712666058096204e+01
1.240068591026007461e+01,3.284305796533573840e+01
1.242069162617890754e+01,3.313929150419942005e+01
1.244069734209774225e+01,3.392600407474604651e+01
1.246070305801657696e+01,3.489905358789648204e+01
1.248070877393540989e+01,3.577145777629193191e+01
1.250071448985424460e+01,3.628943352816168044e+01
1.252072020577307754e+01,3.774353264615803027e+01
1.254072592169191225e+01,3.789171292233957189e+01
1.256073163761074696e+01,3.921301796543301066e+01
1.258073735352957989e+01,3.993617091054850476e+01
1.260074306944841460e+01,4.083178834839369387e+01
1.262074878536724754e+01,4.145529251980956786e+01
1.264075450128608225e+01,4.183339183266377148e+01
1.266076021720491518e+01,4.249891425061611727e+01
1.268076593312374989e+01,4.363844374781889712e+01
1.270077164904258282e+01,4.443252184688529383e+01
1.272077736496141753e+01,4.547301109649029627e+01
1.274078308088025224e+01,4.717734319162350687e+01
1.276078879679908518e+01,4.658872397696045198e+01
1.278079451271791989e+01,4.797726939717802708e+01
1.280080022863675282e+01,4.848020854086224318e+01
1.282080594455558753e+01,4.935458576155042465e+01
1.284081166047442224e+01,5.032037788121768074e+01
1.286081737639325517e+01,5.054107054279024425e+01
1.288082309231208988e+01,5.108313912103720611e+01
1.290082880823092282e+01,5.156319359681778991e+01
1.292083452414975753e+01,5.280926479702493737e+01
1.294084024006859224e+01,5.273260667623332409e+01
1.296084595598742517e+01,5.343786614663612511e+01
1.298085167190625810e+01,5.332498500897852978e+01
1.300085738782509281e+01,5.320783962378705922e+01
1.302086310374392752e+01,5.281202921082591928e+01
1.304086881966276046e+01,5.313651888561705050e+01
1.306087453558159517e+01,5.218421785857214701e+01
1.308088025150042810e+01,5.203478897583919860e+01
1.310088596741926281e+01,5.235536074632935311e+01
1.312089168333809752e+01,5.159335449771911186e+01
1.314089739925693046e+01,5.064766527561192788e+01
1.316090311517576517e+01,5.058488141080121636e+01
1.318090883109459810e+01,4.840207943607695995e+01
1.320091454701343281e+01,4.880353814693858538e+01
1.322092026293226752e+01,4.765110789670612945e+01
1.324092597885110045e+01,4.698669993423610691e+01
1.326093169476993339e+01,4.576793784891567896e+01
1.328093741068876810e+01,4.568999039256124206e+01
1.330094312660760281e+01,4.456457015262806465e+01
1.332094884252643574e+01,4.292262915515382815e+01
1.334095455844527045e+01,4.387418150968005648e+01
1.336096027436410338e+01,4.319456199346728908e+01
1.338096599028293809e+01,4.259801286127730435e+01
1.340097170620177280e+01,4.248030805592502901e+01
1.342097742212060574e+01,4.200657897856542178e+01
1.344098313803944045e+01,4.189693425695354279e+01
1.346098885395827338e+01,4.119370379242592151e+01
1.348099456987710809e+01,4.114599202971165681e+01
1.350100028579594280e+01,4.115485348990518588e+01
1.352100600171477573e+01,4.112979336886425585e+01
1.354101171763361044e+01,4.051360045013468181e+01
1.356101743355244338e+01,4.193266923816712222e+01
1.358102314947127809e+01,4.119526354916365563e+01
1.360102886539011102e+01,4.062924515271627257e+01
1.362103458130894573e+01,4.060424023552599948e+01
1.364104029722777867e+01,4.106144977189320144e+01
1.366104601314661338e+01,4.060646274502938269e+01
1.368105172906544809e+01,4.139969725470898254e+01
1.370105744498428102e+01,4.035269562515441066e+01
1.372106316090311573e+01,4.101023183959627261e+01
1.374106887682194866e+01,4.133440572517999101e+01
1.376107459274078337e+01,4.078208011605651251e+01
1.378108030865961808e+01,4.164681221898108987e+01
1.380108602457845102e+01,4.074216579060504984e+01
1.382109174049728573e+01,4.101615425224384381e+01
1.384109745641611866e+01,4.119410363124716667e+01
1.386110317233495337e+01,4.108961691651314396e+01
1.388110888825378808e+01,4.171238670258917125e+01
1.390111460417262101e+01,4.185736074733773648e+01
1.392112032009145395e+01,4.254470992318648115e+01
1.394112603601028866e+01,4.299948520674655583e+01
1.396113175192912337e+01,4.302647740470130344e+01
1.398113746784795630e+01,4.349070294118115498e+01
1.400114318376679101e+01,4.381762936519952945e+01
1.402114889968562395e+01,4.390865446969609565e+01
1.404115461560445866e+01,4.535282956544020294e+01
1.406116033152329337e+01,4.565991784319075464e+01
1.408116604744212630e+01,4.575859936861335342e+01
1.410117176336095923e+01,4.696496883279790069e+01
1.412117747927979394e+01,4.728441466012901628e+01
1.414118319519862865e+01,4.724093284151438610e+01
1.416118891111746336e+01,4.825609651589152804e+01
1.418119462703629630e+01,4.806051870409842763e+01
1.420120034295512923e+01,4.856233721751899424e+01
1.422120605887396394e+01,4.904420806970280466e+01
1.424121177479279865e+01,5.021952315022420521e+01
1.426121749071163336e+01,5.097446501828355991e+01
1.428122320663046629e+01,5.049360697877654758e+01
1.430122892254929923e+01,5.173902700226008733e+01
1.432123463846813394e+01,5.145601085155906418e+01
1.434124035438696865e+01,5.157973069716349102e+01
1.436124607030580158e+01,5.133294438655451586e+01
1.438125178622463629e+01,5.147490166091626662e+01
1.440125750214346922e+01,5.220857525198317006e+01
1.442126321806230393e+01,5.166725025929465431e+01
1.444126893398113864e+01,5.170039447214967510e+01
1.446127464989997158e+01,5.145160369075692586e+01
1.448128036581880451e+01,5.099891007358248629e+01
1.450128608173763922e+01,5.013352233565831284e+01
1.452129179765647393e+01,5.053093206812765459e+01
1.454129751357530864e+01,5.011070246754137969e+01
1.456130322949414158e+01,4.889629881287940094e+01
1.458130894541297451e+01,4.966787289773281344e+01
1.460131466133180922e+01,4.829317704032886382e+01
1.462132037725064393e+01,4.853514133897886751e+01
1.464132609316947686e+01,4.790463998295208370e+01
1.466133180908831157e+01,4.772949820521918696e+01
1.468133752500714451e+01,4.680908104723374663e+01
1.470134324092597922e+01,4.707275995221736054e+01
1.472134895684481393e+01,4.576701222137379688e+01
1.474135467276364686e+01,4.616067104103721874e+01
1.476136038868247979e+01,4.621647507578906300e+01
1.478136610460131450e+01,4.590581960542692741e+01
1.480137182052014921e+01,4.588071785691949600e+01
1.482137753643898392e+01,4.604184071863353012e+01
1.484138325235781686e+01,4.566905785770765647e+01
1.486138896827664979e+01,4.634417884814634192e+01
1.488139468419548450e+01,4.618763946231332795e+01
1.490140040011431921e+01,4.564201831181824076e+01
1.492140611603315392e+01,4.622738986029602870e+01
1.494141183195198685e+01,4.536851022866439820e+01
1.496141754787081979e+01,4.480505264479931782e+01
1.498142326378965450e+01,4.443299630197468986e+01
1.500142897970848921e+01,4.404974443117736627e+01
1.502143469562732214e+01,4.373833631275793721e+01
1.504144041154615508e+01,4.314262718767130167e+01
1.506144612746498979e+01,4.231812318612969648e+01
1.508145184338382450e+01,4.059516350611002622e+01
1.510145755930265921e+01,3.956572461932526608e+01
1.512146327522149214e+01,3.906189374443023610e+01
1.514146899114032507e+01,3.787119004454547166e+01
1.516147470705915978e+01,3.584904647421648605e+01
1.518148042297799449e+01,3.520770054412196970e+01
1.520148613889682920e+01,3.453948581908059623e+01
1.522149185481566214e+01,3.330996752517790327e+01
1.524149757073449507e+01,3.139964852469504564e+01
1.526150328665332978e+01,2.984151696203633009e+01
1.528150900257216449e+01,2.920234678268136363e+01
1.530151471849099742e+01,2.834725729632220137e+01
1.532152043440983036e+01,2.784390850089177860e+01
1.534152615032866507e+01,2.634541394356843469e+01
1.536153186624749978e+01,2.579233102975565117e+01
1.538153758216633449e+01,2.532929014534663281e+01
1.540154329808516742e+01,2.474105253190521481e+01
1.542154901400400036e+01,2.496310555286334676e+01
1.544155472992283507e+01,2.488527349235911856e+01
1.546156044584166978e+01,2.318256673756643238e+01
1.548156616176050449e+01,2.418674279732143262e+01
1.550157187767933742e+01,2.442700676680861349e+01
1.552157759359817035e+01,2.391986247094450135e+01
1.554158330951700506e+01,2.379847599905798461e+01
1.556158902543583977e+01,2.418503804367026433e+01
1.558159474135467271e+01,2.442012251819249258e+01
1.560160045727350742e+01,2.492482007511027220e+01
1.562160617319234035e+01,2.583286460574373677e+01
1.564161188911117506e+01,2.544552116563031774e+01
1.566161760503000977e+01,2.586396869143695554e+01
1.568162332094884270e+01,2.664681546334955087e+01
1.570162903686767564e+01,2.622001634044086060e+01
1.572163475278651035e+01,2.697952920028449242e+01
1.574164046870534506e+01,2.739173719276591967e+01
1.576164618462417977e+01,2.759229908903583350e+01
1.578165190054301270e+01,2.798122602240635004e+01
1.580165761646184563e+01,2.884468740544933141e+01
1.582166333238068034e+01,2.864954926734047191e+01
1.584166904829951505e+01,2.975345732238443830e+01
1.586167476421834799e+01,2.980987184367487330e+01
1.588168048013718270e+01,3.022349573351864294e+01
1.590168619605601563e+01,3.036710946917722609e+01
1.592169191197485034e+01,3.084576458373259911e+01
1.594169762789368505e+01,3.146569334890831016e+01
1.596170334381251799e+01,3.088242314120628151e+01
1.598170905973135092e+01,3.236182426763932085e+01
1.600171477565018563e+01,3.215040688132803126e+01
1.602172049156902034e+01,3.204797651925587587e+01
1.604172620748785505e+01,3.287228390608794371e+01
1.606173192340668976e+01,3.335040260494754705e+01
1.608173763932552092e+01,3.355705340236740852e+01
1.610174335524435563e+01,3.381398552697085336e+01
1.612174907116319034e+01,3.317422336327376797e+01
1.614175478708202505e+01,3.361934991983135035e+01
1.616176050300085620e+01,3.508312241794327946e+01
1.618176621891969091e+01,3.413636601155022277e+01
1.620177193483852562e+01,3.546050612507976041e+01
1.622177765075736033e+01,3.552835908881951354e+01
1.624178336667619504e+01,3.521501535807100680e+01
1.626178908259502620e+01,3.562378911015309768e+01
1.628179479851386091e+01,3.568538462423179425e+01
1.630180051443269562e+01,3.607656529077916474e+01
1.632180623035153033e+01,3.710327265908352246e+01
1.634181194627036149e+01,3.685773669239153350e+01
1.636181766218919620e+01,3.798775418660343917e+01
1.638182337810803091e+01,3.835964320905619473e+01
1.640182909402686562e+01,3.905540046897678508e+01
1.642183480994570033e+01,3.898441174654078623e+01
1.644184052586453504e+01,3.893462975431015849e+01
1.646184624178336620e+01,4.024296617290008271e+01
1.648185195770220091e+01,4.087561189825488128e+01
1.650185767362103562e+01,4.048682939123706603e+01
1.652186338953986677e+01,4.065357172570496402e+01
1.654186910545870148e+01,4.116104518467288642e+01
1.656187482137753619e+01,4.150510358729233218e+01
1.658188053729637090e+01,4.226577744137979664e+01
1.660188625321520561e+01,4.187174791033748988e+01
1.662189196913404032e+01,4.172779832505333530e+01
1.664189768505287148e+01,4.126059657292363880e+01
1.666190340097170619e+01,4.173102133319552109e+01
1.668190911689054090e+01,4.069573683299714162e+01
1.670191483280937561e+01,3.995504657152216765e+01
1.672192054872820677e+01,3.927429308285694987e+01
1.674192626464704148e+01,3.797565506607900687e+01
1.676193198056587619e+01,3.669568853483156801e+01
1.678193769648471090e+01,3.650229822151159453e+01
1.680194341240354561e+01,3.489011416935611010e+01
1.682194912832238032e+01,3.325680324288239831e+01
1.684195484424121148e+01,3.186256146117098353e+01
1.686196056016004619e+01,3.094821725094504927e+01
1.688196627607888090e+01,2.868860246741590814e+01
1.690197199199771205e+01,2.781694615662829762e+01
1.692197770791654676e+01,2.586948075538398228e+01
1.694198342383538147e+01,2.464078445839599851e+01
1.696198913975421618e+01,2.405434816043254287e+01
1.698199485567305089e+01,2.204559868170985126e+01
1.700200057159188560e+01,2.128654384586428350e+01
1.702200628751071676e+01,1.993371808232101472e+01
1.704201200342955147e+01,1.928239514309235503e+01
1.706201771934838618e+01,1.865197238784734424e+01
1.708202343526722089e+01,1.773071556795108350e+01
1.710202915118605205e+01,1.702482043419932722e+01
1.712203486710488676e+01,1.663516715318596084e+01
1.714204058302372147e+01,1.651282057288191041e+01
1.716204629894255618e+01,1.609127982615164143e+01
1.718205201486139089e+01,1.629890531055718128e+01
1.720205773078022204e+01,1.651716215106207741e+01
1.722206344669905675e+01,1.651240210626014360e+01
1.724206916261789146e+01,1.522438490203023242e+01
1.726207487853672617e+01,1.586718777058521113e+01
1.728208059445555733e+01,1.546560502370559220e+01
1.730208631037439204e+01,1.583414534890851755e+01
1.732209202629322675e+01,1.577833498873951612e+01
1.734209774221206146e+01,1.632859554081139919e+01
1.736210345813089617e+01,1.647584705347868095e+01
1.738210917404973088e+01,1.634942632702345833e+01
1.740211488996856204e+01,1.613997762146463089e+01
1.742212060588739675e+01,1.697699569759675953e+01
1.744212632180623146e+01,1.737721480040619326e+01
1.746213203772506262e+01,1.707226383747329379e+01
1.748213775364389733e+01,1.777898991648243054e+01
1.750214346956273204e+01,1.837057842711117317e+01
1.752214918548156675e+01,1.814668017327058180e+01
1.754215490140040146e+01,1.885502003401047233e+01
1.756216061731923617e+01,1.886295434757706246e+01
1.758216633323806732e+01,1.867634844784834058e+01
1.760217204915690203e+01,2.010139771551845200e+01
1.762217776507573674e+01,2.032601613597396195e+01
1.764218348099457145e+01,2.022450652180197750e+01
1.766218919691340261e+01,2.118453025554928715e+01
1.768219491283223732e+01,2.017073347579897202e+01
1.770220062875107203e+01,2.088710440228136633e+01
1.772220634466990674e+01,2.133187971188171517e+01
1.774221206058874145e+01,2.184326030064939772e+01
1.776221777650757616e+01,2.136734074728300214e+01
1.778222349242640732e+01,2.211420493094559703e+01
1.780222920834524203e+01,2.278033179105443295e+01
1.782223492426407674e+01,2.339507297003656561e+01
1.784224064018290790e+01,2.342344722754652508e+01
1.786224635610174261e+01,2.331025532256583688e+01
1.788225207202057732e+01,2.401228431368234340e+01
1.790225778793941203e+01,2.386942566796557230e+01
1.792226350385824674e+01,2.450817801654367400e+01
1.794226921977708145e+01,2.468526914947850415e+01
1.796227493569591260e+01,2.501512999502068624e+01
1.798228065161474731e+01,2.562310379167000463e+01
1.800228636753358202e+01,2.567510037436088055e+01
1.802229208345241318e+01,2.583283334414611687e+01
1.804229779937124789e+01,2.631965441414009632e+01
1.806230351529008260e+01,2.637040075338620326e+01
1.808230923120891731e+01,2.687126701499512649e+01
1.810231494712775202e+01,2.721363054590016617e+01
1.812232066304658673e+01,2.772386387844683142e+01
1.814232637896542144e+01,2.763163837138050738e+01
1.816233209488425260e+01,2.806662670451140684e+01
1.818233781080308731e+01,2.848672379427577894e+01
1.820234352672191847e+01,2.819623441305228084e+01
1.822234924264075318e+01,2.859914268977313156e+01
1.824235495855958789e+01,2.854504920573627658e+01
1.826236067447842260e+01,2.834827846241562455e+01
1.828236639039725731e+01,2.903156137421237304e+01
1.830237210631609202e+01,2.825128060376276196e+01
1.832237782223492673e+01,2.761780202636146697e+01
1.834238353815375788e+01,2.723977095655302350e+01
1.836238925407259259e+01,2.680201225334420201e+01
1.838239496999142730e+01,2.641361129288155496e+01
1.840240068591025846e+01,2.564060347910670856e+01
1.842240640182909317e+01,2.491645905111924719e+01
1.844241211774792788e+01,2.355275805137326728e+01
1.846241783366676259e+01,2.311663517462492834e+01
1.848242354958559730e+01,2.249196257090290629e+01
1.850242926550443201e+01,2.156746119543348428e+01
1.852243498142326672e+01,2.004746711133712012e+01
1.854244069734209788e+01,1.984410733167688079e+01
1.856244641326093259e+01,1.891508870998364955e+01
1.858245212917976374e+01,1.749359640205780408e+01
1.860245784509859845e+01,1.705949193695778021e+01
1.862246356101743316e+01,1.673347062625203918e+01
1.864246927693626787e+01,1.490974962870792453e+01
1.866247499285510258e+01,1.470743026970843559e+01
1.868248070877393729e+01,1.392531203241501281e+01
1.870248642469277200e+01,1.429955172345307801e+01
1.872249214061160316e+01,1.356607347136103670e+01
1.874249785653043787e+01,1.273484279938453057e+01
1.876250357244927258e+01,1.282691957450894371e+01
1.878250928836810374e+01,1.262351176600736125e+01
1.880251500428693845e+01,1.149812762338196492e+01
1.882252072020577316e+01,1.106171607549313052e+01
1.884252643612460787e+01,1.059621168851291628e+01
1.886253215204344258e+01,1.134453312363008592e+01
1.888253786796227729e+01,1.166350567399843285e+01
1.890254358388111200e+01,1.126154725572999027e+01
1.892254929979994316e+01,1.069838644394666005e+01
1.894255501571877787e+01,1.104248238767816837e+01
1.896256073163760902e+01,1.039018907049712226e+01
1.898256644755644373e+01,1.115173738439232309e+01
1.900257216347527844e+01,1.192292025798044541e+01
1.902257787939411315e+01,1.146840904690151142e+01
1.904258359531294786e+01,1.088336170808628367e+01
1.906258931123178257e+01,1.170316852002745023e+01
1.908259502715061728e+01,1.175690764428337332e+01
1.910260074306944844e+01,1.103445332991968719e+01
1.912260645898828315e+01,1.164623208644784746e+01
1.914261217490711431e+01,1.127379399945245453e+01
1.916261789082594902e+01,1.090313316561793933e+01
1.918262360674478373e+01,1.237320080588955662e+01
1.920262932266361844e+01,1.178644182354466352e+01
1.922263503858245315e+01,1.142950511433031124e+01
1.924264075450128786e+01,1.216585110219266319e+01
1.926264647042012257e+01,1.172074458068682468e+01
1.928265218633895373e+01,1.158291217096275361e+01
1.930265790225778844e+01,1.134532573700397506e+01
1.932266361817662315e+01,1.125934601822371306e+01
1.934266933409545430e+01,1.121084924506756764e+01
1.936267505001428901e+01,1.130042438444493769e+01
1.938268076593312372e+01,1.180868001615862539e+01
1.940268648185195843e+01,1.134424238547338248e+01
1.942269219777079314e+01,1.194914002290823163e+01
1.944269791368962785e+01,1.103161447194723088e+01
1.946270362960846256e+01,1.165839228060738897e+01
1.948270934552729372e+01,1.139330572806553477e+01
1.950271506144612843e+01,1.203557276767988782e+01
1.952272077736495959e+01,1.196308620012874968e+01
1.954272649328379430e+01,1.183952318834649375e+01
1.956273220920262901e+01,1.232188631972696236e+01
1.958273792512146372e+01,1.271528135428502893e+01
1.960274364104029843e+01,1.287912586514664781e+01
1.962274935695913314e+01,1.361130667681074513e+01
1.964275507287796785e+01,1.405233646428691685e+01
1.966276078879679901e+01,1.366338021615153764e+01
1.968276650471563372e+01,1.419567996208261107e+01
1.970277222063446487e+01,1.406820537458591147e+01
1.972277793655329958e+01,1.396991388619144026e+01
1.974278365247213429e+01,1.459921333473891814e+01
1.976278936839096900e+01,1.490584834932774783e+01
1.978279508430980371e+01,1.486945566355794668e+01
1.980280080022863842e+01,1.547008113610126401e+01
1.982280651614747313e+01,1.532433232784817889e+01
1.984281223206630784e+01,1.585345733621825204e+01
1.986281794798513900e+01,1.596141805736226971e+01
1.988282366390397371e+01,1.600959804684828924e+01
1.990282937982280487e+01,1.655886178424201560e+01
1.992283509574163958e+01,1.616812966017075581e+01
1.994284081166047429e+01,1.633247947341878259e+01
1.996284652757930900e+01,1.660238637425105424e+01
1.998285224349814371e+01,1.609959499560553908e+01
2.000285795941697842e+01,1.717720756074093558e+01
2.002286367533581313e+01,1.662611237517714713e+01
2.004286939125464428e+01,1.658378470221073187e+01
2.006287510717347899e+01,1.689959943363258787e+01
2.008288082309231015e+01,1.665854453868028173e+01
2.010288653901114486e+01,1.653857844926125509e+01
2.012289225492997957e+01,1.692648287886547465e+01
2.014289797084881428e+01,1.608022994083799873e+01
2.016290368676764899e+01,1.597672126643191248e+01
2.018290940268648370e+01,1.559709943909776264e+01
2.020291511860531841e+01,1.510224170400388211e+01
2.022292083452414957e+01,1.521441392957355632e+01
2.024292655044298428e+01,1.505093626211778357e+01
2.026293226636181899e+01,1.577432747947067071e+01
2.028293798228065015e+01,1.528510101398989818e+01
2.030294369819948486e+01,1.472818690241125239e+01
2.032294941411831957e+01,1.524996846453796095e+01
2.034295513003715428e+01,1.514177871812243836e+01
2.036296084595598899e+01,1.515812916415433342e+01
2.038296656187482370e+01,1.548112375533903773e+01
2.040297227779365841e+01,1.615716391609685942e+01
2.042297799371248956e+01,1.597815521210384659e+01
2.044298370963132427e+01,1.637694583584536900e+01
2.046298942555015543e+01,1.638360087938987419e+01
2.048299514146899014e+01,1.693498645079886344e+01
2.050300085738782485e+01,1.697826654097778132e+01
2.052300657330665956e+01,1.645752260166337777e+01
2.054301228922549427e+01,1.763298477975795464e+01
2.056301800514432898e+01,1.777908956438016830e+01
2.058302372106316369e+01,1.759946631891549984e+01
2.060302943698199485e+01,1.919676296434364815e+01
2.062303515290082956e+01,1.845121173267911630e+01
2.064304086881966072e+01,1.919317690173674151e+01
2.066304658473849543e+01,2.022785246648652446e+01
2.068305230065733014e+01,1.960967054848034508e+01
2.070305801657616485e+01,1.990711140414256164e+01
2.072306373249499956e+01,2.133952997792563977e+01
2.074306944841383427e+01,2.091227233722575107e+01
2.076307516433266898e+01,2.114497562814650422e+01
2.078308088025150369e+01,2.213040697472566265e+01
2.080308659617033484e+01,2.214486163899784543e+01
2.082309231208916955e+01,2.132274021812573395e+01
2.084309802800800071e+01,2.145499646691106577e+01
2.086310374392683542e+01,2.205273393824358408e+01
2.088310945984567013e+01,2.204277789011877076e+01
2.090311517576450484e+01,2.194316520090494649e+01
2.092312089168333955e+01,2.160800842364782426e+01
2.094312660760217426e+01,2.101818699520827138e+01
2.096313232352100897e+01,2.082855318365835728e+01
2.098313803943984013e+01,2.047937664067074337e+01
2.100314375535867484e+01,2.062878942374166158e+01
2.102314947127750600e+01,1.941447991914386506e+01
2.104315518719634071e+01,1.811322572170680445e+01
2.106316090311517542e+01,1.878024371104984169e+01
2.108316661903401013e+01,1.837689674478042079e+01
2.110317233495284484e+01,1.662661544355893639e+01
2.112317805087167955e+01,1.643572700156659749e+01
2.114318376679051426e+01,1.626159075624734740e+01
2.116318948270934541e+01,1.558967011137512060e+01
2.118319519862818012e+01,1.499043350465529656e+01
2.120320091454701483e+01,1.459506004657619727e+01
2.122320663046584599e+01,1.503515903683994992e+01
2.124321234638468070e+01,1.480617123496534937e+01
2.126321806230351541e+01,1.467430078137024907e+01
2.128322377822235012e+01,1.447584660960825431e+01
2.130322949414118483e+01,1.444278630821009912e+01
2.132323521006001954e+01,1.360587912594436766e+01
2.134324092597885425e+01,1.437240495112362737e+01
2.136324664189768541e+01,1.458573925133590521e+01
2.138325235781652012e+01,1.431641604010216184e+01
2.140325807373535127e+01,1.503954986954746964e+01
2.142326378965418598e+01,1.509829674142555334e+01
2.144326950557302069e+01,1.492187918453443451e+01
2.146327522149185540e+01,1.525092472527002130e+01
2.148328093741069011e+01,1.596476376185960788e+01
2.150328665332952482e+01,1.554877303586537352e+01
2.152329236924835953e+01,1.651415837537441078e+01
2.154329808516719069e+01,1.741148121592194897e+01
2.156330380108602540e+01,1.703356971150353871e+01
2.158330951700485656e+01,1.783355316711919158e+01
2.160331523292369127e+01,1.822406477862421426e+01
2.162332094884252598e+01,1.821498909831769453e+01
2.164332666476136069e+01,1.967824879573492325e+01
2.166333238068019540e+01,2.000482436114477736e+01
2.168333809659903011e+01,2.021645624985949041e+01
2.170334381251786482e+01,1.996809053095017106e+01
2.172334952843669598e+01,2.146387359113606408e+01
2.174335524435553069e+01,2.200966095994148475e+01
2.176336096027436540e+01,2.345479201704050354e+01
2.178336667619319655e+01,2.356252432233610961e+01
2.180337239211203126e+01,2.473535567090912579e+01
2.182337810803086597e+01,2.525419845852561807e+01
2.184338382394970068e+01,2.606081207643825692e+01
2.186338953986853539e+01,2.648312292048088068e+01
2.188339525578737010e+01,2.739671518978907727e+01
2.190340097170620481e+01,2.874472230496252578e+01
2.192340668762503597e+01,2.972652257772718087e+01
2.194341240354387068e+01,3.166152247058089486e+01
2.196341811946270184e+01,3.252092442216607537e+01
2.198342383538153655e+01,3.297598382100532888e+01
2.200342955130037126e+01,3.444520908013470262e+01
2.202343526721920597e+01,3.510146281812475877e+01
2.204344098313804068e+01,3.706385008763222544e+01
2.206344669905687539e+01,3.841814456582849857e+01
2.208345241497571010e+01,3.880878299682466093e+01
2.210345813089454126e+01,4.008300958898329469e+01
2.212346384681337597e+01,4.127815928297287940e+01
2.214346956273221068e+01,4.322805952479905045e+01
2.216347527865104183e+01,4.400251740283819402e+01
2.218348099456987654e+01,4.414060500614690596e+01
2.220348671048871125e+01,4.592549534762709840e+01
2.222349242640754596e+01,4.688713722106489001e+01
2.224349814232638067e+01,4.836851410169319365e+01
2.226350385824521538e+01,4.943661146677762019e+01
2.228350957416405009e+01,4.888273860369312729e+01
2.230351529008288125e+01,5.042044534758912278e+01
2.232352100600171596e+01,5.139368952907344124e+01
2.234352672192054712e+01,5.206959576597581929e+01
2.236353243783938183e+01,5.294004410842500619e+01
2.238353815375821654e+01,5.386951035752564110e+01
2.240354386967705125e+01,5.505031094511048195e+01
2.242354958559588596e+01,5.618121802694763289e+01
2.244355530151472067e+01,5.593310416451667066e+01
2.246356101743355538e+01,5.746309724247937822e+01
2.248356673335238654e+01,5.741855963200853807e+01
2.250357244927122125e+01,5.817823974762995931e+01
2.252357816519005240e+01,5.945465589033847209e+01
2.254358388110888711e+01,6.053924448660883684e+01
2.256358959702772182e+01,6.149256508267312427e+01
2.258359531294655653e+01,6.260257327705741659e+01
2.260360102886539124e+01,6.292538790743004995e+01
2.262360674478422595e+01,6.543175272971808454e+01
2.264361246070306066e+01,6.627237304622445890e+01
2.266361817662189182e+01,6.666592537706964094e+01
2.268362389254072653e+01,6.779543839762473567e+01
2.270362960845956124e+01,6.845802779119696879e+01
2.272363532437839240e+01,6.920240492167437196e+01
2.274364104029722711e+01,6.953383884662081016e+01
2.276364675621606182e+01,7.046069756150718888e+01
2.278365247213489653e+01,7.029433996703022558e+01
2.280365818805373124e+01,7.049942795708885512e+01
2.282366390397256595e+01,7.048170190709373628e+01
2.284366961989140066e+01,7.120328358792930601e+01
2.286367533581023181e+01,7.023474577495942128e+01
2.288368105172906652e+01,6.982449943569001505e+01
2.290368676764789768e+01,6.877174143383055593e+01
2.292369248356673239e+01,6.931180413933198281e+01
2.294369819948556710e+01,6.795992340050413816e+01
2.296370391540440181e+01,6.721405880358396701e+01
2.298370963132323652e+01,6.547095481716601739e+01
2.300371534724207123e+01,6.300099641558705343e+01
2.302372106316090594e+01,6.307373299042410508e+01
2.304372677907973710e+01,6.082064845284143928e+01
2.306373249499857181e+01,5.965431091195427626e+01
2.308373821091740652e+01,5.741981557811665482e+01
2.310374392683623768e+01,5.585126532788051179e+01
2.312374964275507239e+01,5.473188583949300323e+01
2.314375535867390710e+01,5.341062870710371158e+01
2.316376107459274181e+01,5.145042464849174735e+01
2.318376679051157652e+01,5.042645921364798056e+01
2.320377250643041123e+01,4.884231793024910928e+01
2.322377822234924594e+01,4.818566543404152469e+01
2.324378393826807709e+01,4.712058520144024243e+01
2.326378965418691180e+01,4.707076846736467957e+01
2.328379537010574296e+01,4.521584145061930116e+01
2.330380108602457767e+01,4.496748391846827531e+01
2.332380680194341238e+01,4.430947098846419152e+01
2.334381251786224709e+01,4.353966166886989697e+01
2.336381823378108180e+01,4.276671741257950998e+01
2.338382394969991651e+01,4.194394448592455404e+01
2.340382966561875122e+01,4.124924450592182268e+01
2.342383538153758238e+01,4.047715972979276700e+01
2.344384109745641709e+01,3.917659397028439372e+01
2.346384681337524825e+01,3.859393675697652526e+01
2.348385252929408296e+01,3.721426723626006350e+01
2.350385824521291767e+01,3.611921998190416616e+01
2.352386396113175238e+01,3.455137691725501980e+01
2.354386967705058709e+01,3.306777781014056927e+01
2.356387539296942180e+01,3.105528681384257084e+01
2.358388110888825651e+01,3.104251512787869061e+01
2.360388682480708766e+01,2.898835940470337746e+01
2.362389254072592237e+01,2.783214866080017913e+01
2.364389825664475708e+01,2.666084795565374321e+01
2.366390397256358824e+01,2.525545746491427934e+01
2.368390968848242295e+01,2.366042881962717814e+01
2.370391540440125766e+01,2.220654882918751838e+01
2.372392112032009237e+01,2.097025000955961360e+01
2.374392683623892708e+01,2.079295492623265673e+01
2.376393255215776179e+01,1.916608936911557848e+01
2.378393826807659650e+01,1.812467617596090363e+01
2.380394398399542766e+01,1.793848190250104579e+01
2.382394969991426237e+01,1.701864187881361801e+01
2.384395541583309353e+01,1.706693132151118419e+01
2.386396113175192824e+01,1.664909111880565007e+01
2.388396684767076295e+01,1.563992386655803557e+01
2.390397256358959766e+01,1.576507337867930758e+01
2.392397827950843237e+01,1.368904480821890957e+01
2.394398399542726708e+01,1.436115623229123983e+01
2.396398971134610179e+01,1.376880743151050446e+01
2.398399542726493294e+01,1.377466697050929767e+01
2.400400114318376765e+01,1.388600766626744587e+01
2.402400685910260236e+01,1.251366696617951568e+01
2.404401257502143352e+01,1.263572168626779302e+01
2.406401829094026823e+01,1.348216256482092490e+01
2.408402400685910294e+01,1.275132946094993613e+01
2.410402972277793765e+01,1.225330054729444029e+01
2.412403543869677236e+01,1.263148373238142774e+01
2.414404115461560707e+01,1.144017316496910652e+01
2.416404687053444178e+01,1.158648871754391507e+01
2.418405258645327294e+01,1.187987888801178471e+01
2.420405830237210765e+01,1.087489442428983821e+01
2.422406401829093880e+01,1.202414154696468174e+01
2.424406973420977351e+01,1.106957463853474266e+01
2.426407545012860822e+01,1.162668360681303348e+01
2.428408116604744293e+01,1.079290956402870449e+01
2.430408688196627764e+01,1.016611653430753570e+01
2.432409259788511235e+01,1.067640523840495348e+01
2.434409831380394706e+01,1.064044076206487333e+01
2.436410402972277822e+01,1.031398526175721742e+01
2.438410974564161293e+01,1.085224869237538137e+01
2.440411546156044409e+01,1.068785988327015701e+01
2.442412117747927880e+01,9.664406435652741933e+00
2.444412689339811351e+01,9.745647327750241118e+00
2.446413260931694822e+01,1.050631924717444043e+01
2.448413832523578293e+01,1.039761271833605605e+01
2.450414404115461764e+01,9.989335881414984186e+00
2.452414975707345235e+01,1.027968436027579102e+01
2.454415547299228351e+01,1.038102610959517946e+01
2.456416118891111822e+01,1.028957239757660780e+01
2.458416690482995293e+01,1.078363193487698268e+01
2.460417262074878408e+01,1.117198988629303003e+01
2.462417833666761879e+01,1.087607309461084526e+01
2.464418405258645350e+01,1.101215463723075061e+01
2.466418976850528821e+01,1.150807941584615079e+01
2.468419548442412292e+01,1.084674274927796311e+01
2.470420120034295763e+01,1.169234335039618244e+01
2.472420691626179234e+01,1.234093740525834448e+01
2.474421263218062350e+01,1.202644103332954550e+01
2.476421834809945821e+01,1.262365168292945228e+01
2.478422406401828937e+01,1.328196878483963062e+01
2.480422977993712408e+01,1.248888111404031775e+01
2.482423549585595879e+01,1.247986359942948553e+01
2.484424121177479350e+01,1.298495771056098214e+01
2.486424692769362821e+01,1.357794736799120727e+01
2.488425264361246292e+01,1.349025606291620250e+01
2.490425835953129763e+01,1.401545315383368084e+01
2.492426407545012879e+01,1.486214501105934715e+01
2.494426979136896350e+01,1.466018910284042143e+01
2.496427550728779821e+01,1.551868888782205858e+01
2.498428122320662936e+01,1.551521900248952335e+01
2.500428693912546407e+01,1.597650940074142767e+01
2.502429265504429878e+01,1.596729374362631226e+01
2.504429837096313349e+01,1.586870323880841482e+01
2.506430408688196820e+01,1.593332863322854465e+01
2.508430980280080291e+01,1.688205622243036785e+01
2.510431551871963762e+01,1.718554689671154279e+01
2.512432123463846878e+01,1.756225165667698462e+01
2.514432695055730349e+01,1.799501452201003104e+01
2.516433266647613465e+01,1.785385970014867851e+01
2.518433838239496936e+01,1.845060809620524012e+01
2.520434409831380407e+01,1.913417252704235239e+01
2.522434981423263878e+01,1.934258093188462269e+01
2.524435553015147349e+01,2.017100747716351350e+01
2.526436124607030820e+01,2.024090409559880044e+01
2.528436696198914291e+01,2.013214955068664125e+01
2.530437267790797407e+01,2.083710124287706833e+01
2.532437839382680878e+01,2.135024775008342601e+01
2.534438410974563993e+01,2.117178861183229444e+01
2.536438982566447464e+01,2.190921199722174961e+01
2.538439554158330935e+01,2.263187246224661209e+01
2.540440125750214406e+01,2.180086961013406111e+01
2.542440697342097877e+01,2.222074525622061714e+01
2.544441268933981348e+01,2.284661528647479400e+01
2.546441840525864819e+01,2.225966789053476802e+01
2.548442412117747935e+01,2.316931703590577385e+01
2.550442983709631406e+01,2.324878659893870037e+01
2.552443555301514877e+01,2.418436909049008676e+01
2.554444126893397993e+01,2.382972867456041399e+01
2.556444698485281464e+01,2.401316176662200519e+01
2.558445270077164935e+01,2.371392439123679452e+01
2.560445841669048406e+01,2.410015370440009619e+01
2.562446413260931877e+01,2.415779836411136117e+01
2.564446984852815348e+01,2.386619232626931009e+01
2.566447556444698819e+01,2.402925634768939034e+01
2.568448128036581934e+01,2.302739082567002171e+01
2.570448699628465405e+01,2.398857318884327228e+01
2.572449271220348521e+01,2.450471266546934856e+01
2.574449842812231992e+01,2.437902461927316722e+01
2.576450414404115463e+01,2.385551082432315440e+01
2.578450985995998934e+01,2.426415278560892119e+01
2.580451557587882405e+01,2.508865207546751463e+01
2.582452129179765876e+01,2.486987966279415474e+01
2.584452700771649347e+01,2.460283387944206623e+01
2.586453272363532463e+01,2.503073171363686811e+01
2.588453843955415934e+01,2.470817071721727132e+01
2.590454415547299405e+01,2.574629651370435823e+01
2.592454987139182521e+01,2.567693525643434782e+01
2.594455558731065992e+01,2.572078032963959160e+01
2.596456130322949463e+01,2.635484272362813485e+01
2.598456701914832934e+01,2.717679781104773440e+01
2.600457273506716405e+01,2.649713026273319372e+01
2.602457845098599520e+01,2.781493829642874971e+01
2.604458416690482991e+01,2.824777978311968241e+01
2.606458988282366462e+01,2.825493614041916146e+01
2.608459559874249933e+01,2.938054630538630363e+01
2.610460131466133404e+01,3.076038815246364777e+01
2.612460703058016520e+01,3.095904481427290023e+01
2.614461274649899991e+01,3.130019252311612377e+01
2.616461846241783462e+01,3.320629074634457112e+01
2.618462417833666933e+01,3.375699201887847067e+01
2.620462989425550404e+01,3.459632362342379253e+01
2.622463561017433520e+01,3.551695677771336790e+01
2.624464132609316991e+01,3.689852546853649784e+01
2.626464704201200462e+01,3.863630011064880421e+01
2.628465275793083933e+01,3.858724057901039117e+01
2.630465847384967049e+01,4.043544477794903713e+01
2.632466418976850520e+01,4.220194549403889539e+01
2.634466990568733991e+01,4.297768398534544332e+01
2.636467562160617462e+01,4.407437855580275254e+01
2.638468133752500933e+01,4.553849588184567665e+01
2.640468705344384048e+01,4.739235863285888684e+01
2.642469276936267519e+01,4.901239077610955519e+01
2.644469848528150990e+01,5.056860115507165432e+01
2.646470420120034461e+01,5.123541446350586170e+01
2.648470991711917932e+01,5.242606091845797778e+01
2.650471563303801048e+01,5.308948752722849918e+01
2.652472134895684519e+01,5.442032234884965192e+01
2.654472706487567990e+01,5.652668109510186412e+01
2.656473278079451461e+01,5.698688636854948442e+01
2.658473849671334932e+01,5.774194625316879126e+01
2.660474421263218048e+01,5.893521284916423042e+01
2.662474992855101519e+01,5.882751061821189609e+01
2.664475564446984990e+01,5.882700932114234860e+01
2.666476136038868461e+01,5.946888580048469208e+01
2.668476707630751577e+01,5.987142643231302230e+01
2.670477279222635048e+01,5.943074667422003898e+01
2.672477850814518519e+01,5.903402799664797840e+01
2.674478422406401990e+01,5.833974160310631163e+01
2.676478993998285461e+01,5.860159679972757374e+01
2.678479565590168576e+01,5.826115639279912273e+01
2.680480137182052047e+01,5.705853976730782762e+01
2.682480708773935518e+01,5.548139940017814808e+01
2.684481280365818989e+01,5.539050339812907708e+01
2.686481851957702460e+01,5.427739457536458900e+01
2.688482423549585576e+01,5.325068537749419306e+01
2.690482995141469047e+01,5.194071436684362197e+01
2.692483566733352518e+01,5.161116592259432423e+01
2.694484138325235989e+01,5.118792401439003470e+01
2.696484709917119105e+01,5.017504971501179512e+01
2.698485281509002576e+01,4.917006445402006420e+01
2.700485853100886047e+01,4.892940068456201175e+01
2.702486424692769518e+01,4.889080254623276289e+01
2.704486996284652989e+01,4.889432729755275631e+01
2.706487567876536104e+01,4.894183805997825942e+01
2.708488139468419575e+01,4.845251041740874598e+01
2.710488711060303046e+01,4.982851411162695854e+01
2.712489282652186517e+01,4.946935379393303833e+01
2.714489854244069988e+01,4.981551645565551212e+01
2.716490425835953104e+01,4.999043484571171803e+01
2.718490997427836575e+01,5.115647093462044381e+01
2.720491569019720046e+01,5.185216999311558084e+01
2.722492140611603517e+01,5.323806316641230296e+01
2.724492712203486633e+01,5.405467007464851292e+01
2.726493283795370104e+01,5.403238234622533298e+01
2.728493855387253575e+01,5.523896764817224891e+01
2.730494426979137046e+01,5.575228039637077160e+01
2.732494998571020517e+01,5.678294646845428417e+01
2.734495570162903633e+01,5.722029301569354232e+01
2.736496141754787104e+01,5.849401403458126225e+01
2.738496713346670575e+01,5.736391115543201380e+01
2.740497284938554046e+01,5.810568549885580580e+01
2.742497856530437517e+01,5.822227702711744968e+01
2.744498428122320632e+01,5.757880154823645569e+01
2.746498999714204103e+01,5.758927079440564967e+01
2.748499571306087574e+01,5.679179600121951665e+01
2.750500142897971045e+01,5.671434036028243497e+01
2.752500714489854516e+01,5.465843217138002785e+01
2.754501286081737632e+01,5.339675401118815756e+01
2.756501857673621103e+01,5.238260784315355068e+01
2.758502429265504574e+01,5.088347487255134638e+01
2.760503000857388045e+01,4.941076299367052371e+01
2.762503572449271161e+01,4.765957313928760186e+01
2.764504144041154632e+01,4.586678774368893130e+01
2.766504715633038103e+01,4.465608238108887917e+01
2.768505287224921574e+01,4.300463847767451853e+01
2.770505858816805045e+01,4.200507964968824126e+01
2.772506430408688161e+01,3.942557738389409394e+01
2.774507002000571632e+01,3.863203807674443624e+01
2.776507573592455103e+01,3.787989987001608938e+01
2.778508145184338574e+01,3.666687704374216850e+01
2.780508716776222045e+01,3.560282170979622407e+01
2.782509288368105160e+01,3.522309883824003407e+01
2.784509859959988631e+01,3.401668478790355721e+01
2.786510431551872102e+01,3.402683128265151424e+01
2.788511003143755573e+01,3.356716835010775668e+01
2.790511574735638689e+01,3.404389064864486159e+01
2.792512146327522160e+01,3.350312729054406446e+01
2.794512717919405631e+01,3.292502558939573021e+01
2.796513289511289102e+01,3.292517040320214505e+01
2.798513861103172573e+01,3.321191779156084323e+01
2.800514432695055689e+01,3.259595139422235377e+01
2.802515004286939160e+01,3.254062436808948178e+01
2.804515575878822631e+01,3.260557283902964087e+01
2.806516147470706102e+01,3.180220364523352217e+01
2.808516719062589573e+01,3.166070264776189447e+01
2.810517290654472689e+01,3.203507399418094082e+01
2.812517862246356160e+01,3.138509491510021121e+01
2.814518433838239631e+01,3.037505975309129980e+01
2.816519005430123102e+01,3.077187670182762247e+01
2.818519577022006217e+01,2.947107349820531041e+01
2.820520148613889688e+01,2.866920452467089575e+01
2.822520720205773159e+01,2.753190569049809966e+01
2.824521291797656630e+01,2.841342194453910608e+01
2.826521863389540101e+01,2.681668943166424413e+01
2.828522434981423217e+01,2.577675064086295720e+01
2.830523006573306688e+01,2.547656542222842901e+01
2.832523578165190159e+01,2.435906361694275546e+01
2.834524149757073630e+01,2.468418709524716803e+01
2.836524721348957101e+01,2.357733171702554387e+01
2.838525292940840217e+01,2.305611413989511504e+01
2.840525864532723688e+01,2.217469575913127500e+01
2.842526436124607159e+01,2.260034898513477586e+01
2.844527007716490630e+01,2.214069762341390657e+01
2.846527579308374101e+01,2.151273204636491698e+01
2.848528150900257216e+01,2.125559057364822024e+01
2.850528722492140687e+01,2.055059108879822105e+01
2.852529294084024158e+01,2.077039455818409053e+01
2.854529865675907629e+01,2.093569724228863649e+01
2.856530437267790745e+01,2.133061937862784418e+01
2.858531008859674216e+01,2.154365148630768800e+01
2.860531580451557687e+01,2.141991344877752113e+01
2.862532152043441158e+01,2.040431595572211521e+01
2.864532723635324629e+01,2.068905943613545872e+01
2.866533295227207745e+01,2.133708500520471318e+01
2.868533866819091216e+01,2.084348255665339877e+01
2.870534438410974687e+01,2.143400111052367762e+01
2.872535010002858158e+01,2.017714184619149975e+01
2.874535581594741629e+01,2.052133942436445935e+01
2.876536153186624745e+01,2.068474051727022811e+01
2.878536724778508216e+01,2.093214173737741746e+01
2.880537296370391687e+01,2.058956322177215270e+01
2.882537867962275158e+01,2.146602346285992979e+01
2.884538439554158273e+01,2.118679980916506622e+01
2.886539011146041744e+01,2.188841422717241869e+01
2.888539582737925215e+01,2.124182650095366398e+01
2.890540154329808686e+01,2.149124696687825775e+01
2.892540725921692157e+01,2.127144409132511171e+01
2.894541297513575273e+01,2.211955381116392516e+01
2.896541869105458744e+01,2.258671317367246445e+01
2.898542440697342215e+01,2.207751715781997959e+01
2.900543012289225686e+01,2.324513392521587463e+01
2.902543583881109157e+01,2.286473500249068991e+01
2.904544155472992273e+01,2.392916478769753041e+01
2.906544727064875744e+01,2.390120629166332833e+01
2.908545298656759215e+01,2.553058364783910861e+01
2.910545870248642686e+01,2.487379207349744803e+01
2.912546441840525802e+01,2.695037550282560801e+01
2.914547013432409273e+01,2.640643427690659450e+01
2.916547585024292744e+01,2.721599107203257972e+01
2.918548156616176215e+01,2.872739313217474333e+01
2.920548728208059686e+01,2.846685475752975236e+01
2.922549299799942801e+01,2.886776600107465640e+01
2.924549871391826272e+01,2.986384156629749498e+01
2.926550442983709743e+01,2.972774282161731918e+01
2.928551014575593214e+01,3.057544661993309631e+01
2.930551586167476685e+01,3.021024199146372169e+01
2.932552157759359801e+01,3.028971529149120556e+01
2.934552729351243272e+01,3.054889067872871777e+01
2.936553300943126743e+01,2.986425245864756306e+01
2.938553872535010214e+01,3.050066722361633609e+01
2.940554444126893330e+01,3.008811174643097885e+01
2.942555015718776801e+01,2.892228247657676476e+01
2.944555587310660272e+01,2.891104912199743993e+01
2.946556158902543743e+01,2.853266515279008075e+01
2.948556730494427214e+01,2.735004648955432316e+01
2.950557302086310330e+01,2.675633849273412679e+01
2.952557873678193801e+01,2.580654281858743460e+01
2.954558445270077272e+01,2.543961495936725825e+01
2.956559016861960743e+01,2.337914481172134273e+01
2.958559588453844214e+01,2.308846111146675284e+01
2.960560160045727329e+01,2.240570612770296322e+01
2.962560731637610800e+01,2.150403460178858950e+01
2.964561303229494271e+01,2.070536994718307611e+01
2.966561874821377742e+01,1.947367493652679116e+01
2.968562446413261213e+01,1.984440534285943869e+01
2.970563018005144329e+01,1.844533009815027924e+01
2.972563589597027800e+01,1.855318315252043959e+01
2.974564161188911271e+01,1.779964516230494098e+01
2.976564732780794742e+01,1.780985394292914137e+01
2.978565304372677858e+01,1.668782892745537794e+01
2.980565875964561329e+01,1.664852730889752408e+01
2.982566447556444800e+01,1.692941832398578583e+01
2.984567019148328271e+01,1.720304905287482811e+01
2.986567590740211742e+01,1.697646070125112772e+01
2.988568162332094857e+01,1.657623794400942785e+01
2.990568733923978328e+01,1.760379636952479387e+01
2.992569305515861799e+01,1.780250972009648081e+01
2.994569877107745270e+01,1.742276031185753737e+01
2.996570448699628741e+01,1.779888808332384897e+01
2.998571020291511857e+01,1.803380086969929152e+01
3.000571591883395328e+01,1.791558062784919159e+01
3.002572163475278799e+01,1.866355710829659387e+01
3.004572735067162270e+01,1.928943826870028388e+01
3.006573306659045386e+01,1.870055356512469302e+01
3.008573878250928857e+01,1.939361885397586960e+01
3.010574449842812328e+01,1.894218334762800637e+01
3.012575021434695799e+01,1.969425442061812959e+01
3.014575593026579270e+01,2.002497277894758554e+01
3.016576164618462386e+01,2.008793022133822959e+01
3.018576736210345857e+01,1.987407986653735037e+01
3.020577307802229328e+01,1.987670054888306836e+01
3.022577879394112799e+01,1.992561134986904747e+01
3.024578450985996270e+01,2.041482018729232095e+01
3.026579022577879385e+01,1.967655362356650528e+01
3.028579594169762856e+01,1.923785073258726541e+01
3.030580165761646327e+01,1.942357661852198092e+01
3.032580737353529798e+01,1.834158651140165830e+01
3.034581308945412914e+01,1.856633501789826113e+01
3.036581880537296385e+01,1.773168453601349270e+01
3.038582452129179856e+01,1.756623380503178211e+01
3.040583023721063327e+01,1.665979756383052290e+01
3.042583595312946798e+01,1.630249310460531831e+01
3.044584166904829914e+01,1.679419634457405053e+01
3.046584738496713385e+01,1.587534244809224759e+01
3.048585310088596856e+01,1.547140778813498585e+01
3.050585881680480327e+01,1.521922797524216797e+01
3.052586453272363798e+01,1.521502592631080830e+01
3.054587024864246914e+01,1.470067980746745562e+01
3.056587596456130385e+01,1.569099344505261584e+01
3.058588168048013856e+01,1.474712865060951117e+01
3.060588739639897327e+01,1.628304759893120135e+01
3.062589311231780798e+01,1.603472388488844302e+01
3.064589882823663913e+01,1.634407058217858832e+01
3.066590454415547384e+01,1.686601199887726921e+01
3.068591026007430855e+01,1.795266000918847382e+01
3.070591597599314326e+01,1.715708333712032996e+01
3.072592169191197442e+01,1.837529915954766224e+01
3.074592740783080913e+01,1.831174475142165647e+01
3.076593312374964384e+01,1.980357151288502493e+01
3.078593883966847855e+01,2.001751340571733806e+01
3.080594455558731326e+01,2.053414312066866643e+01
3.082595027150614442e+01,2.196176490730288222e+01
3.084595598742497913e+01,2.284995150382673756e+01
3.086596170334381384e+01,2.375796299671815603e+01
3.088596741926264855e+01,2.450283851385930234e+01
3.090597313518148326e+01,2.547877722354812846e+01
3.092597885110031442e+01,2.532410681743115077e+01
3.094598456701914913e+01,2.623280552504768082e+01
3.096599028293798384e+01,2.690032606770033397e+01
3.098599599885681855e+01,2.816221388991542085e+01
3.100600171477564970e+01,2.881461853746341006e+01
3.102600743069448441e+01,2.937595363117997493e+01
3.104601314661331912e+01,3.064811125354435717e+01
3.106601886253215383e+01,2.993085414050794668e+01
3.108602457845098854e+01,3.058239574302997354e+01
3.110603029436981970e+01,3.014872622563436266e+01
3.112603601028865441e+01,3.078577081262161386e+01
3.114604172620748912e+01,3.121263282396246908e+01
3.116604744212632383e+01,3.107356995954004475e+01
3.118605315804515854e+01,3.069127376965381870e+01
3.120605887396398970e+01,3.062626678120003376e+01
3.122606458988282441e+01,2.966706293435671427e+01
3.124607030580165912e+01,2.962189310144598409e+01
3.126607602172049383e+01,2.885031430707459066e+01
3.128608173763932498e+01,2.895762073192066310e+01
3.130608745355815969e+01,2.770422818420778199e+01
3.132609316947699440e+01,2.771685443386353853e+01
3.134609888539582911e+01,2.734545235083738035e+01
3.136610460131466382e+01,2.633915620376279776e+01
3.138611031723349498e+01,2.642507643442747423e+01
3.140611603315232969e+01,2.552088346562674204e+01
3.142612174907116440e+01,2.467981538936380304e+01
3.144612746498999911e+01,2.405801256842100599e+01
3.146613318090883382e+01,2.452813112948449259e+01
3.148613889682766498e+01,2.399923245396169591e+01
3.150614461274649969e+01,2.331260976652480110e+01
3.152615032866533440e+01,2.234011115274643799e+01
3.154615604458416911e+01,2.225360814994391845e+01
3.156616176050300382e+01,2.162757977625254568e+01
3.158616747642183498e+01,2.070871620033184968e+01
3.160617319234066969e+01,2.023504517005969916e+01
3.162617890825950440e+01,2.000027486978847335e+01
3.164618462417833911e+01,1.922599765281040618e+01
3.166619034009717026e+01,1.847343077234938136e+01
3.168619605601600497e+01,1.958019664676907823e+01
3.170620177193483968e+01,1.856700393191511012e+01
3.172620748785367439e+01,1.887884210340635605e+01
3.174621320377250910e+01,1.778587902181991254e+01
3.176621891969134026e+01,1.780224476706167280e+01
3.178622463561017497e+01,1.747453073378510879e+01
3.180623035152900968e+01,1.701101178110190659e+01
3.182623606744784439e+01,1.744659115260464688e+01
3.184624178336667910e+01,1.716350758883172034e+01
3.186624749928551026e+01,1.753295244366827532e+01
3.188625321520434497e+01,1.720537193531684750e+01
3.190625893112317968e+01,1.812089012412717182e+01
3.192626464704201439e+01,1.782162091281186989e+01
3.194627036296084555e+01,1.871516559306325789e+01
3.196627607887968026e+01,1.906316047089107357e+01
3.198628179479851497e+01,1.941414533212844518e+01
3.200628751071734968e+01,2.036449372778422173e+01
3.202629322663618439e+01,2.039300735158408528e+01
3.204629894255501199e+01,2.131843866643602325e+01
3.206630465847385381e+01,2.265203775999814440e+01
3.208631037439268141e+01,2.313501901972836805e+01
3.210631609031152323e+01,2.491135378798169953e+01
3.212632180623035083e+01,2.595702149676992576e+01
3.214632752214918554e+01,2.642449368410342458e+01
3.216633323806802025e+01,2.801556383676647499e+01
3.218633895398685496e+01,2.946299056593316834e+01
3.220634466990568967e+01,3.023586088257008697e+01
3.222635038582451728e+01,3.170728087038026644e+01
3.224635610174335909e+01,3.323118896902373365e+01
3.226636181766218670e+01,3.391334050708267966e+01
3.228636753358102851e+01,3.526012335790319696e+01
3.230637324949985612e+01,3.628808985401494169e+01
3.232637896541869083e+01,3.726702358371823465e+01
3.234638468133752554e+01,3.793055417897900128e+01
3.236639039725636025e+01,3.887714226004658258e+01
3.238639611317519496e+01,3.921792184661951808e+01
3.240640182909402967e+01,4.021437955988282908e+01
3.242640754501286438e+01,4.051289076870695283e+01
3.244641326093169198e+01,4.208123419957696854e+01
3.246641897685053380e+01,4.194326192051370583e+01
3.248642469276936140e+01,4.188220168128125920e+01
3.250643040868819611e+01,4.225498910676100195e+01
3.252643612460703082e+01,4.153631730824405821e+01
3.254644184052586553e+01,4.245378038998763515e+01
3.256644755644470024e+01,4.215464485345282242e+01
3.258645327236353495e+01,4.174796494500009203e+01
3.260645898828236966e+01,4.145561225875823652e+01
3.262646470420119726e+01,4.065367084139867870e+01
3.264647042012003908e+01,4.026840502424085599e+01
3.266647613603886668e+01,4.053073117848394702e+01
3.268648185195770850e+01,3.924756536270786711e+01
3.270648756787653610e+01,3.874322166564365943e+01
3.272649328379537081e+01,3.757780783534977331e+01
3.274649899971420552e+01,3.688832184204254361e+01
3.276650471563304023e+01,3.625941451538877658e+01
3.278651043155187494e+01,3.479783470291186376e+01
3.280651614747070255e+01,3.452179421015569005e+01
3.282652186338954436e+01,3.362474698035742193e+01
3.284652757930837197e+01,3.242159304563865874e+01
3.286653329522721378e+01,3.144851361279284419e+01
3.288653901114604139e+01,3.104424858403636023e+01
3.290654472706487610e+01,3.120015132260865443e+01
3.292655044298371081e+01,2.932719001683102533e+01
3.294655615890254552e+01,2.953739154357783292e+01
3.296656187482138023e+01,2.871574638359419396e+01
3.298656759074020783e+01,2.857957706188383185e+01
3.300657330665904965e+01,2.763192747504449187e+01
3.302657902257787725e+01,2.755188348429509659e+01
3.304658473849671907e+01,2.766430493708694627e+01
3.306659045441554667e+01,2.749470219953714789e+01
3.308659617033438138e+01,2.717095333385854516e+01
3.310660188625321609e+01,2.635750468250557432e+01
3.312660760217205080e+01,2.647094020127197922e+01
3.314661331809088551e+01,2.564565696347751356e+01
3.316661903400971312e+01,2.604940183228513462e+01
3.318662474992855493e+01,2.557699023588851972e+01
3.320663046584738254e+01,2.457889944016347528e+01
3.322663618176622435e+01,2.492138340109575267e+01
3.324664189768505196e+01,2.481039177161723330e+01
3.326664761360388667e+01,2.441752191379423209e+01
3.328665332952272138e+01,2.387402277264815353e+01
3.330665904544155609e+01,2.383351498711178706e+01
3.332666476136039080e+01,2.346433946457998587e+01
3.334667047727922551e+01,2.289125530039207490e+01
3.336667619319806022e+01,2.297519461270248442e+01
3.338668190911688782e+01,2.272171988349304428e+01
3.340668762503572964e+01,2.265691400229677299e+01
3.342669334095455724e+01,2.253767663395147025e+01
3.344669905687339195e+01,2.244699562311738106e+01
3.346670477279222666e+01,2.178054674406596547e+01
3.348671048871106137e+01,2.181906162746999200e+01
3.350671620462989608e+01,2.168395190008187612e+01
3.352672192054873079e+01,2.103829488180572582e+01
3.354672763646756550e+01,2.101607931483527381e+01
3.356673335238639311e+01,2.022024785891099441e+01
3.358673906830523492e+01,2.017366152132276014e+01
3.360674478422406253e+01,2.030248361918082267e+01
3.362675050014290434e+01,1.901042018584023552e+01
3.364675621606173195e+01,1.933169828729274542e+01
3.366676193198056666e+01,1.891566408019784262e+01
3.368676764789940137e+01,1.784058143345825087e+01
3.370677336381823608e+01,1.775101029872828917e+01
3.372677907973707079e+01,1.701343682293820692e+01
3.374678479565589839e+01,1.644560284685093166e+01
3.376679051157474021e+01,1.607278684057637008e+01
3.378679622749356781e+01,1.574099961981480611e+01
3.380680194341240963e+01,1.516664774358961054e+01
3.382680765933123723e+01,1.460948073817302451e+01
3.384681337525007194e+01,1.403544921117929789e+01
3.386681909116890665e+01,1.360209214809191280e+01
3.388682480708774136e+01,1.289827886976717508e+01
3.390683052300657607e+01,1.343473531966113299e+01
3.392683623892540368e+01,1.319825387513790105e+01
3.394684195484424549e+01,1.298362353641573819e+01
3.396684767076307310e+01,1.198467009951184181e+01
3.398685338668191491e+01,1.234820831328240232e+01
3.400685910260074252e+01,1.214686968885312801e+01
3.402686481851957723e+01,1.191561764348197627e+01
3.404687053443841194e+01,1.274572945025342818e+01
3.406687625035724665e+01,1.307160798573982063e+01
3.408688196627608136e+01,1.221551086125624508e+01
3.410688768219490896e+01,1.258536745603852403e+01
3.412689339811375078e+01,1.254800608556628738e+01
3.414689911403257838e+01,1.308274997764351255e+01
3.416690482995142020e+01,1.361490805578259966e+01
3.418691054587024780e+01,1.405332625515804068e+01
3.420691626178908251e+01,1.487924862062573794e+01
3.422692197770791722e+01,1.489678084243089273e+01
3.424692769362675193e+01,1.467522147269014354e+01
3.426693340954558664e+01,1.551140257924219057e+01
3.428693912546442135e+01,1.625794592958345675e+01
3.430694484138325606e+01,1.763557082849899160e+01
3.432695055730208367e+01,1.827153487903572682e+01
3.434695627322092548e+01,1.816176176468020032e+01
3.436696198913975309e+01,1.888575451309488784e+01
3.438696770505858780e+01,1.904428349953779431e+01
3.440697342097742251e+01,1.952822366303759694e+01
3.442697913689625722e+01,2.061474443190163441e+01
3.444698485281509193e+01,2.145572055646977816e+01
3.446699056873392664e+01,2.248922126852225034e+01
3.448699628465276135e+01,2.333271183695276108e+01
3.450700200057158895e+01,2.277496406312117116e+01
3.452700771649043077e+01,2.391349098136853613e+01
3.454701343240925837e+01,2.357282839562865107e+01
3.456701914832810019e+01,2.436383739151951389e+01
3.458702486424692779e+01,2.492045282942261508e+01
3.460703058016576250e+01,2.444979770962810761e+01
3.462703629608459721e+01,2.493649103991891636e+01
3.464704201200343192e+01,2.508927179781105110e+01
3.466704772792226663e+01,2.518178428975145522e+01
3.468705344384109424e+01,2.611191929115924637e+01
3.470705915975993605e+01,2.584860214905138776e+01
3.472706487567876366e+01,2.553863409812664642e+01
3.474707059159760547e+01,2.607823186832016304e+01
3.476707630751643308e+01,2.518609628605603845e+01
3.478708202343526779e+01,2.501134601541378544e+01
3.480708773935410250e+01,2.391501017636264947e+01
3.482709345527293721e+01,2.464043685865303956e+01
3.484709917119177192e+01,2.346886756576370914e+01
3.486710488711059952e+01,2.289606059796173554e+01
3.488711060302944134e+01,2.212166686325562637e+01
3.490711631894826894e+01,2.244963199263599307e+01
3.492712203486711076e+01,2.155981633579133927e+01
3.494712775078593836e+01,2.103171947761455840e+01
3.496713346670477307e+01,2.083372751517292443e+01
3.498713918262360778e+01,1.953088062489766230e+01
3.500714489854244249e+01,1.881620216927753120e+01
3.502715061446127720e+01,1.925309402603488351e+01
3.504715633038010481e+01,1.826345187564855266e+01
3.506716204629894662e+01,1.847654890176054820e+01
3.508716776221777423e+01,1.715325732414383353e+01
3.510717347813661604e+01,1.745926526939985735e+01
3.512717919405544365e+01,1.697542969704409543e+01
3.514718490997427836e+01,1.745285333789490423e+01
3.516719062589311307e+01,1.672006421363344941e+01
3.518719634181194778e+01,1.667704038414385082e+01
3.520720205773078249e+01,1.723345293178659432e+01
3.522720777364961720e+01,1.686207705033918813e+01
3.524721348956845191e+01,1.670479825853287537e+01
3.526721920548727951e+01,1.765340156836254337e+01
3.528722492140612133e+01,1.717975022485219583e+01
3.530723063732494893e+01,1.834308422011150341e+01
3.532723635324378364e+01,1.896191657607220193e+01
3.534724206916261835e+01,1.845981490998981656e+01
3.536724778508145306e+01,1.842027167532953058e+01
3.538725350100028777e+01,1.823438700340835084e+01
3.540725921691912248e+01,1.891929068885709597e+01
3.542726493283795719e+01,1.901862871101535646e+01
3.544727064875678479e+01,1.878481644115566240e+01
3.546727636467562661e+01,1.929341163292508554e+01
3.548728208059445421e+01,1.986963830545468568e+01
3.550728779651329603e+01,1.993294437782544293e+01
3.552729351243212363e+01,2.093323627424539524e+01
3.554729922835095834e+01,2.061787207191349580e+01
3.556730494426979305e+01,2.076494766456621477e+01
3.558731066018862776e+01,2.001132706708249742e+01
3.560731637610746247e+01,2.080552487831337771e+01
3.562732209202629008e+01,2.144975350426233973e+01
3.564732780794513189e+01,2.010829011715429004e+01
3.566733352386395950e+01,2.052748440512031181e+01
3.568733923978280131e+01,2.113944158400484596e+01
3.570734495570162892e+01,2.027005303681819726e+01
3.572735067162046363e+01,2.012117690668912218e+01
3.574735638753929834e+01,2.019067689225460072e+01
3.576736210345813305e+01,1.982896003039697774e+01
3.578736781937696776e+01,2.002242129820215055e+01
3.580737353529579536e+01,1.932929323839034197e+01
3.582737925121463718e+01,1.887417492579564993e+01
3.584738496713346478e+01,1.915401864663538234e+01
3.586739068305230660e+01,1.957839833207466285e+01
3.588739639897113420e+01,1.940902814466790716e+01
3.590740211488996891e+01,1.811495682807113994e+01
3.592740783080880362e+01,1.883688632458597212e+01
3.594741354672763833e+01,1.884162218085717200e+01
3.596741926264647304e+01,1.840958748711035042e+01
3.598742497856530065e+01,1.891354884504200129e+01
3.600743069448414246e+01,1.876561727210836494e+01
3.602743641040297007e+01,1.803056404354936859e+01
3.604744212632181188e+01,1.820757443092504957e+01
3.606744784224063949e+01,1.755385909474945549e+01
3.608745355815947420e+01,1.804938850616962753e+01
3.610745927407830891e+01,1.681152019712970969e+01
3.612746498999714362e+01,1.671408731046888008e+01
3.614747070591597833e+01,1.710419790363744852e+01
3.616747642183481304e+01,1.633850761870365531e+01
3.618748213775364775e+01,1.731863112445949326e+01
3.620748785367247535e+01,1.624932705509268160e+01
3.622749356959131717e+01,1.502588116118280936e+01
3.624749928551014477e+01,1.564246690552000807e+01
3.626750500142897948e+01,1.443092308732085627e+01
3.628751071734781419e+01,1.505780676543069774e+01
3.630751643326664890e+01,1.459505534793184900e+01
3.632752214918548361e+01,1.431378863239464749e+01
3.634752786510431832e+01,1.391022122376047321e+01
3.636753358102315303e+01,1.337800479973034129e+01
3.638753929694198064e+01,1.343067508035441016e+01
3.640754501286082245e+01,1.288638343764167971e+01
3.642755072877965006e+01,1.346479548410985672e+01
3.644755644469849187e+01,1.311991442055561308e+01
3.646756216061731948e+01,1.329377979987732772e+01
3.648756787653615419e+01,1.302523544278404977e+01
3.650757359245498890e+01,1.328029246862183754e+01
3.652757930837382361e+01,1.296989877358710253e+01
3.654758502429265832e+01,1.328447770490041790e+01
3.656759074021148592e+01,1.425712839395690779e+01
3.658759645613032774e+01,1.448810035523805695e+01
3.660760217204915534e+01,1.424692423425991272e+01
3.662760788796799716e+01,1.543841748646688039e+01
3.664761360388682476e+01,1.521517545543051497e+01
3.666761931980565947e+01,1.658586761995280057e+01
3.668762503572449418e+01,1.632981328255204545e+01
3.670763075164332889e+01,1.763294243029157116e+01
3.672763646756216360e+01,1.816079443404768057e+01
3.674764218348099121e+01,1.933876514673345426e+01
3.676764789939983302e+01,2.023203112767585310e+01
3.678765361531866063e+01,2.064401102056994119e+01
3.680765933123750244e+01,2.087411118758813444e+01
3.682766504715633005e+01,2.217341444772129933e+01
3.684767076307516476e+01,2.265323063557027794e+01
3.686767647899399947e+01,2.380118843290524921e+01
3.688768219491283418e+01,2.475875805159816423e+01
3.690768791083166889e+01,2.539192923598628937e+01
3.692769362675049649e+01,2.631855463385564065e+01
3.694769934266933831e+01,2.637865653332770677e+01
3.696770505858816591e+01,2.716313302557073328e+01
3.698771077450700773e+01,2.731950277015982209e+01
3.700771649042583533e+01,2.795627806950192706e+01
3.702772220634467004e+01,2.841409432041540128e+01
3.704772792226350475e+01,2.894013704019256039e+01
3.706773363818233946e+01,2.957363889793492007e+01
3.708773935410117417e+01,2.903867563715357036e+01
3.710774507002000888e+01,2.922524215680626725e+01
3.712775078593884359e+01,2.829843478404519175e+01
3.714775650185767120e+01,2.831176635769106298e+01
3.716776221777651301e+01,2.897494594393008427e+01
3.718776793369534062e+01,2.890819220317778360e+01
3.720777364961417533e+01,2.818544900030419242e+01
3.722777936553301004e+01,2.702824950711730168e+01
3.724778508145184475e+01,2.762078344426665666e+01
3.726779079737067946e+01,2.689129974586102279e+01
3.728779651328951417e+01,2.559808569688288316e+01
3.730780222920834888e+01,2.597411765073134760e+01
3.732780794512717648e+01,2.474918736298514332e+01
3.734781366104601830e+01,2.388282736243036197e+01
3.736781937696484590e+01,2.310851041466170130e+01
3.738782509288368772e+01,2.178486103930429962e+01
3.740783080880251532e+01,2.168313811882660502e+01
3.742783652472135003e+01,2.091428490026697062e+01
3.744784224064018474e+01,2.060072491568794106e+01
3.746784795655901945e+01,1.926759825162265471e+01
3.748785367247785416e+01,1.814024026573501303e+01
3.750785938839668177e+01,1.757719063266180726e+01
3.752786510431552358e+01,1.754395964464784896e+01
3.754787082023435119e+01,1.778450662560829443e+01
3.756787653615319300e+01,1.651234787722124508e+01
3.758788225207202061e+01,1.674827034681780802e+01
3.760788796799085532e+01,1.617111737810280303e+01
3.762789368390969003e+01,1.652404809560290033e+01
3.764789939982852474e+01,1.624812755357101679e+01
3.766790511574735945e+01,1.622956821294546259e+01
3.768791083166618705e+01,1.664150639177876911e+01
3.770791654758502887e+01,1.580561033376566016e+01
3.772792226350385647e+01,1.700315238731319667e+01
3.774792797942269829e+01,1.757555199619818964e+01
3.776793369534152589e+01,1.726209921975137718e+01
3.778793941126036060e+01,1.753802147809326684e+01
3.780794512717919531e+01,1.857150175009937243e+01
3.782795084309803002e+01,1.877256299432849573e+01
3.784795655901686473e+01,1.924327228939469592e+01
3.786796227493569234e+01,2.028329642553229206e+01
3.788796799085453415e+01,2.017656119340699661e+01
3.790797370677336176e+01,2.027476336447272942e+01
3.792797942269220357e+01,2.203748911847867120e+01
3.794798513861103118e+01,2.191859131072810030e+01
3.796799085452986589e+01,2.244407378401356112e+01
3.798799657044870060e+01,2.255065288981110783e+01
3.800800228636753531e+01,2.359251687022668875e+01
3.802800800228637002e+01,2.378287840619830362e+01
3.804801371820520473e+01,2.396243772133908578e+01
3.806801943412403944e+01,2.350568047420475182e+01
3.808802515004286704e+01,2.339749247844343216e+01
3.810803086596170886e+01,2.313620083827627028e+01
3.812803658188053646e+01,2.413181765626116260e+01
3.814804229779937117e+01,2.370166852105192845e+01
3.816804801371820588e+01,2.348904793187597306e+01
3.818805372963704059e+01,2.313067632918794203e+01
3.820805944555587530e+01,2.391968424829222784e+01
3.822806516147471001e+01,2.380521113989646409e+01
3.824807087739354472e+01,2.336995873085996323e+01
3.826807659331237232e+01,2.347885197185144079e+01
3.828808230923121414e+01,2.244097297446463202e+01
3.830808802515004174e+01,2.327971409800864677e+01
3.832809374106888356e+01,2.236519847217554258e+01
3.834809945698771116e+01,2.281496113222056010e+01
3.836810517290654587e+01,2.323684502434317167e+01
3.838811088882538058e+01,2.250008634812085972e+01
3.840811660474421529e+01,2.255730964666951976e+01
3.842812232066305000e+01,2.280143494972421792e+01
3.844812803658187761e+01,2.197528740854093243e+01
3.846813375250071942e+01,2.187711671301891414e+01
3.848813946841954703e+01,2.216977157540411270e+01
3.850814518433838884e+01,2.153468243523928294e+01
3.852815090025721645e+01,2.116636103914340694e+01
3.854815661617605116e+01,2.132547623984252638e+01
3.856816233209488587e+01,2.229724464524096561e+01
3.858816804801372058e+01,2.202675736384458105e+01
3.860817376393255529e+01,2.106475216901782588e+01
3.862817947985138289e+01,2.093008337584358003e+01
3.864818519577022471e+01,2.076153300065336182e+01
3.866819091168905231e+01,2.136621387829895724e+01
3.868819662760789413e+01,2.137843733769581434e+01
3.870820234352672173e+01,2.195803113050350674e+01
3.872820805944555644e+01,2.120397461689974961e+01
3.874821377536439115e+01,2.141161261826437823e+01
3.876821949128322586e+01,2.114398303930288847e+01
3.878822520720206057e+01,2.057813552713917105e+01
3.880823092312088818e+01,2.133670275961717522e+01
3.882823663903972999e+01,2.200746907250864126e+01
3.884824235495855760e+01,2.114431798701208010e+01
3.886824807087739941e+01,2.085976849206352313e+01
3.888825378679622702e+01,2.192166168230251344e+01
3.890825950271506173e+01,2.164888582535173356e+01
3.892826521863389644e+01,2.169951317942230418e+01
3.894827093455273115e+01,2.102469545982047094e+01
3.896827665047156586e+01,2.122116421905018768e+01
3.898828236639040057e+01,2.187415634065570202e+01
3.900828808230923528e+01,2.137900877894564999e+01
3.902829379822806288e+01,2.070782049071717523e+01
3.904829951414690470e+01,2.067438410902548185e+01
3.906830523006573230e+01,2.046115019142344238e+01
3.908831094598456701e+01,2.091529132867636065e+01
3.910831666190340172e+01,2.031347331852250448e+01
3.912832237782223643e+01,2.009610370348583785e+01
3.914832809374107114e+01,1.948586496631466147e+01
3.916833380965990585e+01,1.966151793973083883e+01
3.918833952557874056e+01,1.914133574480405287e+01
3.920834524149756817e+01,1.889734897253436330e+01
3.922835095741640998e+01,1.893935341626768931e+01
3.924835667333523759e+01,1.793804296044334734e+01
3.926836238925407940e+01,1.688628936863781860e+01
3.928836810517290701e+01,1.734241459756832526e+01
3.930837382109174172e+01,1.673565267488820041e+01
3.932837953701057643e+01,1.636411948650670212e+01
3.934838525292941114e+01,1.579738390672948967e+01
3.936839096884824585e+01,1.503702284946268364e+01
3.938839668476707345e+01,1.486676203377359151e+01
3.940840240068591527e+01,1.367586946778458845e+01
3.942840811660474287e+01,1.406874829948349159e+01
3.944841383252358469e+01,1.319943376516905431e+01
3.946841954844241229e+01,1.268566409623365487e+01
3.948842526436124700e+01,1.164030357716202246e+01
3.950843098028008171e+01,1.221657013010766946e+01
3.952843669619891642e+01,1.106161682039654259e+01
3.954844241211775113e+01,1.074175499138731027e+01
3.956844812803657874e+01,1.187657209990738849e+01
3.958845384395542055e+01,1.134785607187165901e+01
3.960845955987424816e+01,1.044861735903828048e+01
3.962846527579308997e+01,1.076346661692280193e+01
3.964847099171191758e+01,1.073535455152085305e+01
3.966847670763075229e+01,1.061636842001236047e+01
3.968848242354958700e+01,1.123158739190068367e+01
3.970848813946842171e+01,1.053742356936224667e+01
3.972849385538725642e+01,1.066015636480683781e+01
3.974849957130608402e+01,1.036307198296945131e+01
3.976850528722492584e+01,1.020501669692198377e+01
3.978851100314375344e+01,1.115440300963048514e+01
3.980851671906259526e+01,1.080538506199001603e+01
3.982852243498142286e+01,1.135762948645310644e+01
3.984852815090025757e+01,1.097756548581224934e+01
3.986853386681909228e+01,1.085079376863312817e+01
3.988853958273792699e+01,1.138994470174393747e+01
3.990854529865676170e+01,1.143504591630416556e+01
3.992855101457559641e+01,1.124565693817810086e+01
3.994855673049443112e+01,1.162861469484738564e+01
3.996856244641325873e+01,1.202681876728583177e+01
3.998856816233210054e+01,1.236583606754345865e+01
4.000857387825092815e+01,1.125812628471552124e+01
4.002857959416976286e+01,1.249825032930551494e+01
4.004858531008859757e+01,1.231930027402923145e+01
4.006859102600743228e+01,1.261176465224651899e+01
4.008859674192626699e+01,1.264152832539043736e+01
4.010860245784510170e+01,1.281280876738147434e+01
4.012860817376393641e+01,1.368413298867447914e+01
4.014861388968276401e+01,1.359392367398759127e+01
4.016861960560160583e+01,1.335757951279047262e+01
4.018862532152043343e+01,1.334326975938454751e+01
4.020863103743927525e+01,1.416419474391093125e+01
4.022863675335810285e+01,1.484783858914931898e+01
4.024864246927693756e+01,1.372271353725751197e+01
4.026864818519577227e+01,1.463190198545442477e+01
4.028865390111460698e+01,1.457876514205135088e+01
4.030865961703344169e+01,1.405692490115307081e+01
4.032866533295226930e+01,1.504647976879132365e+01
4.034867104887111111e+01,1.526761991370983296e+01
4.036867676478993872e+01,1.494156454155801939e+01
4.038868248070878053e+01,1.505223055521835462e+01
4.040868819662760814e+01,1.608747712269581243e+01
4.042869391254644285e+01,1.504855475011522081e+01
4.044869962846527756e+01,1.563604483872259188e+01
4.046870534438411227e+01,1.554938585478702784e+01
4.048871106030294698e+01,1.575281362074208857e+01
4.050871677622177458e+01,1.529071618251528619e+01
4.052872249214061640e+01,1.614633158757787612e+01
4.054872820805944400e+01,1.681744999197903567e+01
4.056873392397828582e+01,1.602044394621301038e+01
4.058873963989711342e+01,1.626874951194483998e+01
4.060874535581594813e+01,1.699679327010300156e+01
4.062875107173478284e+01,1.665218703028243041e+01
4.064875678765361755e+01,1.689653637870235769e+01
4.066876250357245226e+01,1.603184228552539992e+01
4.068876821949127986e+01,1.716086702001962294e+01
4.070877393541012168e+01,1.699755950760914303e+01
4.072877965132894929e+01,1.731219310068854611e+01
4.074878536724779110e+01,1.700439849203875298e+01
4.076879108316661871e+01,1.759332220331170760e+01
4.078879679908545342e+01,1.668653309838876098e+01
4.080880251500428813e+01,1.642492976508932756e+01
4.082880823092312284e+01,1.758931848780927254e+01
4.084881394684195755e+01,1.744215694858786492e+01
4.086881966276079226e+01,1.689931652602224688e+01
4.088882537867962697e+01,1.807825159255800784e+01
4.090883109459845457e+01,1.654755380920427399e+01
4.092883681051729639e+01,1.812127824378396568e+01
4.094884252643612399e+01,1.819174714444921648e+01
4.096884824235495870e+01,1.757840483525698261e+01
4.098885395827379341e+01,1.768884171341468914e+01
4.100885967419262812e+01,1.853465168553804787e+01
4.102886539011146283e+01,1.931184952643942054e+01
4.104887110603029754e+01,1.940488888216354013e+01
4.106887682194913225e+01,1.922859582126294242e+01
4.108888253786795985e+01,1.929502560209467887e+01
4.110888825378680167e+01,2.022539021818172955e+01
4.112889396970562927e+01,2.038717361417224794e+01
4.114889968562447109e+01,2.103365287246476356e+01
4.116890540154329869e+01,2.165231067160718936e+01
4.118891111746213340e+01,2.134903845143333712e+01
4.120891683338096811e+01,2.215509094089268416e+01
4.122892254929980282e+01,2.274401913525297303e+01
4.124892826521863753e+01,2.224818467713367198e+01
4.126893398113746514e+01,2.384247140665680220e+01
4.128893969705630695e+01,2.326254582475188570e+01
4.130894541297513456e+01,2.339430998153117258e+01
4.132895112889397637e+01,2.368217023220286066e+01
4.134895684481280398e+01,2.412476648125529977e+01
4.136896256073163869e+01,2.379891307173547688e+01
4.138896827665047340e+01,2.383062533045301734e+01
4.140897399256930811e+01,2.356812126407932340e+01
4.142897970848814282e+01,2.344247856028554722e+01
4.144898542440697042e+01,2.337295998029584254e+01
4.146899114032581224e+01,2.283614712922864243e+01
4.148899685624463984e+01,2.258958267697884992e+01
4.150900257216348166e+01,2.230059699668716178e+01
4.152900828808230926e+01,2.150997140201004854e+01
4.154901400400114397e+01,2.188459770371778745e+01
4.156901971991997868e+01,2.135712265944608035e+01
4.158902543583881339e+01,2.076524404810781022e+01
4.160903115175764810e+01,1.902119694545921647e+01
4.162903686767647571e+01,1.985811195819810138e+01
4.164904258359531752e+01,1.939179649702346708e+01
4.166904829951414513e+01,1.829728040191893967e+01
4.168905401543298694e+01,1.753469906494298769e+01
4.170905973135181455e+01,1.806270028482546763e+01
4.172906544727064926e+01,1.712880944063342525e+01
4.174907116318948397e+01,1.628662889121901358e+01
4.176907687910831868e+01,1.578294448057561894e+01
4.178908259502715339e+01,1.570559346494214203e+01
4.180908831094598810e+01,1.539230684925130710e+01
4.182909402686482281e+01,1.491770104081121318e+01
4.184909974278365041e+01,1.387765850289806124e+01
4.186910545870249223e+01,1.392966227964757664e+01
4.188911117462131983e+01,1.370418587093389284e+01
4.190911689054015454e+01,1.318165383076868835e+01
4.192912260645898925e+01,1.157943041327570377e+01
4.194912832237782396e+01,1.176853668122133989e+01
4.196913403829665867e+01,1.199682249205051932e+01
4.198913975421549338e+01,1.091912107871721105e+01
4.200914547013432809e+01,9.446044878318502924e+00
4.202915118605316280e+01,9.265194432655054158e+00
4.204915690197199041e+01,9.812007564938106441e+00
4.206916261789082512e+01,8.836633970568893659e+00
4.208916833380965983e+01,8.397971126124824437e+00
4.210917404972849454e+01,7.496852514744826834e+00
4.212917976564732925e+01,8.570067365291640371e+00
4.214918548156616396e+01,7.439668857180569361e+00
4.216919119748499867e+01,7.412798212871766879e+00
4.218919691340383338e+01,7.602440382113480055e+00
4.220920262932266809e+01,7.055628627195151381e+00
4.222920834524150280e+01,6.361917614015265343e+00
4.224921406116033040e+01,6.228023452810512950e+00
4.226921977707916511e+01,5.904901572378907559e+00
4.228922549299799982e+01,6.559505619844353319e+00
4.230923120891683453e+01,7.087293308746396292e+00
4.232923692483566924e+01,7.210059059897492517e+00
4.234924264075450395e+01,6.477325507885191236e+00
4.236924835667333866e+01,6.711102105720700095e+00
4.238925407259217337e+01,7.155571214012931947e+00
4.240925978851100808e+01,6.471809314124647550e+00
4.242926550442983569e+01,7.395653037043532052e+00
4.244927122034867040e+01,7.240832369833309912e+00
4.246927693626750511e+01,7.795609422185658666e+00
4.248928265218633982e+01,7.280514555541546251e+00
4.250928836810517453e+01,7.527315295585744082e+00
4.252929408402400924e+01,8.449309095714063744e+00
4.254929979994284395e+01,8.483687863139079965e+00
4.256930551586167866e+01,8.547117043785775081e+00
4.258931123178051337e+01,9.460070246587566345e+00
4.260931694769934097e+01,9.683952732287014697e+00
4.262932266361817568e+01,1.049126436660698580e+01
4.264932837953701039e+01,1.038645300931610826e+01
4.266933409545584510e+01,1.040780724108367750e+01
4.268933981137467981e+01,1.199850946938708418e+01
4.270934552729351452e+01,1.182822282044390505e+01
4.272935124321234923e+01,1.222752446133030091e+01
4.274935695913118394e+01,1.212715803051309216e+01
4.276936267505001865e+01,1.305283460354098501e+01
4.278936839096885336e+01,1.403700875947872007e+01
4.280937410688768097e+01,1.422942944253829545e+01
4.282937982280651568e+01,1.455513399933167129e+01
4.284938553872535039e+01,1.544558384440692400e+01
4.286939125464418510e+01,1.537531064185472474e+01
4.288939697056301981e+01,1.476493112152408393e+01
4.290940268648185452e+01,1.617379397857953549e+01
4.292940840240068923e+01,1.534302642370549563e+01
4.294941411831952394e+01,1.554876116224186866e+01
4.296941983423835865e+01,1.604668377904595999e+01
4.298942555015718625e+01,1.601845447022483881e+01
4.300943126607602096e+01,1.554632429612052924e+01
4.302943698199485567e+01,1.611612232816035117e+01
4.304944269791369038e+01,1.619441287791655526e+01
4.306944841383252509e+01,1.513656382979197446e+01
4.308945412975135980e+01,1.475097471103649838e+01
4.310945984567019451e+01,1.502091023258130065e+01
4.312946556158902922e+01,1.517148239869179349e+01
4.314947127750786393e+01,1.444737269829383131e+01
4.316947699342669864e+01,1.434738907481415104e+01
4.318948270934552625e+01,1.317247161224451446e+01
4.320948842526436096e+01,1.240678560662343699e+01
4.322949414118319567e+01,1.238741705613372091e+01
4.324949985710203038e+01,1.164326369209003964e+01
4.326950557302086509e+01,1.096887448316952529e+01
4.328951128893969980e+01,1.104941725194400526e+01
4.330951700485853451e+01,1.047857271050023265e+01
4.332952272077736922e+01,9.759725983299261998e+00
4.334952843669620393e+01,1.017046936115976763e+01
4.336953415261503153e+01,1.014893525730835577e+01
4.338953986853386624e+01,9.495619636751047921e+00
4.340954558445270095e+01,9.232353983410542142e+00
4.342955130037153566e+01,9.741046897113488257e+00
4.344955701629037037e+01,9.665875468487577393e+00
4.346956273220920508e+01,9.403789648143252577e+00
4.348956844812803979e+01,9.155249881495510778e+00
4.350957416404687450e+01,9.443904506145962330e+00
4.352957987996570921e+01,9.342000754297041354e+00
4.354958559588453681e+01,1.020067215565461538e+01
4.356959131180337153e+01,9.765820238553207133e+00
4.358959702772220624e+01,1.083682078431623097e+01
4.360960274364104095e+01,1.034893270776460739e+01
4.362960845955987566e+01,1.144284514801373831e+01
4.364961417547871037e+01,1.158950012063330348e+01
4.366961989139754508e+01,1.189749241565517934e+01
4.368962560731637979e+01,1.143688994214210908e+01
4.370963132323521450e+01,1.268863441300840122e+01
4.372963703915404921e+01,1.266996084090730790e+01
4.374964275507287681e+01,1.416593619730461384e+01
4.376964847099171152e+01,1.463746686382162387e+01
4.378965418691054623e+01,1.468121847039131467e+01
4.380965990282938094e+01,1.517721789949223066e+01
4.382966561874821565e+01,1.439338548391254946e+01
4.384967133466705036e+01,1.483381788401144163e+01
4.386967705058588507e+01,1.520414139519334817e+01
4.388968276650471978e+01,1.553793351396866740e+01
4.390968848242355449e+01,1.536316764757554409e+01
4.392969419834238209e+01,1.635271096446696149e+01
4.394969991426121680e+01,1.597447380173988485e+01
4.396970563018005151e+01,1.689060134319315054e+01
4.398971134609888622e+01,1.647525632767737136e+01
4.400971706201772093e+01,1.657482150069695592e+01
4.402972277793655564e+01,1.628645121482360736e+01
4.404972849385539035e+01,1.563603859493888493e+01
4.406973420977422506e+01,1.681532379969934254e+01
4.408973992569305977e+01,1.558468560965521732e+01
4.410974564161189448e+01,1.641754547481331983e+01
4.412975135753072209e+01,1.637804580123349041e+01
4.414975707344955680e+01,1.539930292223962383e+01
4.416976278936839151e+01,1.515035791283293776e+01
4.418976850528722622e+01,1.609627469238765585e+01
4.420977422120606093e+01,1.662397293232571016e+01
4.422977993712489564e+01,1.588294675178771520e+01
4.424978565304373035e+01,1.612056786099167027e+01
4.426979136896256506e+01,1.627561333685283529e+01
4.428979708488139977e+01,1.702718119647917305e+01
4.430980280080022737e+01,1.656638013917436325e+01
4.432980851671906208e+01,1.661023857107046453e+01
4.434981423263789679e+01,1.789098934423008913e+01
4.436981994855673150e+01,1.761892267725786709e+01
4.438982566447556621e+01,1.852718308236431000e+01
4.440983138039440092e+01,1.952030984464238372e+01
4.442983709631323563e+01,1.964153484659217241e+01
4.444984281223207034e+01,2.144833359933939221e+01
4.446984852815090505e+01,2.104186569510965654e+01
4.448985424406973266e+01,2.256126035862145329e+01
4.450985995998856737e+01,2.239195534285030931e+01
4.452986567590740208e+01,2.275853554535652279e+01
4.454987139182623679e+01,2.352542463046841092e+01
4.456987710774507150e+01,2.377217998693705781e+01
4.458988282366390621e+01,2.440808897608213712e+01
4.460988853958274092e+01,2.517128256977999001e+01
4.462989425550157563e+01,2.445401495067179098e+01
4.464989997142041034e+01,2.475421455663438763e+01
4.466990568733924505e+01,2.563263451473056165e+01
4.468991140325807265e+01,2.530884072196311152e+01
4.470991711917690736e+01,2.505546520149196610e+01
4.472992283509574207e+01,2.378916884891843253e+01
4.474992855101457678e+01,2.443239647898414901e+01
4.476993426693341149e+01,2.348100899804871489e+01
4.478993998285224620e+01,2.378943276076999069e+01
4.480994569877108091e+01,2.323680931442909170e+01
4.482995141468991562e+01,2.263620093163032720e+01
4.484995713060875033e+01,2.140996674176420100e+01
4.486996284652757794e+01,2.054433784215461145e+01
4.488996856244641265e+01,2.026115946715011873e+01
4.490997427836524736e+01,1.982966848951448213e+01
4.492997999428408207e+01,2.000228459280812743e+01
4.494998571020291678e+01,1.898159728315040695e+01
4.496999142612175149e+01,1.822164142206592885e+01
4.498999714204058620e+01,1.798595824182336145e+01
4.501000285795942091e+01,1.671244033421337960e+01
4.503000857387825562e+01,1.731580499255342787e+01
4.505001428979709033e+01,1.673477949226703743e+01
4.507002000571591793e+01,1.551724762593824991e+01
4.509002572163475264e+01,1.572488561975913512e+01
4.511003143755358735e+01,1.571066098037264780e+01
4.513003715347242206e+01,1.526449123462590762e+01
4.515004286939125677e+01,1.575730354277882128e+01
4.517004858531009148e+01,1.497621674018352422e+01
4.519005430122892619e+01,1.583288739812011769e+01
4.521006001714776090e+01,1.530242737518338991e+01
4.523006573306659561e+01,1.506185930193616862e+01
4.525007144898542322e+01,1.489264157086710583e+01
4.527007716490425793e+01,1.523584139471411270e+01
4.529008288082309264e+01,1.497666844863412905e+01
4.531008859674192735e+01,1.640049656547092738e+01
4.533009431266076206e+01,1.532449178183213334e+01
4.535010002857959677e+01,1.607656438747402206e+01
4.537010574449843148e+01,1.684918842071084200e+01
4.539011146041726619e+01,1.668655005163004290e+01
4.541011717633610090e+01,1.637341815252587907e+01
4.543012289225492850e+01,1.655854307573655859e+01
4.545012860817376321e+01,1.755278734253478135e+01
4.547013432409259792e+01,1.755434464554264196e+01
4.549014004001143263e+01,1.845523539927869905e+01
4.551014575593026734e+01,1.682418062545316673e+01
4.553015147184910205e+01,1.772705474847641938e+01
4.555015718776793676e+01,1.786838473109765957e+01
4.557016290368677147e+01,1.720887468272662346e+01
4.559016861960560618e+01,1.764290774579109922e+01
4.561017433552444089e+01,1.757303570920851854e+01
4.563018005144326850e+01,1.673685320507582475e+01
4.565018576736210321e+01,1.706112709449536879e+01
4.567019148328093792e+01,1.625386411958108113e+01
4.569019719919977263e+01,1.622684503518411958e+01
4.571020291511860734e+01,1.513080434500912119e+01
4.573020863103744205e+01,1.533253399560195973e+01
4.575021434695627676e+01,1.431073579825542552e+01
4.577022006287511147e+01,1.405576418255777860e+01
4.579022577879394618e+01,1.422067610051249176e+01
4.581023149471277378e+01,1.415183294344480380e+01
4.583023721063160849e+01,1.354151595536443686e+01
4.585024292655044320e+01,1.344043050498788361e+01
4.587024864246927791e+01,1.354683883725624405e+01
4.589025435838811262e+01,1.231838978848404409e+01
4.591026007430694733e+01,1.269085331096389702e+01
4.593026579022578204e+01,1.328407925734067518e+01
4.595027150614461675e+01,1.197472974223419762e+01
4.597027722206345146e+01,1.335134735171823195e+01
4.599028293798228617e+01,1.241413538023864405e+01
4.601028865390111378e+01,1.232224291000851757e+01
4.603029436981994849e+01,1.359099280592278092e+01
4.605030008573878320e+01,1.295925932883783815e+01
4.607030580165761791e+01,1.263981139647330565e+01
4.609031151757645262e+01,1.361545263334215150e+01
4.611031723349528733e+01,1.304056335071036976e+01
4.613032294941412204e+01,1.280457485678194907e+01
4.615032866533295675e+01,1.452184519875273594e+01
4.617033438125179146e+01,1.417487824759112769e+01
4.619034009717061906e+01,1.448721453056771935e+01
4.621034581308945377e+01,1.504423878180647378e+01
4.623035152900828848e+01,1.495992230621124186e+01
4.625035724492712319e+01,1.575468488041421367e+01
4.627036296084595790e+01,1.578634109351571624e+01
4.629036867676479261e+01,1.585851666993522713e+01
4.631037439268362732e+01,1.697120519571853947e+01
4.633038010860246203e+01,1.694605195757028326e+01
4.635038582452129674e+01,1.756010037207868635e+01
4.637039154044012434e+01,1.692110821064148496e+01
4.639039725635895905e+01,1.780802061702598849e+01
4.641040297227779376e+01,1.781887483416965878e+01
4.643040868819662847e+01,1.861925326426151273e+01
4.645041440411546319e+01,1.881703129985438849e+01
4.647042012003429790e+01,1.909466897972908583e+01
4.649042583595313261e+01,1.938051573778080083e+01
4.651043155187196732e+01,1.979726459472641409e+01
4.653043726779080203e+01,1.955197136501671551e+01
4.655044298370963674e+01,2.090890828201547436e+01
4.657044869962846434e+01,2.105859044572189021e+01
4.659045441554729905e+01,2.161666864619051864e+01
4.661046013146613376e+01,2.213211566739150626e+01
4.663046584738496847e+01,2.275329866848515081e+01
4.665047156330380318e+01,2.258206331172493719e+01
4.667047727922263789e+01,2.397952445992898163e+01
4.669048299514147260e+01,2.332775083136516159e+01
4.671048871106030731e+01,2.455635797864307079e+01
4.673049442697914202e+01,2.444253262326100540e+01
4.675050014289796962e+01,2.502261008596330782e+01
4.677050585881680433e+01,2.601164741944856118e+01
4.679051157473563904e+01,2.574097903375092500e+01
4.681051729065447375e+01,2.663436173766976722e+01
4.683052300657330846e+01,2.701970521002973413e+01
4.685052872249214317e+01,2.767637808163467028e+01
4.687053443841097788e+01,2.779814393808328532e+01
4.689054015432981259e+01,2.836744380195308324e+01
4.691054587024864730e+01,2.910740820589521149e+01
4.693055158616748201e+01,2.959907381124066816e+01
4.695055730208630962e+01,2.998655502481135215e+01
4.697056301800514433e+01,3.013402717163803857e+01
4.699056873392397904e+01,3.014201791420848764e+01
4.701057444984281375e+01,3.004529315315091864e+01
4.703058016576164846e+01,3.092994749939735399e+01
4.705058588168048317e+01,3.065918155949391988e+01
4.707059159759931788e+01,3.053798008714191070e+01
4.709059731351815259e+01,2.974635145858926677e+01
4.711060302943698730e+01,3.026917888692143421e+01
4.713060874535581490e+01,2.963106821013367309e+01
4.715061446127464961e+01,2.922123871850737942e+01
4.717062017719348432e+01,2.850317767526961887e+01
4.719062589311231903e+01,2.733749515283892251e+01
4.721063160903115374e+01,2.777993047721376030e+01
4.723063732494998845e+01,2.628876390247632955e+01
4.725064304086882316e+01,2.621403016122170371e+01
4.727064875678765787e+01,2.607222223409181439e+01
4.729065447270649258e+01,2.446933073873407949e+01
4.731066018862532019e+01,2.335940455520265857e+01
4.733066590454415490e+01,2.258204043392368021e+01
4.735067162046298961e+01,2.170024027365181496e+01
4.737067733638182432e+01,2.229545054055530784e+01
4.739068305230065903e+01,2.072675360033686331e+01
4.741068876821949374e+01,2.034339631367084422e+01
4.743069448413832845e+01,1.971551950555721433e+01
4.745070020005716316e+01,1.971576880579660340e+01
4.747070591597599787e+01,1.861800416423288951e+01
4.749071163189483258e+01,1.888286501026174591e+01
4.751071734781366018e+01,1.760100516703591822e+01
4.753072306373249489e+01,1.801694340655335580e+01
4.755072877965132960e+01,1.766642742760802065e+01
4.757073449557016431e+01,1.728415822149582226e+01
4.759074021148899902e+01,1.731583286045845682e+01
4.761074592740783373e+01,1.707709236858977064e+01
4.763075164332666844e+01,1.697886878986807702e+01
4.765075735924550315e+01,1.733623003360686354e+01
4.767076307516433786e+01,1.667360053836568667e+01
4.769076879108316547e+01,1.737359778037632552e+01
4.771077450700200018e+01,1.725183490451480850e+01
4.773078022292083489e+01,1.718886468712860704e+01
4.775078593883966960e+01,1.765572341338667428e+01
4.777079165475850431e+01,1.796070842713050908e+01
4.779079737067733902e+01,1.879562735151570507e+01
4.781080308659617373e+01,1.765391700982988610e+01
4.783080880251500844e+01,1.783298071048559308e+01
4.785081451843384315e+01,1.938852196510344683e+01
4.787082023435267075e+01,1.986974709279967044e+01
4.789082595027150546e+01,1.908853919501510887e+01
4.791083166619034017e+01,1.987067661867073909e+01
4.793083738210917488e+01,1.971628724557826473e+01
4.795084309802800959e+01,2.107815737453580951e+01
4.797084881394684430e+01,2.067483532146644976e+01
4.799085452986567901e+01,2.093840646045756770e+01
4.801086024578451372e+01,2.166089482130240995e+01
4.803086596170334843e+01,2.057680444563664679e+01
4.805087167762218314e+01,2.162794019547845892e+01
4.807087739354101075e+01,2.163300117134572176e+01
4.809088310945984546e+01,2.077326651816361647e+01
4.811088882537868017e+01,2.090523104254771525e+01
4.813089454129751488e+01,2.050656075219064434e+01
4.815090025721634959e+01,2.008684002575358818e+01
4.817090597313518430e+01,1.888290069045228847e+01
4.819091168905401901e+01,1.922002837870888925e+01
4.821091740497285372e+01,1.928552317755921663e+01
4.823092312089168843e+01,1.811779247811963600e+01
4.825092883681051603e+01,1.735911565040438731e+01
4.827093455272935074e+01,1.584505187395158821e+01
4.829094026864818545e+01,1.630069944901624623e+01
4.831094598456702016e+01,1.588160232303677688e+01
4.833095170048585487e+01,1.479999700483674374e+01
4.835095741640468958e+01,1.449075184160526852e+01
4.837096313232352429e+01,1.341888619825549789e+01
4.839096884824235900e+01,1.257771351503881085e+01
4.841097456416119371e+01,1.161617098099719314e+01
4.843098028008002842e+01,1.163902495441647034e+01
4.845098599599885603e+01,1.114760977703129718e+01
4.847099171191769074e+01,1.043533504824884339e+01
4.849099742783652545e+01,9.933954869327560999e+00
4.851100314375536016e+01,9.652136932374217437e+00
4.853100885967419487e+01,1.006359787264353400e+01
4.855101457559302958e+01,9.855192622670287506e+00
4.857102029151186429e+01,9.134627226854107107e+00
4.859102600743069900e+01,8.679689197623211783e+00
4.861103172334953371e+01,8.866837951439579868e+00
4.863103743926836131e+01,9.155370540686616820e+00
4.865104315518719602e+01,8.070577852307254219e+00
4.867104887110603073e+01,9.292886608765204670e+00
4.869105458702486544e+01,8.134952685213638901e+00
4.871106030294370015e+01,8.656031760416839305e+00
4.873106601886253486e+01,9.492899651709674202e+00
4.875107173478136957e+01,8.235760583474338148e+00
4.877107745070020428e+01,9.231792721881074471e+00
4.879108316661903899e+01,8.641585836166269630e+00
4.881108888253786660e+01,9.200842998715346610e+00
4.883109459845670131e+01,8.642500188026017938e+00
4.885110031437553602e+01,9.723277524962977481e+00
4.887110603029437073e+01,8.895624376870673089e+00
4.889111174621320544e+01,8.994175664583211827e+00
4.891111746213204015e+01,8.931381817377678445e+00
4.893112317805087486e+01,9.306669670475493206e+00
4.895112889396970957e+01,8.812303864456207947e+00
4.897113460988854428e+01,9.044184941662766875e+00
4.899114032580737899e+01,9.866420526654501089e+00
4.901114604172620659e+01,9.569960859987077129e+00
4.903115175764504130e+01,9.608567961123375412e+00
4.905115747356387601e+01,9.414767389307748147e+00
4.907116318948271072e+01,9.681903785766969861e+00
4.909116890540154543e+01,9.642661098998550173e+00
4.911117462132038014e+01,1.020948633268632477e+01
4.913118033723921485e+01,1.009074524819275354e+01
4.915118605315804956e+01,1.157142967044384463e+01
4.917119176907688427e+01,1.201884764738385236e+01
4.919119748499571187e+01,1.193786742945963120e+01
4.921120320091454658e+01,1.304054807360540913e+01
4.923120891683338129e+01,1.280378872896060294e+01
4.925121463275221600e+01,1.341680057687545791e+01
4.927122034867105071e+01,1.370207017957270601e+01
4.929122606458988542e+01,1.429769448388677944e+01
4.931123178050872014e+01,1.522810349156198839e+01
4.933123749642755485e+01,1.576864230198358108e+01
4.935124321234638956e+01,1.612612211345281921e+01
4.937124892826522427e+01,1.694126432067739785e+01
4.939125464418405187e+01,1.750882444224237844e+01
4.941126036010288658e+01,1.740620055965072055e+01
4.943126607602172129e+01,1.736585105030814091e+01
4.945127179194055600e+01,1.784173750496189115e+01
4.947127750785939071e+01,1.819933027041578555e+01
4.949128322377822542e+01,1.795769807937594820e+01
4.951128893969706013e+01,1.819204125237750702e+01
4.953129465561589484e+01,1.815682591639258447e+01
4.955130037153472955e+01,1.808056649346849909e+01
4.957130608745355715e+01,1.824089649166781157e+01
4.959131180337239186e+01,1.848893126423568845e+01
4.961131751929122657e+01,1.758542711323614682e+01
4.963132323521006128e+01,1.867084564681580972e+01
4.965132895112889599e+01,1.746292590896905139e+01
4.967133466704773070e+01,1.752410902700638573e+01
4.969134038296656541e+01,1.709886313153320003e+01
4.971134609888540012e+01,1.750833222738189932e+01
4.973135181480423483e+01,1.595500927752560116e+01
4.975135753072306244e+01,1.635955832516118136e+01
4.977136324664189715e+01,1.573563584993610398e+01
4.979136896256073186e+01,1.600341017767076934e+01
4.981137467847956657e+01,1.577401564753332508e+01
4.983138039439840128e+01,1.575306452245341760e+01
4.985138611031723599e+01,1.504716636134718577e+01
4.987139182623607070e+01,1.483476932890032884e+01
4.989139754215490541e+01,1.397261797386305915e+01
4.991140325807374012e+01,1.427027766243250184e+01
4.993140897399257483e+01,1.405218803927328075e+01
4.995141468991140243e+01,1.454064116794362072e+01
4.997142040583023714e+01,1.354326932322605259e+01
4.999142612174907185e+01,1.389234463304075717e+01
5.001143183766790656e+01,1.266625948626294829e+01
5.003143755358674127e+01,1.328020258536977494e+01
5.005144326950557598e+01,1.326729337275276244e+01
5.007144898542441069e+01,1.308400325417463961e+01
5.009145470134324540e+01,1.291432138645969374e+01
5.011146041726208011e+01,1.353965534957598749e+01
5.013146613318090772e+01,1.300533007975297295e+01
5.015147184909974243e+01,1.348599517894563071e+01
5.017147756501857714e+01,1.342974104976123861e+01
5.019148328093741185e+01,1.396814807394779478e+01
5.021148899685624656e+01,1.274694919594761799e+01
5.023149471277508127e+01,1.330160193166902971e+01
5.025150042869391598e+01,1.330787140526968315e+01
5.027150614461275069e+01,1.365915567366991823e+01
5.029151186053158540e+01,1.272200855551964871e+01
5.031151757645042011e+01,1.313936809762004820e+01
5.033152329236924771e+01,1.297622653356874523e+01
5.035152900828808242e+01,1.359348858027324169e+01
5.037153472420691713e+01,1.328751640674287593e+01
5.039154044012575184e+01,1.419221998024182874e+01
5.041154615604458655e+01,1.436340390211279505e+01
5.043155187196342126e+01,1.448235584696595701e+01
5.045155758788225597e+01,1.427440598315385500e+01
5.047156330380109068e+01,1.534394172681326296e+01
5.049156901971992539e+01,1.535756211680761751e+01
5.051157473563875300e+01,1.545314809302864489e+01
5.053158045155758771e+01,1.600332728305593122e+01
5.055158616747642242e+01,1.534002397715621058e+01
5.057159188339525713e+01,1.557024157219889915e+01
5.059159759931409184e+01,1.606357269485399897e+01
5.061160331523292655e+01,1.530983651383973410e+01
5.063160903115176126e+01,1.548830993669473344e+01
5.065161474707059597e+01,1.541798913831258133e+01
5.067162046298943068e+01,1.550281381102058376e+01
5.069162617890825828e+01,1.534021193614088574e+01
5.071163189482709299e+01,1.509146675252553038e+01
5.073163761074592770e+01,1.422206478516230099e+01
5.075164332666476241e+01,1.340721825973359316e+01
5.077164904258359712e+01,1.368308387294652206e+01
5.079165475850243183e+01,1.313831587310099103e+01
5.081166047442126654e+01,1.267002159942556716e+01
5.083166619034010125e+01,1.188218782350312708e+01
5.085167190625893596e+01,1.053097465522399823e+01
5.087167762217777067e+01,1.015903710657796921e+01
5.089168333809659828e+01,1.059741596289084953e+01
5.091168905401543299e+01,9.954835749860023952e+00
5.093169476993426770e+01,9.172848383393661820e+00
5.095170048585310241e+01,8.954520443940523933e+00
5.097170620177193712e+01,8.484438185805705857e+00
5.099171191769077183e+01,7.943644923107418876e+00
5.101171763360960654e+01,6.998149060219515327e+00
5.103172334952844125e+01,7.421396071001897354e+00
5.105172906544727596e+01,7.462238605746662756e+00
5.107173478136610356e+01,6.777204626239537788e+00
5.109174049728493827e+01,6.901618300619816182e+00
5.111174621320377298e+01,7.069910863859115935e+00
5.113175192912260769e+01,6.150757444415066111e+00
5.115175764504144240e+01,7.149743279320746936e+00
5.117176336096027711e+01,6.884237007340877845e+00
5.119176907687911182e+01,6.278097538233019748e+00
5.121177479279794653e+01,6.958730998415061819e+00
5.123178050871678124e+01,6.972653790549179220e+00
5.125178622463561595e+01,7.269027696761821034e+00
5.127179194055444356e+01,6.669112000700830656e+00
5.129179765647327827e+01,7.578027075760470410e+00
5.131180337239211298e+01,7.039039927402583885e+00
5.133180908831094769e+01,7.016118112909870419e+00
5.135181480422978240e+01,7.678034997168527553e+00
5.137182052014861711e+01,7.051981261959463509e+00
5.139182623606745182e+01,7.463458445278503106e+00
5.141183195198628653e+01,8.423652173336794391e+00
5.143183766790512124e+01,8.300846569064184166e+00
5.145184338382394884e+01,7.745892788799388029e+00
5.147184909974278355e+01,8.840134051694681361e+00
5.149185481566161826e+01,8.303656488302905814e+00
5.151186053158045297e+01,8.956636738679204512e+00
5.153186624749928768e+01,8.318517317618320916e+00
5.155187196341812239e+01,9.108562519075318775e+00
5.157187767933695710e+01,8.957550306709457288e+00
5.159188339525579181e+01,9.030740995588168119e+00
5.161188911117462652e+01,8.378450073556091837e+00
5.163189482709345413e+01,9.672524281512711042e+00
5.165190054301228884e+01,9.547906629249412802e+00
5.167190625893112355e+01,9.181873581929837158e+00
5.169191197484995826e+01,9.123436345463042940e+00
5.171191769076879297e+01,9.115940012148868732e+00
5.173192340668762768e+01,9.592572887554997152e+00
5.175192912260646239e+01,9.210509157070850605e+00
5.177193483852529710e+01,8.405145680578709033e+00
5.179194055444413181e+01,9.072904135016329974e+00
5.181194627036296652e+01,9.254708371565619984e+00
5.183195198628179412e+01,1.035278137553095412e+01
5.185195770220062883e+01,9.853441525040686599e+00
5.187196341811946354e+01,1.044332851037942511e+01
5.189196913403829825e+01,9.963821250570809696e+00
5.191197484995713296e+01,1.078108206414247761e+01
5.193198056587596767e+01,1.128028194647621518e+01
5.195198628179480238e+01,1.066627320242879406e+01
5.197199199771363709e+01,1.062036498396339823e+01
5.199199771363247180e+01,1.063391439622061974e+01
5.201200342955129940e+01,1.221893777994818109e+01
5.203200914547013411e+01,1.201217501061479354e+01
5.205201486138896882e+01,1.245064494005705136e+01
5.207202057730780353e+01,1.370912760972877820e+01
5.209202629322663824e+01,1.373246416248789359e+01
5.211203200914547295e+01,1.362301787553105470e+01
5.213203772506430766e+01,1.448965746981405189e+01
5.215204344098314237e+01,1.435692048642199659e+01
5.217204915690197708e+01,1.443243617374286458e+01
5.219205487282081180e+01,1.468994794064210296e+01
5.221206058873963940e+01,1.477647097218778782e+01
5.223206630465847411e+01,1.471916943179250836e+01
5.225207202057730882e+01,1.512415313319435128e+01
5.227207773649614353e+01,1.485708220773243227e+01
5.229208345241497824e+01,1.494452503596419746e+01
5.231208916833381295e+01,1.533295365357387396e+01
5.233209488425264766e+01,1.604545484401582911e+01
5.235210060017148237e+01,1.545460776590676311e+01
5.237210631609031708e+01,1.545005378279155295e+01
5.239211203200914468e+01,1.519692030579727060e+01
5.241211774792797939e+01,1.466281434061499489e+01
5.243212346384681410e+01,1.445383570201656553e+01
5.245212917976564881e+01,1.432339108720969278e+01
5.247213489568448352e+01,1.422791015533416825e+01
5.249214061160331823e+01,1.407864787425892317e+01
5.251214632752215294e+01,1.389556305879237286e+01
5.253215204344098765e+01,1.402882814311960935e+01
5.255215775935982236e+01,1.362501198926124424e+01
5.257216347527864997e+01,1.300950315505072652e+01
5.259216919119748468e+01,1.346252553993761403e+01
5.261217490711631939e+01,1.353216900733412231e+01
5.263218062303515410e+01,1.213541345160725804e+01
5.265218633895398881e+01,1.172492983976377445e+01
5.267219205487282352e+01,1.195105156673890789e+01
5.269219777079165823e+01,1.184758336796290124e+01
5.271220348671049294e+01,1.103543437649888048e+01
5.273220920262932765e+01,1.117347283208518149e+01
5.275221491854816236e+01,1.059642341046712843e+01
5.277222063446698996e+01,1.113581295396833148e+01
5.279222635038582467e+01,9.885940253123505883e+00
5.281223206630465938e+01,9.920910318363286962e+00
5.283223778222349409e+01,9.227303491812429925e+00
5.285224349814232880e+01,8.711133532911144783e+00
5.287224921406116351e+01,8.835850084951987427e+00
5.289225492997999822e+01,8.487125216207664025e+00
5.291226064589883293e+01,8.797570015698079615e+00
5.293226636181766764e+01,7.888305353102107453e+00
5.295227207773649525e+01,7.595102341294808213e+00
5.297227779365532996e+01,6.948713972727509791e+00
5.299228350957416467e+01,7.632507058652143073e+00
5.301228922549299938e+01,7.223792419489589278e+00
5.303229494141183409e+01,7.091326793921515659e+00
5.305230065733066880e+01,7.583640739434854616e+00
5.307230637324950351e+01,6.421530453531697269e+00
5.309231208916833822e+01,7.345089471603779785e+00
5.311231780508717293e+01,6.991382290247274867e+00
5.313232352100600764e+01,7.263192942529393292e+00
5.315232923692483524e+01,7.946134561475898472e+00
5.317233495284366995e+01,7.568423245978380010e+00
5.319234066876250466e+01,7.536788698660001451e+00
5.321234638468133937e+01,7.718032678535191593e+00
5.323235210060017408e+01,8.304462952020450928e+00
5.325235781651900879e+01,7.949148280149020529e+00
5.327236353243784350e+01,8.699341048174144220e+00
5.329236924835667821e+01,8.262842356268961908e+00
5.331237496427551292e+01,8.851617098431351138e+00
5.333238068019434053e+01,1.041149294607961373e+01
5.335238639611317524e+01,9.391102021259145616e+00
5.337239211203200995e+01,1.023109609684545163e+01
5.339239782795084466e+01,1.117594783554742932e+01
5.341240354386967937e+01,1.061379188735256918e+01
5.343240925978851408e+01,1.089206148300843680e+01
5.345241497570734879e+01,1.092793199294194295e+01
5.347242069162618350e+01,1.167231041946591930e+01
5.349242640754501821e+01,1.193640287539330203e+01
5.351243212346384581e+01,1.079149729971793725e+01
5.353243783938268052e+01,1.102206793092662629e+01
5.355244355530151523e+01,1.118949016129408136e+01
5.357244927122034994e+01,1.148963678679373679e+01
5.359245498713918465e+01,1.172815041334474273e+01
5.361246070305801936e+01,1.245951294439286627e+01
5.363246641897685407e+01,1.129002283592312494e+01
5.365247213489568878e+01,1.218045638346945125e+01
5.367247785081452349e+01,1.229452225551955813e+01
5.369248356673335820e+01,1.164479411576177270e+01
5.371248928265218581e+01,1.223431463764484661e+01
5.373249499857102052e+01,1.105008094407095065e+01
5.375250071448985523e+01,1.225341916203559300e+01
5.377250643040868994e+01,1.120610534270740288e+01
5.379251214632752465e+01,1.102154687199787375e+01
5.381251786224635936e+01,1.187504726240738862e+01
5.383252357816519407e+01,1.151269073740616733e+01
5.385252929408402878e+01,1.171442532100706302e+01
5.387253501000286349e+01,1.125574074884682574e+01
5.389254072592169109e+01,1.118746062054904300e+01
5.391254644184052580e+01,1.072505475349411874e+01
5.393255215775936051e+01,9.925709248378613125e+00
5.395255787367819522e+01,1.019377484403988987e+01
5.397256358959702993e+01,9.796700762987054389e+00
5.399256930551586464e+01,9.454703687997996653e+00
5.401257502143469935e+01,9.880511550096564122e+00
5.403258073735353406e+01,9.923826708952546483e+00
5.405258645327236877e+01,9.675576498877159537e+00
5.407259216919120348e+01,9.740850257470990314e+00
5.409259788511003109e+01,9.786742430901792744e+00
5.411260360102886580e+01,9.601001167327739338e+00
5.413260931694770051e+01,9.516053859474233434e+00
5.415261503286653522e+01,9.572079580267477183e+00
5.417262074878536993e+01,1.015063009305717046e+01
5.419262646470420464e+01,1.074510573118881140e+01
5.421263218062303935e+01,1.020334447217582685e+01
5.423263789654187406e+01,1.117644078280468811e+01
5.425264361246070877e+01,1.055170666249821920e+01
5.427264932837953637e+01,1.244641437953336549e+01
5.429265504429837108e+01,1.244294340472588800e+01
5.431266076021720579e+01,1.318463570743455193e+01
5.433266647613604050e+01,1.395408254468093823e+01
5.435267219205487521e+01,1.413692630144852913e+01
5.437267790797370992e+01,1.484358454752817735e+01
5.439268362389254463e+01,1.565574863304268938e+01
5.441268933981137934e+01,1.626309356313052845e+01
5.443269505573021405e+01,1.673338901184156313e+01
5.445270077164904166e+01,1.801540378306205525e+01
5.447270648756787637e+01,1.716317228307564591e+01
5.449271220348671108e+01,1.779120984246111803e+01
5.451271791940554579e+01,1.877856127123894225e+01
5.453272363532438050e+01,1.876548865011574918e+01
5.455272935124321521e+01,1.883678052018611027e+01
5.457273506716204992e+01,1.849238881432761517e+01
5.459274078308088463e+01,1.844865421848946596e+01
5.461274649899971934e+01,1.893457106136489898e+01
5.463275221491855405e+01,1.817334781634269092e+01
5.465275793083738165e+01,1.829507838869418634e+01
5.467276364675621636e+01,1.819785322959010188e+01
5.469276936267505107e+01,1.794508217969283592e+01
5.471277507859388578e+01,1.736294419167067460e+01
5.473278079451272049e+01,1.754514979353517035e+01
5.475278651043155520e+01,1.696697241799938283e+01
5.477279222635038991e+01,1.704668172800232284e+01
5.479279794226922462e+01,1.700892543773461441e+01
5.481280365818805933e+01,1.614809044287268236e+01
5.483280937410688693e+01,1.640608594294297973e+01
5.485281509002572164e+01,1.663489586063443326e+01
5.487282080594455635e+01,1.680425977781472824e+01
5.489282652186339106e+01,1.693940539355447683e+01
5.491283223778222577e+01,1.663524025957646657e+01
5.493283795370106048e+01,1.735304335665124498e+01
5.495284366961989519e+01,1.661815620020206197e+01
5.497284938553872990e+01,1.743822958793512257e+01
5.499285510145756461e+01,1.797305879514305715e+01
5.501286081737639222e+01,1.778358954323143593e+01
5.503286653329522693e+01,1.831723253490412517e+01
5.505287224921406164e+01,1.850306924003609765e+01
5.507287796513289635e+01,1.765268738610052779e+01
5.509288368105173106e+01,1.866166652621900823e+01
5.511288939697056577e+01,1.792749106566945727e+01
5.513289511288940048e+01,1.813050904054451351e+01
5.515290082880823519e+01,1.759425469095720729e+01
5.517290654472706990e+01,1.798643615169872945e+01
5.519291226064590461e+01,1.783416158707355947e+01
5.521291797656473221e+01,1.758947691474107700e+01
5.523292369248356692e+01,1.747688762738429347e+01
5.525292940840240163e+01,1.771344179231700977e+01
5.527293512432123634e+01,1.674808530701161402e+01
5.529294084024007105e+01,1.622003879124148185e+01
5.531294655615890576e+01,1.585137091250411956e+01
5.533295227207774047e+01,1.556325711451084359e+01
5.535295798799657518e+01,1.474787588652265669e+01
5.537296370391540989e+01,1.415194836215839302e+01
5.539296941983423750e+01,1.371188023295469449e+01
5.541297513575307221e+01,1.327798388623699744e+01
5.543298085167190692e+01,1.326990370441541600e+01
5.545298656759074163e+01,1.247835285976170105e+01
5.547299228350957634e+01,1.209592603987156423e+01
5.549299799942841105e+01,1.232769380330492304e+01
5.551300371534724576e+01,1.198590104412685164e+01
5.553300943126608047e+01,1.151804439539040814e+01
5.555301514718491518e+01,1.109609070432827949e+01
5.557302086310374989e+01,9.827670897218736101e+00
5.559302657902257749e+01,1.050348274510103330e+01
5.561303229494141220e+01,9.866658324614299147e+00
5.563303801086024691e+01,1.041362944311527272e+01
5.565304372677908162e+01,9.741324097812078975e+00
5.567304944269791633e+01,1.023064393106126246e+01
5.569305515861675104e+01,1.062477869196798963e+01
5.571306087453558575e+01,1.111184114478514040e+01
5.573306659045442046e+01,1.073129313015606456e+01
5.575307230637325517e+01,1.046829140518549472e+01
5.577307802229208278e+01,1.072654029929895358e+01
5.579308373821091749e+01,1.112380107882661484e+01
5.581308945412975220e+01,1.143377015480744241e+01
5.583309517004858691e+01,1.125525343031215009e+01
5.585310088596742162e+01,1.122308737669550460e+01
5.587310660188625633e+01,1.013150351768204516e+01
5.589311231780509104e+01,1.056076132835591253e+01
5.591311803372392575e+01,1.024747733427401819e+01
5.593312374964276046e+01,1.109736494817759400e+01
5.595312946556158806e+01,1.079316444398018326e+01
5.597313518148042277e+01,1.105792316580625467e+01
5.599314089739925748e+01,1.049816292983990529e+01
5.601314661331809219e+01,1.029129706573980485e+01
5.603315232923692690e+01,1.017574793218463647e+01
5.605315804515576161e+01,1.046056873059881198e+01
5.607316376107459632e+01,1.023733445171306400e+01
5.609316947699343103e+01,1.073432717981263629e+01
5.611317519291226574e+01,9.890885685666834348e+00
5.613318090883110045e+01,9.832763430048416353e+00
5.615318662474992806e+01,9.681110608606489976e+00
5.617319234066876277e+01,9.668922650562999266e+00
5.619319805658759748e+01,9.546284941272752178e+00
5.621320377250643219e+01,1.020615568817090235e+01
5.623320948842526690e+01,1.004078691580393112e+01
5.625321520434410161e+01,9.203724150471511933e+00
5.627322092026293632e+01,1.034860288993696820e+01
5.629322663618177103e+01,1.078177813976551747e+01
5.631323235210060574e+01,1.088639056887108048e+01
5.633323806801943334e+01,1.007219080064879435e+01
5.635324378393826805e+01,1.090579835011286747e+01
5.637324949985710276e+01,1.051725827976451555e+01
5.639325521577593747e+01,1.077509777891168241e+01
5.641326093169477218e+01,1.092881819288938594e+01
5.643326664761360689e+01,1.118024375525962810e+01
5.645327236353244160e+01,1.136456008804901430e+01
5.647327807945127631e+01,1.247890024443638168e+01
5.649328379537011102e+01,1.234201232965818562e+01
5.651328951128894573e+01,1.115415991495273218e+01
5.653329522720777334e+01,1.184912435635011541e+01
5.655330094312660805e+01,1.208337967734995644e+01
5.657330665904544276e+01,1.126569387070301786e+01
5.659331237496427747e+01,1.218505801183285442e+01
5.661331809088311218e+01,1.212504574199876828e+01
5.663332380680194689e+01,1.168655309185637137e+01
5.665332952272078160e+01,1.129122552090951359e+01
5.667333523863961631e+01,1.092470200370230415e+01
5.669334095455845102e+01,1.125023229302976802e+01
5.671334667047727862e+01,1.113556130990197701e+01
5.673335238639611333e+01,1.070159319082434735e+01
5.675335810231494804e+01,1.158133688233455771e+01
5.677336381823378275e+01,1.014303649952007902e+01
5.679336953415261746e+01,1.169680762877794677e+01
5.681337525007145217e+01,1.050540655671778190e+01
5.683338096599028688e+01,1.035994876825044031e+01
5.685338668190912159e+01,1.046017449051243098e+01
5.687339239782795630e+01,1.138467619476129578e+01
5.689339811374678391e+01,1.156813165988936021e+01
5.691340382966561862e+01,1.176167977815170218e+01
5.693340954558445333e+01,1.197824005274683046e+01
5.695341526150328804e+01,1.185454899629493042e+01
5.697342097742212275e+01,1.309305435333431333e+01
5.699342669334095746e+01,1.303182048691098061e+01
5.701343240925979217e+01,1.332479264872881330e+01
5.703343812517862688e+01,1.403540119823137999e+01
5.705344384109746159e+01,1.435316031417209359e+01
5.707344955701629630e+01,1.540838963642686821e+01
5.709345527293512390e+01,1.514276322516970907e+01
5.711346098885395861e+01,1.660443824092402920e+01
5.713346670477279332e+01,1.709568694532504907e+01
5.715347242069162803e+01,1.757945507439002952e+01
5.717347813661046274e+01,1.837353113091356960e+01
5.719348385252929745e+01,1.944392219964528579e+01
5.721348956844813216e+01,1.992275093747113246e+01
5.723349528436696687e+01,2.034692912302506329e+01
5.725350100028580158e+01,2.265047307500435281e+01
5.727350671620462919e+01,2.235536801090329817e+01
5.729351243212346390e+01,2.330392065429301951e+01
5.731351814804229861e+01,2.505188265555780092e+01
5.733352386396113332e+01,2.485157473099769021e+01
5.735352957987996803e+01,2.560633232727901287e+01
5.737353529579880274e+01,2.637629851768699041e+01
5.739354101171763745e+01,2.671254953852579206e+01
5.741354672763647216e+01,2.700849256660881181e+01
5.743355244355530687e+01,2.723296564401252340e+01
5.745355815947414158e+01,2.677045689700706532e+01
5.747356387539296918e+01,2.723985097153316204e+01
5.749356959131180389e+01,2.767986245330087058e+01
5.751357530723063860e+01,2.745821742399426668e+01
5.753358102314947331e+01,2.617353869551023138e+01
5.755358673906830802e+01,2.539649348770215198e+01
5.757359245498714273e+01,2.477264085718891806e+01
5.759359817090597744e+01,2.493976819250160304e+01
5.761360388682481215e+01,2.386942915935501119e+01
5.763360960274364686e+01,2.224483846267315812e+01
5.765361531866247446e+01,2.111339672795359590e+01
5.767362103458130917e+01,2.091936260934004466e+01
5.769362675050014388e+01,1.902504687981495834e+01
5.771363246641897859e+01,1.832829566255468023e+01
5.773363818233781330e+01,1.845153473974075453e+01
5.775364389825664801e+01,1.802194901831589391e+01
5.777364961417548272e+01,1.660365448918588527e+01
5.779365533009431743e+01,1.529161905685194611e+01
5.781366104601315214e+01,1.555239374006458064e+01
5.783366676193197975e+01,1.574677492366142317e+01
5.785367247785081446e+01,1.471304004734482618e+01
5.787367819376964917e+01,1.509071056903177066e+01
5.789368390968848388e+01,1.433192246935795389e+01
5.791368962560731859e+01,1.503956933713864252e+01
5.793369534152615330e+01,1.416132498411207052e+01
5.795370105744498801e+01,1.459570294901985754e+01
5.797370677336382272e+01,1.514859098767296075e+01
5.799371248928265743e+01,1.477317289768920006e+01
5.801371820520149214e+01,1.560156008726426080e+01
5.803372392112031974e+01,1.570759083737298134e+01
5.805372963703915445e+01,1.568484416692453109e+01
5.807373535295798916e+01,1.518366094857793769e+01
5.809374106887682387e+01,1.519720881798141754e+01
5.811374678479565858e+01,1.554346974159178174e+01
5.813375250071449329e+01,1.507241280590753263e+01
5.815375821663332800e+01,1.605837204938381291e+01
5.817376393255216271e+01,1.595177623372935116e+01
5.819376964847099742e+01,1.568504229514886461e+01
5.821377536438982503e+01,1.507912852997002418e+01
5.823378108030865974e+01,1.540538163721721432e+01
5.825378679622749445e+01,1.505607118431633396e+01
5.827379251214632916e+01,1.449898393401052843e+01
5.829379822806516387e+01,1.438319299635715254e+01
5.831380394398399858e+01,1.440980696632867541e+01
5.833380965990283329e+01,1.458872874126548247e+01
5.835381537582166800e+01,1.388933199941289587e+01
5.837382109174050271e+01,1.363640079137477557e+01
5.839382680765933742e+01,1.383178011021908027e+01
5.841383252357816502e+01,1.367156756245570648e+01
5.843383823949699973e+01,1.384390176032840003e+01
5.845384395541583444e+01,1.374842598984526987e+01
5.847384967133466915e+01,1.427884019775375535e+01
5.849385538725350386e+01,1.360050872058427451e+01
5.851386110317233857e+01,1.362226109506261729e+01
5.853386681909117328e+01,1.358064992903224777e+01
5.855387253501000799e+01,1.451920189797240468e+01
5.857387825092884270e+01,1.444841659259078526e+01
5.859388396684767031e+01,1.443895118353051998e+01
5.861388968276650502e+01,1.422738513034511065e+01
5.863389539868533973e+01,1.469486893632731395e+01
5.865390111460417444e+01,1.498523621432276975e+01
5.867390683052300915e+01,1.476612484256971314e+01
5.869391254644184386e+01,1.564413406890926339e+01
5.871391826236067857e+01,1.574984433201628953e+01
5.873392397827951328e+01,1.555688681686385522e+01
5.875392969419834799e+01,1.533797256220737459e+01
5.877393541011717559e+01,1.613276952119213092e+01
5.879394112603601030e+01,1.551706485980646022e+01
5.881394684195484501e+01,1.652392910626453926e+01
5.883395255787367972e+01,1.650322702461211222e+01
5.885395827379251443e+01,1.688091510629060110e+01
5.887396398971134914e+01,1.613664757991079313e+01
5.889396970563018385e+01,1.661390562389539127e+01
5.891397542154901856e+01,1.656349766894555842e+01
5.893398113746785327e+01,1.631825837714293925e+01
5.895398685338668798e+01,1.700905584269670001e+01
5.897399256930551559e+01,1.602965264501631992e+01
5.899399828522435030e+01,1.583004979141744784e+01
5.901400400114318501e+01,1.656456022071605361e+01
5.903400971706201972e+01,1.614780536059392446e+01
5.905401543298085443e+01,1.493742231912814233e+01
5.907402114889968914e+01,1.484693687322041455e+01
5.909402686481852385e+01,1.492024122875237069e+01
5.911403258073735856e+01,1.523197890493273121e+01
5.913403829665619327e+01,1.385809456386710892e+01
5.915404401257502087e+01,1.471924000306249880e+01
5.917404972849385558e+01,1.349738547413731737e+01
5.919405544441269029e+01,1.355214952724827526e+01
5.921406116033152500e+01,1.351226347334542766e+01
5.923406687625035971e+01,1.243699801053000797e+01
5.925407259216919442e+01,1.260487684647049988e+01
5.927407830808802913e+01,1.277774540733260977e+01
5.929408402400686384e+01,1.208095406263283778e+01
5.931408973992569855e+01,1.207541627254870065e+01
5.933409545584453326e+01,1.166389796022075842e+01
5.935410117176336087e+01,1.160383244600642527e+01
5.937410688768219558e+01,1.099033276174818674e+01
5.939411260360103029e+01,1.036890603431848668e+01
5.941411831951986500e+01,1.103037053916449040e+01
5.943412403543869971e+01,1.026673550786832934e+01
5.945412975135753442e+01,9.818552868583569904e+00
5.947413546727636913e+01,1.080014109251895604e+01
5.949414118319520384e+01,9.485518188913269810e+00
5.951414689911403855e+01,1.032617546741158421e+01
5.953415261503286615e+01,9.919489442782930766e+00
5.955415833095170086e+01,9.539849253239474081e+00
5.957416404687053557e+01,9.489423151677897295e+00
5.959416976278937028e+01,9.766705074044587320e+00
5.961417547870820499e+01,8.635472820687773776e+00
5.963418119462703970e+01,8.249602502422529682e+00
5.965418691054587441e+01,9.141333616864777412e+00
5.967419262646470912e+01,8.833005885878602470e+00
5.969419834238354383e+01,9.269018550721334293e+00
5.971420405830237144e+01,8.953147408142289265e+00
5.973420977422120615e+01,7.973318858762985073e+00
5.975421549014004086e+01,8.731572995975614759e+00
5.977422120605887557e+01,8.659241448725122581e+00
5.979422692197771028e+01,9.071237737528978329e+00
5.981423263789654499e+01,8.508709123200835833e+00
5.983423835381537970e+01,8.518352380844582683e+00
5.985424406973421441e+01,8.181007656434852393e+00
5.987424978565304912e+01,7.897850091998772193e+00
5.989425550157188383e+01,9.393747091737964183e+00
5.991426121749071143e+01,8.758192498298786433e+00
5.993426693340954614e+01,8.794710144901356941e+00
5.995427264932838085e+01,8.481695991899036002e+00
5.997427836524721556e+01,8.701601429505792851e+00
5.999428408116605027e+01,8.789534646073599689e+00
6.001428979708488498e+01,9.604714849202188987e+00
6.003429551300371969e+01,8.556334182234671459e+00
6.005430122892255440e+01,8.808217136809387782e+00
6.007430694484138911e+01,8.373240082569548548e+00
6.009431266076021672e+01,8.897747676451388088e+00
6.011431837667905143e+01,8.578571720648007215e+00
6.013432409259788614e+01,8.524286528959873266e+00
6.015432980851672085e+01,8.143377067932764390e+00
6.017433552443555556e+01,8.450364616870325918e+00
6.019434124035439027e+01,8.834952437842208184e+00
6.021434695627322498e+01,8.124985159184948458e+00
6.023435267219205969e+01,7.788130616903224279e+00
6.025435838811089440e+01,8.332542192139197113e+00
6.027436410402972911e+01,8.300216556543023927e+00
6.029436981994855671e+01,7.512157817243574343e+00
6.031437553586739142e+01,6.839072209557704340e+00
6.033438125178622613e+01,7.658887035898793272e+00
6.035438696770506084e+01,7.338053541862851858e+00
6.037439268362389555e+01,7.243153893601359528e+00
6.039439839954273026e+01,7.268082912903635062e+00
6.041440411546156497e+01,7.085129886212739869e+00
6.043440983138039968e+01,6.722809717234743410e+00
6.045441554729923439e+01,6.278909420025302168e+00
6.047442126321806199e+01,6.673537578669542114e+00
6.049442697913689670e+01,6.772469817197713127e+00
6.051443269505573141e+01,6.505349412661560748e+00
6.053443841097456612e+01,6.870671514454507189e+00
6.055444412689340083e+01,6.621822975235367892e+00
6.057444984281223554e+01,6.008879258308924776e+00
6.059445555873107025e+01,6.345567840381972857e+00
6.061446127464990496e+01,6.778364579489757347e+00
6.063446699056873967e+01,6.525028890504728452e+00
6.065447270648756728e+01,7.070146156708075225e+00
6.067447842240640199e+01,6.532685439158632867e+00
6.069448413832523670e+01,6.723686704438179618e+00
6.071448985424407141e+01,6.148743733231702535e+00
6.073449557016290612e+01,6.954833879967022625e+00
6.075450128608174083e+01,6.856970480934573509e+00
6.077450700200057554e+01,6.806126331061518542e+00
6.079451271791941025e+01,7.135873400999424021e+00
6.081451843383824496e+01,7.217630450849426893e+00
6.083452414975707967e+01,7.363841934252354449e+00
6.085452986567590727e+01,7.691926362862517408e+00
6.087453558159474198e+01,7.265615303197327179e+00
6.089454129751357669e+01,8.098649859151056063e+00
6.091454701343241140e+01,8.563470178717599524e+00
6.093455272935124611e+01,8.457725545343253160e+00
6.095455844527008082e+01,8.851689726887707721e+00
6.097456416118891553e+01,8.601808632273591826e+00
6.099456987710775024e+01,9.114120975989839835e+00
6.101457559302658495e+01,9.192645714738590712e+00
6.103458130894541256e+01,9.580022758234902014e+00
6.105458702486424727e+01,9.303727079592647442e+00
6.107459274078308198e+01,9.430827552289013482e+00
6.109459845670191669e+01,1.028840916694086083e+01
6.111460417262075140e+01,1.081714970759463412e+01
6.113460988853958611e+01,1.089819084312853370e+01
6.115461560445842082e+01,1.070639876678342084e+01
6.117462132037725553e+01,1.104231412482570107e+01
6.119462703629609024e+01,1.072252248320954671e+01
6.121463275221492495e+01,1.141044767404077298e+01
6.123463846813375255e+01,1.182399936859194156e+01
6.125464418405258726e+01,1.141616669404831441e+01
6.127464989997142197e+01,1.098796658974213791e+01
6.129465561589025668e+01,1.157994848550022482e+01
6.131466133180909139e+01,1.130543056585633011e+01
6.133466704772792610e+01,1.049400595585558804e+01
6.135467276364676081e+01,1.149231620908104823e+01
6.137467847956559552e+01,1.046922234633677284e+01
6.139468419548443023e+01,1.111819668651960313e+01
6.141468991140325784e+01,9.781023643276045121e+00
6.143469562732209255e+01,1.062261311085811499e+01
6.145470134324092726e+01,1.030927778783532744e+01
6.147470705915976197e+01,1.016656016163252474e+01
6.149471277507859668e+01,1.013698150246306895e+01
6.151471849099743139e+01,9.276443116888556162e+00
6.153472420691626610e+01,1.020374668413477082e+01
6.155472992283510081e+01,1.034548634530440481e+01
6.157473563875393552e+01,9.755148447814580237e+00
6.159474135467276312e+01,1.055671855134883153e+01
6.161474707059159783e+01,9.869518607861579085e+00
6.163475278651043254e+01,1.015501505230361445e+01
6.165475850242926725e+01,9.501589756379281937e+00
6.167476421834810196e+01,9.407470934113261407e+00
6.169476993426693667e+01,9.514405368833676491e+00
6.171477565018577138e+01,8.766513750595862575e+00
6.173478136610460609e+01,1.007118567124697428e+01
6.175478708202344080e+01,9.127097202068114257e+00
6.177479279794227551e+01,8.577891174747223957e+00
6.179479851386110312e+01,9.012125251856048180e+00
6.181480422977993783e+01,8.166194430839206930e+00
6.183480994569877254e+01,8.015521581144978924e+00
6.185481566161760725e+01,7.768256284262677447e+00
6.187482137753644196e+01,8.536606224600131299e+00
6.189482709345527667e+01,8.112039694804224155e+00
6.191483280937411138e+01,7.981243645572589251e+00
6.193483852529294609e+01,8.166045616036029742e+00
6.195484424121178080e+01,7.882104118151512573e+00
6.197484995713060840e+01,8.440544140625265257e+00
6.199485567304944311e+01,8.610841044158643598e+00
6.201486138896827782e+01,8.436341418742278719e+00
6.203486710488711253e+01,8.785424425354381839e+00
6.205487282080594724e+01,9.044680012963485893e+00
6.207487853672478195e+01,8.178397829278475584e+00
6.209488425264361666e+01,8.428719480403630726e+00
6.211488996856245137e+01,9.104842287481956120e+00
6.213489568448128608e+01,8.509133869808328754e+00
6.215490140040011369e+01,8.693767109536308269e+00
6.217490711631894840e+01,1.048194024269136904e+01
6.219491283223778311e+01,1.001688949298243791e+01
6.221491854815661782e+01,1.037562265447792420e+01
6.223492426407545253e+01,1.098583816898648280e+01
6.225492997999428724e+01,1.092298393378072419e+01
6.227493569591312195e+01,1.184877945899287610e+01
6.229494141183195666e+01,1.191020838598726783e+01
6.231494712775079137e+01,1.224545113105450334e+01
6.233495284366962608e+01,1.267488771298910599e+01
6.235495855958845368e+01,1.344419636563650755e+01
6.237496427550728839e+01,1.322262019845454262e+01
6.239496999142612310e+01,1.315491398743547435e+01
6.241497570734495781e+01,1.369434072575233685e+01
6.243498142326379252e+01,1.370658210837742530e+01
6.245498713918262723e+01,1.541334095902244172e+01
6.247499285510146194e+01,1.488243761726711867e+01
6.249499857102029665e+01,1.572423978149220503e+01
6.251500428693913136e+01,1.506883640542725900e+01
6.253501000285795897e+01,1.565964672933822222e+01
6.255501571877679368e+01,1.563376956106519344e+01
6.257502143469562839e+01,1.560450664625191664e+01
6.259502715061446310e+01,1.656603257156175246e+01
6.261503286653329781e+01,1.593096884055976048e+01
6.263503858245213252e+01,1.607330601753692889e+01
6.265504429837096723e+01,1.547641880866392583e+01
6.267505001428980194e+01,1.646823596908934206e+01
6.269505573020863665e+01,1.601407876370005567e+01
6.271506144612747136e+01,1.594564587636048003e+01
6.273506716204629896e+01,1.638672584106510399e+01
6.275507287796513367e+01,1.555631542048276117e+01
6.277507859388396838e+01,1.649608068777956404e+01
6.279508430980280309e+01,1.538383657354144773e+01
6.281509002572163780e+01,1.566723427562115845e+01
6.283509574164047251e+01,1.526505813443030490e+01
6.285510145755930722e+01,1.562424857343420115e+01
6.287510717347814193e+01,1.479092567000826364e+01
6.289511288939697664e+01,1.412776936087200497e+01
6.291511860531580425e+01,1.462754966486278718e+01
6.293512432123463896e+01,1.370224748814041504e+01
6.295513003715347367e+01,1.338884985968174490e+01
6.297513575307230838e+01,1.215484777802704919e+01
6.299514146899114309e+01,1.240524051955550888e+01
6.301514718490997780e+01,1.167666906418199702e+01
6.303515290082881251e+01,1.112703413830065458e+01
6.305515861674764722e+01,1.119919085437853568e+01
6.307516433266648193e+01,1.116848978321529984e+01
6.309517004858530953e+01,9.542752231719934031e+00
6.311517576450414424e+01,9.941687041557162985e+00
6.313518148042297895e+01,9.640445945478528955e+00
6.315518719634181366e+01,9.079946193569863766e+00
6.317519291226064837e+01,8.984705593410517110e+00
6.319519862817948308e+01,8.787260572012302262e+00
6.321520434409831779e+01,8.197749730383323552e+00
6.323521006001715250e+01,7.529079780415228740e+00
6.325521577593598721e+01,7.585160734801148052e+00
6.327522149185482192e+01,6.776886556355091074e+00
6.329522720777364952e+01,6.606688743363644534e+00
6.331523292369248423e+01,7.034078028694766616e+00
6.333523863961131894e+01,6.695227320581729202e+00
6.335524435553015365e+01,7.770126003243294832e+00
6.337525007144898836e+01,6.494725959228447643e+00
6.339525578736782307e+01,7.003022949504339678e+00
6.341526150328665778e+01,7.343178810341811413e+00
6.343526721920549249e+01,7.423330410121273815e+00
6.345527293512432720e+01,6.802718043664767400e+00
6.347527865104315481e+01,6.843854406630237364e+00
6.349528436696198952e+01,7.549000426048159795e+00
6.351529008288082423e+01,7.359511560207335990e+00
6.353529579879965894e+01,7.725358035548930857e+00
6.355530151471849365e+01,7.727729822892622558e+00
6.357530723063732836e+01,7.836524426984169622e+00
6.359531294655616307e+01,8.742047019991526113e+00
6.361531866247499778e+01,7.949905412707127361e+00
6.363532437839383249e+01,8.417113892435962086e+00
6.365533009431266720e+01,8.657708479036628546e+00
6.367533581023149480e+01,8.068691900558242480e+00
6.369534152615032951e+01,7.960523225877508047e+00
6.371534724206916422e+01,8.151560224733902515e+00
6.373535295798799893e+01,8.447357803900967355e+00
6.375535867390683364e+01,8.751207097627489162e+00
6.377536438982566835e+01,8.886103629246376201e+00
6.379537010574450306e+01,8.818235921561161206e+00
6.381537582166333777e+01,8.250038284361901120e+00
6.383538153758217248e+01,9.260843580354446658e+00
6.385538725350100009e+01,8.499691788558617844e+00
6.387539296941983480e+01,7.923570950275045988e+00
6.389539868533866951e+01,8.210477814758652571e+00
6.391540440125750422e+01,8.086760583693196835e+00
6.393541011717633893e+01,7.739871317068073964e+00
6.395541583309517364e+01,8.044999877316310943e+00
6.397542154901400835e+01,7.363197665060599917e+00
6.399542726493284306e+01,8.349484996192172659e+00
6.401543298085167066e+01,8.342282584163580594e+00
6.403543869677051248e+01,7.878495272778939906e+00
6.405544441268934008e+01,8.527511577386816199e+00
6.407545012860816769e+01,7.482141247303444764e+00
6.409545584452700950e+01,8.532004263725797344e+00
6.411546156044585132e+01,8.491238633674658587e+00
6.413546727636467892e+01,9.369364572881002218e+00
6.415547299228350653e+01,8.973142272610900250e+00
6.417547870820234834e+01,8.772394328684582021e+00
6.419548442412119016e+01,8.958035854881849502e+00
6.421549014004001776e+01,9.552878930218950515e+00
6.423549585595884537e+01,9.706036944152668156e+00
6.425550157187768718e+01,9.530176219548279093e+00
6.427550728779651479e+01,1.011607889016318751e+01
6.429551300371534239e+01,9.186262744690601778e+00
6.431551871963418421e+01,9.897852939584154797e+00
6.433552443555302602e+01,1.059175646673124049e+01
6.435553015147185363e+01,1.035953707158833836e+01
6.437553586739068123e+01,1.028380801479555373e+01
6.439554158330952305e+01,9.629624911504969020e+00
6.441554729922835065e+01,8.967646743565808265e+00
6.443555301514717826e+01,9.414883545764597628e+00
6.445555873106602007e+01,9.932773035949237439e+00
6.447556444698486189e+01,9.145101825847810062e+00
6.449557016290368949e+01,8.969079569778077854e+00
6.451557587882251710e+01,9.754192434784872745e+00
6.453558159474135891e+01,8.537350947204735974e+00
6.455558731066020073e+01,8.597746029804300250e+00
6.457559302657902833e+01,8.328657808728740619e+00
6.459559874249785594e+01,8.957516171826934936e+00
6.461560445841669775e+01,7.925676918889009492e+00
6.463561017433552536e+01,7.745409515204943141e+00
6.465561589025435296e+01,8.517753409154710909e+00
6.467562160617319478e+01,7.306458291568743491e+00
6.469562732209203659e+01,7.305266162828313981e+00
6.471563303801086420e+01,8.144056108585216336e+00
6.473563875392969180e+01,7.382053954007291807e+00
6.475564446984853362e+01,8.079963192600898125e+00
6.477565018576737543e+01,7.061554485657955738e+00
6.479565590168618883e+01,7.190928421612314381e+00
6.481566161760503064e+01,6.429604507162396843e+00
6.483566733352387246e+01,6.799245326621816687e+00
6.485567304944270006e+01,6.437112185428064848e+00
6.487567876536152767e+01,7.072321347840450301e+00
6.489568448128036948e+01,7.045499182550946315e+00
6.491569019719921130e+01,6.422922087218038811e+00
6.493569591311803890e+01,6.118037650232999169e+00
6.495570162903686651e+01,5.949392979882793142e+00
6.497570734495570832e+01,6.380064188155722960e+00
6.499571306087453593e+01,5.272393917830052956e+00
6.501571877679336353e+01,5.452782216928610204e+00
6.503572449271220535e+01,5.850112315705600530e+00
6.505573020863104716e+01,6.043168453421396080e+00
6.507573592454987477e+01,5.437504770150679789e+00
6.509574164046870237e+01,5.623191423123415689e+00
6.511574735638754419e+01,6.323256060528930078e+00
6.513575307230638600e+01,6.285328506906905588e+00
6.515575878822521361e+01,5.470673182059027084e+00
6.517576450414404121e+01,6.469319959928703234e+00
6.519577022006288303e+01,6.913963696077695786e+00
6.521577593598171063e+01,5.903024157288580653e+00
6.523578165190053824e+01,6.503928414470418140e+00
6.525578736781938005e+01,6.503593055578756221e+00
6.527579308373822187e+01,6.253639991612176097e+00
6.529579879965704947e+01,5.574953714031662955e+00
6.531580451557587708e+01,6.209120140005444988e+00
6.533581023149471889e+01,5.698967520924266950e+00
6.535581594741354650e+01,5.860918882441592537e+00
6.537582166333237410e+01,6.439002476010156073e+00
6.539582737925121592e+01,6.438770849239408456e+00
6.541583309517005773e+01,6.660114735698772215e+00
6.543583881108888534e+01,6.391988588973877228e+00
6.545584452700771294e+01,6.719695928263151430e+00
6.547585024292655476e+01,6.078925199484816133e+00
6.549585595884539657e+01,6.579786995667693539e+00
6.551586167476422418e+01,6.291362773570776667e+00
6.553586739068305178e+01,6.285364273123327905e+00
6.555587310660189360e+01,6.707818906369642065e+00
6.557587882252072120e+01,6.269473343160337109e+00
6.559588453843954881e+01,6.924764053684802079e+00
6.561589025435839062e+01,7.116721610628775174e+00
6.563589597027723244e+01,6.556371193710711864e+00
6.565590168619606004e+01,6.523313437580778640e+00
6.567590740211488765e+01,6.623852110882711308e+00
6.569591311803372946e+01,6.918644857381234914e+00
6.571591883395257128e+01,7.953653939012626850e+00
6.573592454987138467e+01,6.672778945513112347e+00
6.575593026579022649e+01,6.899394696889591394e+00
6.577593598170906830e+01,7.439899455252813709e+00
6.579594169762789591e+01,7.293462330288408069e+00
6.581594741354672351e+01,6.919175403454416617e+00
6.583595312946556533e+01,7.687959447851868688e+00
6.585595884538440714e+01,8.017974658329663384e+00
6.587596456130323475e+01,7.945390300671221873e+00
6.589597027722206235e+01,7.818799403640037227e+00
6.591597599314090417e+01,8.361985010058280210e+00
6.593598170905973177e+01,7.595233972453589999e+00
6.595598742497855937e+01,7.585710674498687744e+00
6.597599314089740119e+01,8.395393246633984674e+00
6.599599885681624301e+01,9.142831696306959799e+00
6.601600457273507061e+01,8.176673082117677183e+00
6.603601028865389821e+01,7.814447391080605598e+00
6.605601600457274003e+01,7.679440196552327791e+00
6.607602172049158185e+01,7.689483093109600098e+00
6.609602743641040945e+01,8.426688375191076830e+00
6.611603315232923705e+01,8.383789345037314433e+00
6.613603886824807887e+01,8.084728167495551787e+00
6.615604458416690647e+01,8.530155641771811403e+00
6.617605030008573408e+01,7.655268023418095424e+00
6.619605601600457589e+01,8.278110437719051973e+00
6.621606173192341771e+01,7.804174311031183642e+00
6.623606744784224531e+01,8.115321808296824813e+00
6.625607316376107292e+01,7.992832681646804716e+00
6.627607887967991473e+01,7.909165381526122474e+00
6.629608459559874234e+01,6.827616904178929857e+00
6.631609031151756994e+01,7.232260556104291638e+00
6.633609602743641176e+01,8.134668970276599964e+00
6.635610174335525357e+01,7.603874622536304528e+00
6.637610745927408118e+01,7.752279907101486067e+00
6.639611317519290878e+01,6.990998871911792811e+00
6.641611889111175060e+01,7.808011350294291830e+00
6.643612460703059241e+01,7.542191711735076076e+00
6.645613032294942002e+01,7.482920564982450173e+00
6.647613603886824762e+01,6.795384203975578075e+00
6.649614175478708944e+01,7.124723571959841628e+00
6.651614747070591704e+01,6.589665171882109540e+00
6.653615318662474465e+01,6.884814917126356626e+00
6.655615890254358646e+01,6.620075624937651781e+00
6.657616461846242828e+01,6.913480378778607438e+00
6.659617033438125588e+01,6.049969357496847167e+00
6.661617605030008349e+01,6.650119668236804671e+00
6.663618176621892530e+01,6.521849393789036498e+00
6.665618748213776712e+01,6.453393826081670781e+00
6.667619319805658051e+01,6.420200786228341450e+00
6.669619891397542233e+01,5.848262018210540703e+00
6.671620462989426414e+01,5.976788619102378242e+00
6.673621034581309175e+01,6.118931406441883603e+00
6.675621606173191935e+01,6.248934315360751057e+00
6.677622177765076117e+01,6.158468046394924400e+00
6.679622749356960298e+01,5.645495548469493308e+00
6.681623320948843059e+01,5.357793344206031705e+00
6.683623892540725819e+01,5.389621655456267035e+00
6.685624464132610001e+01,5.666178424944160241e+00
6.687625035724492761e+01,5.805166253767540141e+00
6.689625607316375522e+01,5.705164047567773622e+00
6.691626178908259703e+01,5.691179859761820836e+00
6.693626750500143885e+01,6.140350031252342689e+00
6.695627322092026645e+01,5.870295518671314383e+00
6.697627893683909406e+01,5.510325531691902867e+00
6.699628465275793587e+01,5.904233635953872295e+00
6.701629036867677769e+01,5.195944390860583795e+00
6.703629608459560529e+01,5.390084550023748200e+00
6.705630180051443290e+01,5.507995262883095933e+00
6.707630751643327471e+01,5.830320586362001123e+00
6.709631323235210232e+01,5.656923856636915104e+00
6.711631894827092992e+01,5.257251330293252423e+00
6.713632466418977174e+01,6.001978907223067594e+00
6.715633038010861355e+01,5.181770980093434176e+00
6.717633609602744116e+01,4.883685288489926890e+00
6.719634181194626876e+01,5.397033408817777378e+00
6.721634752786511058e+01,5.225839110344907112e+00
6.723635324378393818e+01,4.706713499708289561e+00
6.725635895970276579e+01,5.311989635607996085e+00
6.727636467562160760e+01,5.072223634881781962e+00
6.729637039154044942e+01,5.508286587365867959e+00
6.731637610745927702e+01,5.169783213049065296e+00
6.733638182337810463e+01,5.027697233593583448e+00
6.735638753929694644e+01,5.946389770932125174e+00
6.737639325521578826e+01,6.010410222190424534e+00
6.739639897113461586e+01,5.563331801348821770e+00
6.741640468705344347e+01,5.751123167790043844e+00
6.743641040297228528e+01,5.267811316506419317e+00
6.745641611889111289e+01,6.104169023676741190e+00
6.747642183480994049e+01,5.274959467671791025e+00
6.749642755072878231e+01,5.077866364387317866e+00
6.751643326664762412e+01,5.060342043094549602e+00
6.753643898256645173e+01,6.395274886129234559e+00
6.755644469848527933e+01,5.507621076093970558e+00
6.757645041440412115e+01,5.764063104881814503e+00
6.759645613032296296e+01,6.058960890927918896e+00
6.761646184624177636e+01,5.892045734980456473e+00
6.763646756216061817e+01,5.714627674954618541e+00
6.765647327807945999e+01,5.817598223413963154e+00
6.767647899399828759e+01,5.740600247086572239e+00
6.769648470991711520e+01,6.110479490341361952e+00
6.771649042583595701e+01,7.262587036952121267e+00
6.773649614175479883e+01,5.756536358732217806e+00
6.775650185767362643e+01,6.488582223769470581e+00
6.777650757359245404e+01,6.453605985193444639e+00
6.779651328951129585e+01,6.401880353007798341e+00
6.781651900543012346e+01,6.277797091851653022e+00
6.783652472134895106e+01,6.685275306823293739e+00
6.785653043726779288e+01,6.516117898518641205e+00
6.787653615318663469e+01,6.525180300613090623e+00
6.789654186910546230e+01,7.259476022136984952e+00
6.791654758502428990e+01,7.501661570396517931e+00
6.793655330094313172e+01,7.647420865786312305e+00
6.795655901686197353e+01,7.567064323276028404e+00
6.797656473278080114e+01,6.933044218863051888e+00
6.799657044869962874e+01,7.163771915009020219e+00
6.801657616461847056e+01,7.441216974769180759e+00
6.803658188053729816e+01,8.123284571402418663e+00
6.805658759645612577e+01,7.121141454924274861e+00
6.807659331237496758e+01,6.990519705543308149e+00
6.809659902829380940e+01,7.520415914899535537e+00
6.811660474421263700e+01,7.688669391901472139e+00
6.813661046013146461e+01,7.469141285612412418e+00
6.815661617605030642e+01,7.752391709602720837e+00
6.817662189196913403e+01,7.772486229759945964e+00
6.819662760788796163e+01,7.639363665425531025e+00
6.821663332380680345e+01,7.205942417416056678e+00
6.823663903972564526e+01,7.661897044420742375e+00
6.825664475564447287e+01,7.465485585588004014e+00
6.827665047156330047e+01,8.078034536361698770e+00
6.829665618748214229e+01,7.066262735987065113e+00
6.831666190340098410e+01,6.817212079512831480e+00
6.833666761931981171e+01,7.102110185806735032e+00
6.835667333523863931e+01,7.827749156917092499e+00
6.837667905115748113e+01,6.926114949570928658e+00
6.839668476707630873e+01,6.625698880608624997e+00
6.841669048299513634e+01,6.558642600904823539e+00
6.843669619891397815e+01,6.440556015557225678e+00
6.845670191483281997e+01,7.157088041149207491e+00
6.847670763075164757e+01,6.904961982948133681e+00
6.849671334667047518e+01,6.763017996578260416e+00
6.851671906258931699e+01,5.768903447499431181e+00
6.853672477850815881e+01,6.843598046510077637e+00
6.855673049442697220e+01,6.635285105091973890e+00
6.857673621034581402e+01,6.520609938347187828e+00
6.859674192626465583e+01,6.130669386369904217e+00
6.861674764218348344e+01,6.049447463886751919e+00
6.863675335810231104e+01,6.028672530352257475e+00
6.865675907402115286e+01,6.660725037914976276e+00
6.867676478993999467e+01,5.371880221280084911e+00
6.869677050585882228e+01,6.549281777081368716e+00
6.871677622177764988e+01,5.993474400792929480e+00
6.873678193769649170e+01,6.942867147380162862e+00
6.875678765361531930e+01,5.889253024000966619e+00
6.877679336953414690e+01,6.091487974016693840e+00
6.879679908545298872e+01,6.694399581514167252e+00
6.881680480137183054e+01,6.914572042984957534e+00
6.883681051729065814e+01,7.128263575592240997e+00
6.885681623320948574e+01,7.768895323326870717e+00
6.887682194912832756e+01,7.434744737037787488e+00
6.889682766504716938e+01,8.179799717704973716e+00
6.891683338096599698e+01,8.623512340707808477e+00
6.893683909688482458e+01,8.112540627216931810e+00
6.895684481280366640e+01,8.490049531030294361e+00
6.897685052872249400e+01,8.111482753401725532e+00
6.899685624464132161e+01,8.886890339151719331e+00
6.901686196056016342e+01,8.692736961430910014e+00
6.903686767647900524e+01,8.693178771187081821e+00
6.905687339239783284e+01,8.533767077062559991e+00
6.907687910831666045e+01,8.969049307754607625e+00
6.909688482423550226e+01,9.577407967871963024e+00
6.911689054015432987e+01,9.030786404431513148e+00
6.913689625607315747e+01,9.329767410196598831e+00
6.915690197199199929e+01,9.308692443904643454e+00
6.917690768791084110e+01,8.952359598936126872e+00
6.919691340382966871e+01,9.618205952411630122e+00
6.921691911974849631e+01,9.259186196259603818e+00
6.923692483566733813e+01,8.950497953689701802e+00
6.925693055158617994e+01,9.383724247021618226e+00
6.927693626750500755e+01,9.323865633397154795e+00
6.929694198342383515e+01,1.009412826367899818e+01
6.931694769934267697e+01,9.714363541371564992e+00
6.933695341526150457e+01,1.031279047610987831e+01
6.935695913118033218e+01,9.496809590506085641e+00
6.937696484709917399e+01,9.381357007483083876e+00
6.939697056301801581e+01,9.542584100750648446e+00
6.941697627893684341e+01,9.667034312668594254e+00
6.943698199485567102e+01,9.892188602294089250e+00
6.945698771077451283e+01,9.432306155608825904e+00
6.947699342669335465e+01,8.573470268679443507e+00
6.949699914261216804e+01,9.737483485019463814e+00
6.951700485853100986e+01,1.004154526285514670e+01
6.953701057444985167e+01,9.033617413400406804e+00
6.955701629036867928e+01,9.585042788974909911e+00
6.957702200628750688e+01,9.050730785002985002e+00
6.959702772220634870e+01,8.859195224155236303e+00
6.961703343812519051e+01,8.824050464825923257e+00
6.963703915404401812e+01,9.090850453589787605e+00
6.965704486996284572e+01,9.188577436266625043e+00
6.967705058588168754e+01,8.543032189201019477e+00
6.969705630180051514e+01,8.291428802514998253e+00
6.971706201771934275e+01,7.496302292682678114e+00
6.973706773363818456e+01,7.637968447764871271e+00
6.975707344955702638e+01,7.439948570157062235e+00
6.977707916547585398e+01,7.409490501606230239e+00
6.979708488139468159e+01,7.285634118551215899e+00
6.981709059731352340e+01,6.937231457773481935e+00
6.983709631323236522e+01,6.994708305136056126e+00
6.985710202915119282e+01,7.080931009818279165e+00
6.987710774507002043e+01,7.057387461152222485e+00
6.989711346098886224e+01,6.327691945888393121e+00
6.991711917690768985e+01,5.583816209788832197e+00
6.993712489282651745e+01,6.477715154688509003e+00
6.995713060874535927e+01,5.270493288940317100e+00
6.997713632466420108e+01,5.460504933101016256e+00
6.999714204058302869e+01,5.992857148457286343e+00
7.001714775650185629e+01,5.019698233896126460e+00
7.003715347242069811e+01,5.839019983251487744e+00
7.005715918833952571e+01,4.953283909444044397e+00
7.007716490425835332e+01,5.158079519561871606e+00
7.009717062017719513e+01,5.416098070308686729e+00
7.011717633609603695e+01,5.205976132992079286e+00
7.013718205201486455e+01,4.795577997847116691e+00
7.015718776793369216e+01,4.665832821405846431e+00
7.017719348385253397e+01,5.672278619090777241e+00
7.019719919977137579e+01,5.398505319573651207e+00
7.021720491569020339e+01,5.786355766787950827e+00
7.023721063160903100e+01,5.996188992652496275e+00
7.025721634752787281e+01,5.736333657401151420e+00
7.027722206344670042e+01,5.526259288827572114e+00
7.029722777936552802e+01,5.746499653999590507e+00
7.031723349528436984e+01,5.735090668889240462e+00
7.033723921120321165e+01,5.956567838149632976e+00
7.035724492712203926e+01,6.137632722038977029e+00
7.037725064304086686e+01,6.402075392110168295e+00
7.039725635895970868e+01,6.119185137944018749e+00
7.041726207487855049e+01,6.749881395747392432e+00
7.043726779079736389e+01,6.388963235860046552e+00
7.045727350671620570e+01,6.486512358708365511e+00
7.047727922263504752e+01,6.679613148928832622e+00
7.049728493855387512e+01,7.303560022503786442e+00
7.051729065447270273e+01,7.406724036452950521e+00
7.053729637039154454e+01,7.618921109094130451e+00
7.055730208631038636e+01,7.257746954067844314e+00
7.057730780222921396e+01,8.159843545786493735e+00
7.059731351814804157e+01,6.795026876834322493e+00
7.061731923406688338e+01,8.465910470984599812e+00
7.063732494998571099e+01,8.061198845127531598e+00
7.065733066590453859e+01,7.859227133855815062e+00
7.067733638182338041e+01,7.840928811723065550e+00
7.069734209774222222e+01,8.741746300587843521e+00
7.071734781366104983e+01,7.867418300118943719e+00
7.073735352957987743e+01,8.921238084322151707e+00
7.075735924549871925e+01,8.607874970572138906e+00
7.077736496141756106e+01,7.986065308466395507e+00
7.079737067733638867e+01,7.588429300109938325e+00
7.081737639325521627e+01,7.520960267480720773e+00
7.083738210917405809e+01,8.270394242963394760e+00
7.085738782509288569e+01,8.734883607708596287e+00
7.087739354101171330e+01,8.229780992868695577e+00
7.089739925693055511e+01,8.851820647663480202e+00
7.091740497284939693e+01,8.282021972997332782e+00
7.093741068876822453e+01,8.530834856120392828e+00
7.095741640468705214e+01,8.821322225756958346e+00
7.097742212060589395e+01,8.791248086491279423e+00
7.099742783652472156e+01,8.728626338393583595e+00
7.101743355244354916e+01,8.558806438608860034e+00
7.103743926836239098e+01,8.989573181857338113e+00
7.105744498428123279e+01,8.287253353168381409e+00
7.107745070020006040e+01,8.606508712447975995e+00
7.109745641611888800e+01,8.646939112976397723e+00
7.111746213203772982e+01,9.142733212385730113e+00
7.113746784795657163e+01,8.662412737053163170e+00
7.115747356387539924e+01,9.506878008937325930e+00
7.117747927979422684e+01,8.634291218316128891e+00
7.119748499571306866e+01,8.481508307799863644e+00
7.121749071163189626e+01,8.973205291864092104e+00
7.123749642755072387e+01,9.555740667566407609e+00
7.125750214346956568e+01,9.556188270204778235e+00
7.127750785938840750e+01,8.975394568447086385e+00
7.129751357530723510e+01,9.342913089093912049e+00
7.131751929122606271e+01,9.743925568677383353e+00
7.133752500714490452e+01,1.015930329932048082e+01
7.135753072306374634e+01,9.967566332160394893e+00
7.137753643898255973e+01,9.052038489328634085e+00
7.139754215490140155e+01,9.383800861996913767e+00
7.141754787082024336e+01,9.353839791447423835e+00
7.143755358673907097e+01,9.878609758382808081e+00
7.145755930265789857e+01,9.574055070286709324e+00
7.147756501857674039e+01,9.031797996448474919e+00
7.149757073449558220e+01,9.653041933509650008e+00
7.151757645041440981e+01,8.574048758716674712e+00
7.153758216633323741e+01,9.601447888454979207e+00
7.155758788225207923e+01,8.707673300882110112e+00
7.157759359817090683e+01,8.495231049093691311e+00
7.159759931408973443e+01,8.199166316914624275e+00
7.161760503000857625e+01,7.452825539576314995e+00
7.163761074592741807e+01,7.249235592490292923e+00
7.165761646184624567e+01,6.560688029058872495e+00
7.167762217776507327e+01,6.866043919414506647e+00
7.169762789368391509e+01,6.801729158812380938e+00
7.171763360960275691e+01,6.242788103843768255e+00
7.173763932552158451e+01,6.148327152118611139e+00
7.175764504144041211e+01,5.647468437482597636e+00
7.177765075735925393e+01,5.762628875292091557e+00
7.179765647327808153e+01,5.072166892029713381e+00
7.181766218919690914e+01,4.953529645116062419e+00
7.183766790511575095e+01,4.741460399270198245e+00
7.185767362103459277e+01,4.959933619946392369e+00
7.187767933695342037e+01,5.295129481519679437e+00
7.189768505287224798e+01,5.125546870795349541e+00
7.191769076879108979e+01,4.883314850034300214e+00
7.193769648470991740e+01,4.398455649622773578e+00
7.195770220062874500e+01,4.482938592925270527e+00
7.197770791654758682e+01,4.475771095017748280e+00
7.199771363246642863e+01,3.900717310071939004e+00
7.201771934838525624e+01,4.671854679107876329e+00
7.203772506430408384e+01,3.904111275982174778e+00
7.205773078022292566e+01,4.992950597799780788e+00
7.207773649614176747e+01,4.718443534717861709e+00
7.209774221206059508e+01,5.353864259517084889e+00
7.211774792797942268e+01,5.004377808500660940e+00
7.213775364389826450e+01,5.213958209579716119e+00
7.215775935981709210e+01,5.665050283048104873e+00
7.217776507573591971e+01,6.089027455688076351e+00
7.219777079165476152e+01,6.356646544460062387e+00
7.221777650757360334e+01,6.814844528221944309e+00
7.223778222349243094e+01,6.595960186718501816e+00
7.225778793941125855e+01,7.428486792949195561e+00
7.227779365533010036e+01,6.705762548872934659e+00
7.229779937124894218e+01,6.878277989296195827e+00
7.231780508716775557e+01,7.183610008297326210e+00
7.233781080308659739e+01,7.817427805244882677e+00
7.235781651900543920e+01,8.196718377506186926e+00
7.237782223492426681e+01,7.469911332799194170e+00
7.239782795084309441e+01,9.205361633376938357e+00
7.241783366676193623e+01,8.762135896439266602e+00
7.243783938268077804e+01,9.563096387361346373e+00
7.245784509859960565e+01,9.190475155401736984e+00
7.247785081451843325e+01,8.615761591053034962e+00
7.249785653043727507e+01,9.639212591658138152e+00
7.251786224635610267e+01,9.093750297378322855e+00
7.253786796227493028e+01,9.495189498490594460e+00
7.255787367819377209e+01,9.162305384679637399e+00
7.257787939411261391e+01,8.956843278306244827e+00
7.259788511003144151e+01,8.908701384019597214e+00
7.261789082595026912e+01,8.656102596253138159e+00
7.263789654186911093e+01,9.173964011824967457e+00
7.265790225778795275e+01,8.669510457253057467e+00
7.267790797370678035e+01,8.917353777962929939e+00
7.269791368962560796e+01,9.152704223574144038e+00
7.271791940554444977e+01,8.799386705020188160e+00
7.273792512146327738e+01,7.987023816212781568e+00
7.275793083738210498e+01,8.899101404795171533e+00
7.277793655330094680e+01,8.346070073286718127e+00
7.279794226921978861e+01,8.439937264248223769e+00
7.281794798513861622e+01,8.291356079019845282e+00
7.283795370105744382e+01,8.293416846122170227e+00
7.285795941697628564e+01,8.413284148218181713e+00
7.287796513289511324e+01,8.142845329631830609e+00
7.289797084881394085e+01,8.118512585350586619e+00
7.291797656473278266e+01,7.836413959887645220e+00
7.293798228065162448e+01,7.396839994246755090e+00
7.295798799657045208e+01,8.206227238287301162e+00
7.297799371248927969e+01,7.390217301247073323e+00
7.299799942840812150e+01,7.482317738847756416e+00
7.301800514432696332e+01,7.264285127131520525e+00
7.303801086024579092e+01,7.356951017397507897e+00
7.305801657616461853e+01,7.448596733288609606e+00
7.307802229208346034e+01,7.210373224091242150e+00
7.309802800800228795e+01,7.325435913150525558e+00
7.311803372392111555e+01,6.729638021554587013e+00
7.313803943983995737e+01,7.271942691353386223e+00
7.315804515575879918e+01,6.826407401205528913e+00
7.317805087167762679e+01,6.610676069293265122e+00
7.319805658759645439e+01,6.491518410195489253e+00
7.321806230351529621e+01,6.366338021245313783e+00
7.323806801943413802e+01,6.049603184286570290e+00
7.325807373535295142e+01,6.530102743097304874e+00
7.327807945127179323e+01,6.430130405009005123e+00
7.329808516719063505e+01,5.976226825032354917e+00
7.331809088310946265e+01,6.544971175840345268e+00
7.333809659902829026e+01,6.089835373031505128e+00
7.335810231494713207e+01,5.910007383994064334e+00
7.337810803086597389e+01,6.129034079952161207e+00
7.339811374678480149e+01,5.654667568817426826e+00
7.341811946270362910e+01,5.924782794922986540e+00
7.343812517862247091e+01,5.861999760057569731e+00
7.345813089454129852e+01,5.250294996626232447e+00
7.347813661046012612e+01,5.638107075290273329e+00
7.349814232637896794e+01,5.665580637342275239e+00
7.351814804229780975e+01,5.664203406096522286e+00
7.353815375821663736e+01,5.783196449726575317e+00
7.355815947413546496e+01,4.234081033665756166e+00
7.357816519005430678e+01,5.134399409723729768e+00
7.359817090597314859e+01,4.601100428177364421e+00
7.361817662189197620e+01,4.522251274806457388e+00
7.363818233781080380e+01,4.307914426426709298e+00
7.365818805372964562e+01,4.672822396427600111e+00
7.367819376964847322e+01,4.711057356152447362e+00
7.369819948556730083e+01,3.967191688616017675e+00
7.371820520148614264e+01,4.079327684197106230e+00
7.373821091740498446e+01,5.024220196319479470e+00
7.375821663332381206e+01,4.054780340988311416e+00
7.377822234924263967e+01,3.802586107761934286e+00
7.379822806516148148e+01,3.952861471429932383e+00
7.381823378108030909e+01,4.388660883890100450e+00
7.383823949699913669e+01,4.306208703120582015e+00
7.385824521291797851e+01,3.497120416234227758e+00
7.387825092883682032e+01,4.356788636301763162e+00
7.389825664475564793e+01,3.473350228143873952e+00
7.391826236067447553e+01,3.541819380040133858e+00
7.393826807659331735e+01,3.800756961089827080e+00
7.395827379251215916e+01,3.548082018592015441e+00
7.397827950843098677e+01,3.635242856787042065e+00
7.399828522434981437e+01,3.427081914394099815e+00
7.401829094026865619e+01,4.062858599444159502e+00
7.403829665618748379e+01,3.291923433627220952e+00
7.405830237210632561e+01,3.839732791595213079e+00
7.407830808802515321e+01,3.811287578834179790e+00
7.409831380394398082e+01,3.347118691966662674e+00
7.411831951986282263e+01,4.005267047352687015e+00
7.413832523578165024e+01,3.424042091404551513e+00
7.415833095170049205e+01,3.868673708672140776e+00
7.417833666761931966e+01,4.473532975386977029e+00
7.419834238353816147e+01,3.455368959675334306e+00
7.421834809945698908e+01,4.938960398216463155e+00
7.423835381537583089e+01,4.090122723557525930e+00
7.425835953129465850e+01,4.176533642295753523e+00
7.427836524721348610e+01,5.112889123541918046e+00
7.429837096313232792e+01,4.451396995359149678e+00
7.431837667905115552e+01,5.392923496161492025e+00
7.433838239496999734e+01,5.899407944147736060e+00
7.435838811088882494e+01,5.641107802489718992e+00
7.437839382680766676e+01,6.018277256754290150e+00
7.439839954272649436e+01,6.511787099552071467e+00
7.441840525864533618e+01,5.876325437996650081e+00
7.443841097456416378e+01,6.702642852205300983e+00
7.445841669048300560e+01,6.595602656256023266e+00
7.447842240640183320e+01,6.413007464432737947e+00
7.449842812232066080e+01,6.746046723645988230e+00
7.451843383823950262e+01,7.414459069631297083e+00
7.453843955415833022e+01,7.232485866338512537e+00
7.455844527007717204e+01,7.250356448999681902e+00
7.457845098599599964e+01,7.417380628739808301e+00
7.459845670191484146e+01,6.715760388375457524e+00
7.461846241783366906e+01,6.715489569458188868e+00
7.463846813375251088e+01,8.026475711159957172e+00
7.465847384967133848e+01,7.562357107985494764e+00
7.467847956559016609e+01,7.968715533612206414e+00
7.469848528150900790e+01,7.246014724766572712e+00
7.471849099742783551e+01,7.532497232028780410e+00
7.473849671334667732e+01,8.558028228215981414e+00
7.475850242926550493e+01,8.346425804990127872e+00
7.477850814518434674e+01,8.734670749313398375e+00
7.479851386110317435e+01,8.460958594735085825e+00
7.481851957702201616e+01,8.189262313984597697e+00
7.483852529294084377e+01,9.645315760723399023e+00
7.485853100885967137e+01,9.946791611139461864e+00
7.487853672477851319e+01,9.480157985546426858e+00
7.489854244069734079e+01,9.995817748764906696e+00
7.491854815661618261e+01,9.832529312626764550e+00
7.493855387253501021e+01,9.535209492483158300e+00
7.495855958845385203e+01,1.021905240651781632e+01
7.497856530437267963e+01,1.031562383716589792e+01
7.499857102029152145e+01,1.008641574030275123e+01
7.501857673621034905e+01,1.046060368055801604e+01
7.503858245212917666e+01,1.055091488098758568e+01
7.505858816804801847e+01,1.054020745486397459e+01
7.507859388396684608e+01,1.052398880677409920e+01
7.509859959988568789e+01,1.092078328964299949e+01
7.511860531580451550e+01,1.149220968297803580e+01
7.513861103172335731e+01,1.072927680806762041e+01
7.515861674764218492e+01,1.034703852172320993e+01
7.517862246356102673e+01,1.021227337665774471e+01
7.519862817947985434e+01,1.053383803359407267e+01
7.521863389539868194e+01,1.110290046161381028e+01
7.523863961131752376e+01,1.029805272159021357e+01
7.525864532723635136e+01,1.027221487907876529e+01
7.527865104315519318e+01,1.014886940188697650e+01
7.529865675907402078e+01,1.050755161038416219e+01
7.531866247499286260e+01,9.911968315405880858e+00
7.533866819091169020e+01,1.087284997086804594e+01
7.535867390683053202e+01,9.699126692296033525e+00
7.537867962274935962e+01,9.877260317334872752e+00
7.539868533866820144e+01,1.000455855182710430e+01
7.541869105458702904e+01,9.911077464849750385e+00
7.543869677050585665e+01,1.016029079718168049e+01
7.545870248642469846e+01,1.028016785805219868e+01
7.547870820234352607e+01,9.258149391508926129e+00
7.549871391826236788e+01,9.675872777516293155e+00
7.551871963418119549e+01,9.385537483712489859e+00
7.553872535010003730e+01,1.000137592048144697e+01
7.555873106601886491e+01,1.004559061057283564e+01
7.557873678193770672e+01,9.362786075614385695e+00
7.559874249785653433e+01,9.902796919831770239e+00
7.561874821377536193e+01,9.400019309638441456e+00
7.563875392969420375e+01,9.567259810414917354e+00
7.565875964561303135e+01,9.048704755762267737e+00
7.567876536153187317e+01,9.582919585038681021e+00
7.569877107745070077e+01,8.857121170038301017e+00
7.571877679336954259e+01,9.247647510616497257e+00
7.573878250928837019e+01,8.888401510810300721e+00
7.575878822520721201e+01,8.560348786217248929e+00
7.577879394112603961e+01,9.330168367827273102e+00
7.579879965704486722e+01,9.167699908612860327e+00
7.581880537296370903e+01,9.525637018799972822e+00
7.583881108888253664e+01,8.765054518002276751e+00
7.585881680480137845e+01,9.017276908594691776e+00
7.587882252072020606e+01,8.683901484905575785e+00
7.589882823663904787e+01,8.915016917089868542e+00
7.591883395255787548e+01,8.876031364071925722e+00
7.593883966847671729e+01,9.073657580350076302e+00
7.595884538439554490e+01,8.694521392869031473e+00
7.597885110031437250e+01,8.982123288928921312e+00
7.599885681623321432e+01,8.524425241632918926e+00
7.601886253215204192e+01,8.286354315398643422e+00
7.603886824807088374e+01,8.771146223323260216e+00
7.605887396398971134e+01,9.005179737913490357e+00
7.607887967990855316e+01,8.942220815542913925e+00
7.609888539582738076e+01,7.851353764224212384e+00
7.611889111174622258e+01,8.840077088430636110e+00
7.613889682766505018e+01,8.313416382822088835e+00
7.615890254358387779e+01,7.730250767455597583e+00
7.617890825950271960e+01,8.833731666348873190e+00
7.619891397542154721e+01,7.848771125804656634e+00
7.621891969134038902e+01,7.630754199168055862e+00
7.623892540725921663e+01,7.870104556539082807e+00
7.625893112317805844e+01,6.960654455842735011e+00
7.627893683909688605e+01,6.724949994441351109e+00
7.629894255501572786e+01,7.062795156626681781e+00
7.631894827093455547e+01,6.208268210328631298e+00
7.633895398685339728e+01,6.720681932879017495e+00
7.635895970277222489e+01,6.028734923167180071e+00
7.637896541869105249e+01,6.018217587357139742e+00
7.639897113460989431e+01,6.181757539000884094e+00
7.641897685052872191e+01,6.043737834172222989e+00
7.643898256644756373e+01,6.521753956646432648e+00
7.645898828236639133e+01,5.815682788791875168e+00
7.647899399828523315e+01,6.005089347556403112e+00
7.649899971420406075e+01,5.655891415977240655e+00
7.651900543012290257e+01,5.719014164128957134e+00
7.653901114604173017e+01,5.601440247147644769e+00
7.655901686196055778e+01,5.882752616374780530e+00
7.657902257787939959e+01,5.223823273141945833e+00
7.659902829379822720e+01,5.849854549071087817e+00
7.661903400971706901e+01,6.111899103641885489e+00
7.663903972563589662e+01,6.325342564729675487e+00
7.665904544155473843e+01,5.098927879539905561e+00
7.667905115747356604e+01,6.302687638273051007e+00
7.669905687339240785e+01,5.779961825300505396e+00
7.671906258931123546e+01,6.282834109338992334e+00
7.673906830523006306e+01,5.782643088323494496e+00
7.675907402114890488e+01,5.960990492684726583e+00
7.677907973706773248e+01,5.775556480512936020e+00
7.679908545298657430e+01,6.542526016207798278e+00
7.681909116890540190e+01,6.515354480519881974e+00
7.683909688482424372e+01,6.458629716204406179e+00
7.685910260074307132e+01,6.198200597191663164e+00
7.687910831666191314e+01,5.677469679627719756e+00
7.689911403258074074e+01,6.152484526386396979e+00
7.691911974849956835e+01,5.889743826084620437e+00
7.693912546441841016e+01,6.168209032225554722e+00
7.695913118033723777e+01,6.386466690979792915e+00
7.697913689625607958e+01,7.013566301373789003e+00
7.699914261217490719e+01,6.867296342856707980e+00
7.701914832809374900e+01,7.531954568176169040e+00
7.703915404401257661e+01,7.072300781316361196e+00
7.705915975993141842e+01,7.406640755291709510e+00
7.707916547585024603e+01,8.425417422561196190e+00
7.709917119176907363e+01,7.665799113740570547e+00
7.711917690768791545e+01,7.546455763590898869e+00
7.713918262360674305e+01,7.447121213025417852e+00
7.715918833952558487e+01,7.972016701497212310e+00
7.717919405544441247e+01,8.410558503384093498e+00
7.719919977136325429e+01,7.758381865334997407e+00
7.721920548728208189e+01,8.278459805823104034e+00
7.723921120320092371e+01,8.650594342585666396e+00
7.725921691911975131e+01,7.813492618089456165e+00
7.727922263503859313e+01,7.946283789631480410e+00
7.729922835095742073e+01,8.194009980193467158e+00
7.731923406687624833e+01,7.864016180795727173e+00
7.733923978279509015e+01,7.511303497088418268e+00
7.735924549871391775e+01,7.791868970873267131e+00
7.737925121463275957e+01,7.169578475288439279e+00
7.739925693055158717e+01,8.218850322501745964e+00
7.741926264647042899e+01,7.934415195713251379e+00
7.743926836238925659e+01,6.455010646507513883e+00
7.745927407830809841e+01,7.254611316264755416e+00
7.747927979422692601e+01,7.592172429128035915e+00
7.749928551014575362e+01,6.927281564962483706e+00
7.751929122606459543e+01,6.923823681088798310e+00
7.753929694198342304e+01,6.609086453343167022e+00
7.755930265790226485e+01,6.464787002724023068e+00
7.757930837382109246e+01,6.502914924249061812e+00
7.759931408973993427e+01,6.371464264704577829e+00
7.761931980565876188e+01,5.978464376170890660e+00
7.763932552157760369e+01,6.805298841899867668e+00
7.765933123749643130e+01,6.384527551588128347e+00
7.767933695341525890e+01,7.003503689970663970e+00
7.769934266933410072e+01,6.299479074281538971e+00
7.771934838525292832e+01,6.151297262803583799e+00
7.773935410117177014e+01,6.340257772790280910e+00
7.775935981709059774e+01,5.834490870928554784e+00
7.777936553300943956e+01,6.355690434043625103e+00
7.779937124892826716e+01,5.715250378838240941e+00
7.781937696484710898e+01,5.634264775571315553e+00
7.783938268076593658e+01,5.839024980908597229e+00
7.785938839668476419e+01,5.483543072087103454e+00
7.787939411260360600e+01,5.457148077093656013e+00
7.789939982852243361e+01,5.741656903256410871e+00
7.791940554444127542e+01,5.902783238402766308e+00
7.793941126036010303e+01,4.828326736263738539e+00
7.795941697627894484e+01,5.526028244039482118e+00
7.797942269219777245e+01,5.051228708872354645e+00
7.799942840811661426e+01,5.424624645258771416e+00
7.801943412403544187e+01,5.605766046812458825e+00
7.803943983995426947e+01,5.534635571482056093e+00
7.805944555587311129e+01,5.121911826607290052e+00
7.807945127179193889e+01,4.807502434938971447e+00
7.809945698771078071e+01,5.579642491982971464e+00
7.811946270362960831e+01,5.020698837992660479e+00
7.813946841954845013e+01,4.778252155616337760e+00
7.815947413546727773e+01,5.615702970783662984e+00
7.817947985138611955e+01,4.799774759275043934e+00
7.819948556730494715e+01,5.117377895139314958e+00
7.821949128322378897e+01,5.313677371557549378e+00
7.823949699914261657e+01,5.911947165758237865e+00
7.825950271506144418e+01,5.556149058433547339e+00
7.827950843098028599e+01,6.319345956392522723e+00
7.829951414689911360e+01,5.845056456915228793e+00
7.831951986281795541e+01,5.813136511071044232e+00
7.833952557873678302e+01,5.881984550004139223e+00
7.835953129465562483e+01,5.897367652280937733e+00
7.837953701057445244e+01,5.609219216487725035e+00
7.839954272649329425e+01,6.040572932850882815e+00
7.841954844241212186e+01,6.805449548280128269e+00
7.843955415833094946e+01,6.495500448477711686e+00
7.845955987424979128e+01,5.822596176955366687e+00
7.847956559016861888e+01,7.061903286389348722e+00
7.849957130608746070e+01,6.598482832957536459e+00
7.851957702200628830e+01,5.658007724397878135e+00
7.853958273792513012e+01,6.544896175769598479e+00
7.855958845384395772e+01,6.569084526365542409e+00
7.857959416976279954e+01,6.385544936719117715e+00
7.859959988568162714e+01,6.657182116354540824e+00
7.861960560160045475e+01,6.664327993508992520e+00
7.863961131751929656e+01,6.714014370020831457e+00
7.865961703343812417e+01,6.379824184071468451e+00
7.867962274935696598e+01,6.499746780618286479e+00
7.869962846527579359e+01,6.289491161108863082e+00
7.871963418119463540e+01,7.010318190114880998e+00
7.873963989711346301e+01,6.605505174489358922e+00
7.875964561303230482e+01,6.724932964188356621e+00
7.877965132895113243e+01,7.511337605321336319e+00
7.879965704486996003e+01,7.215830973957195305e+00
7.881966276078880185e+01,6.823931926844950979e+00
7.883966847670762945e+01,7.450969193451983941e+00
7.885967419262647127e+01,7.198066981040897261e+00
7.887967990854529887e+01,6.961947513089825179e+00
7.889968562446414069e+01,6.839482594064707044e+00
7.891969134038296829e+01,7.200672771603209732e+00
7.893969705630181011e+01,8.022313786926568824e+00
7.895970277222063771e+01,7.077118920348612008e+00
7.897970848813946532e+01,7.621717616522073691e+00
7.899971420405830713e+01,7.062444152219105042e+00
7.901971991997713474e+01,8.302539981830431515e+00
7.903972563589597655e+01,7.810549618755427304e+00
7.905973135181480416e+01,7.271739246664614242e+00
7.907973706773364597e+01,8.516337035933998934e+00
7.909974278365247358e+01,7.506011954787057405e+00
7.911974849957131539e+01,8.052730950871927362e+00
7.913975421549014300e+01,7.858734437362629777e+00
7.915975993140898481e+01,7.841303597193762798e+00
7.917976564732781242e+01,7.927672642017427940e+00
7.919977136324664002e+01,8.233688511554698053e+00
7.921977707916548184e+01,7.858178445033270343e+00
7.923978279508430944e+01,7.232986381860797565e+00
7.925978851100315126e+01,7.948772486750842248e+00
7.927979422692197886e+01,7.983905503555894789e+00
7.929979994284082068e+01,7.964557018742482342e+00
7.931980565875964828e+01,8.021764933515935780e+00
7.933981137467849010e+01,7.909584872625044838e+00
7.935981709059731770e+01,6.879303049433088901e+00
7.937982280651614531e+01,7.197663228978318450e+00
7.939982852243498712e+01,7.394540717246488981e+00
7.941983423835381473e+01,7.877533899258287065e+00
7.943983995427265654e+01,7.281861908509492665e+00
7.945984567019148415e+01,7.814641808311859172e+00
7.947985138611032596e+01,7.588767484679729947e+00
7.949985710202915357e+01,8.688134840943304127e+00
7.951986281794799538e+01,7.973451502683163383e+00
7.953986853386682299e+01,8.830276995815363961e+00
7.955987424978565059e+01,8.696421836841386366e+00
7.957987996570449241e+01,7.730202807637205353e+00
7.959988568162332001e+01,8.071553666079292810e+00
7.961989139754216183e+01,9.407173058488346840e+00
7.963989711346098943e+01,9.052546195564207920e+00
7.965990282937983125e+01,8.696450299802002348e+00
7.967990854529865885e+01,9.308887542416918848e+00
7.969991426121750067e+01,8.226679916297591433e+00
7.971991997713632827e+01,9.045677498722561438e+00
7.973992569305515588e+01,7.659648241209414898e+00
7.975993140897399769e+01,8.680404850477264844e+00
7.977993712489282530e+01,7.916521071049688274e+00
7.979994284081166711e+01,7.752799291230447309e+00
7.981994855673049472e+01,8.415935592251337027e+00
7.983995427264933653e+01,6.664963722664334789e+00
7.985995998856816414e+01,6.354928303215721996e+00
7.987996570448700595e+01,6.007697424146247300e+00
7.989997142040583356e+01,5.768638362290199773e+00
7.991997713632466116e+01,6.427539762901298914e+00
7.993998285224350298e+01,5.177914547388208888e+00
7.995998856816233058e+01,5.940344543315545067e+00
7.997999428408117240e+01,5.842410773713877958e+00
8.000000000000000000e+01,2.629451474128971178e+00
