angle,intensity
1.000000000000000000e+01,3.177864110916142959e+00
1.002000571591883471e+01,1.096813363611424741e+01
1.004001143183766764e+01,1.146122415611839784e+01
1.006001714775650235e+01,1.180093307933441515e+01
1.008002286367533529e+01,1.108196423762442784e+01
1.010002857959417000e+01,1.193874135171531847e+01
1.012003429551300293e+01,1.154109009721836543e+01
1.014004001143183764e+01,1.215262155606776417e+01
1.016004572735067235e+01,1.216497407249721441e+01
1.018005144326950528e+01,1.227056878970905807e+01
1.020005715918833999e+01,1.343511796750606457e+01
1.022006287510717293e+01,1.294945943853961978e+01
1.024006859102600764e+01,1.271758046239470730e+01
1.026007430694484057e+01,1.345340824327194085e+01
1.028008002286367528e+01,1.423745356020375574e+01
1.030008573878250999e+01,1.414922040223825306e+01
1.032009145470134293e+01,1.377365535965166998e+01
1.034009717062017764e+01,1.448780431373028321e+01
1.036010288653901057e+01,1.527054337499321868e+01
1.038010860245784528e+01,1.494928300064623272e+01
1.040011431837667999e+01,1.458191917309393126e+01
1.042012003429551292e+01,1.599382622478836780e+01
1.044012575021434763e+01,1.533138941123984722e+01
1.046013146613318057e+01,1.579796808073112402e+01
1.048013718205201528e+01,1.637083323524930023e+01
1.050014289797084821e+01,1.652527633521133055e+01
1.052014861388968292e+01,1.656040849941894777e+01
1.054015432980851585e+01,1.700497354642976688e+01
1.056016004572735056e+01,1.838522051549255565e+01
1.058016576164618527e+01,1.806819514384620717e+01
1.060017147756501821e+01,1.793512545019614635e+01
1.062017719348385292e+01,1.856238533182137473e+01
1.064018290940268585e+01,1.893082873824519297e+01
1.066018862532152056e+01,1.906206862347824682e+01
1.068019434124035527e+01,1.952644933873044053e+01
1.070020005715918820e+01,1.936044871724433847e+01
1.072020577307802292e+01,2.002476910399770560e+01
1.074021148899685585e+01,2.052660587985692331e+01
1.076021720491569056e+01,2.104786439124645980e+01
1.078022292083452349e+01,2.093973639992734803e+01
1.080022863675335820e+01,2.116646428855121087e+01
1.082023435267219291e+01,2.277360789466064972e+01
1.084024006859102585e+01,2.262919214530655410e+01
1.086024578450986056e+01,2.313058183752267283e+01
1.088025150042869349e+01,2.374731624386389939e+01
1.090025721634752820e+01,2.354874649330226788e+01
1.092026293226636113e+01,2.468809160489607279e+01
1.094026864818519584e+01,2.494474294458300179e+01
1.096027436410403055e+01,2.550300882472161490e+01
1.098028008002286349e+01,2.589891035254359863e+01
1.100028579594169820e+01,2.640658933810089692e+01
1.102029151186053113e+01,2.700881774281648262e+01
1.104029722777936584e+01,2.757887046207957482e+01
1.106030294369819877e+01,2.740075802942026684e+01
1.108030865961703348e+01,2.789695262378412366e+01
1.110031437553586819e+01,2.872213205398836777e+01
1.112032009145470113e+01,2.965159564158505390e+01
1.114032580737353584e+01,3.047262603736395903e+01
1.116033152329236877e+01,3.006116355734646817e+01
1.118033723921120348e+01,3.052964115494854269e+01
1.120034295513003642e+01,3.085880996056263115e+01
1.122034867104887113e+01,3.126651050726773917e+01
1.124035438696770584e+01,3.076003151655206125e+01
1.126036010288653877e+01,3.173175314175338002e+01
1.128036581880537348e+01,3.119597872652927961e+01
1.130037153472420641e+01,3.278920390662305806e+01
1.132037725064304112e+01,3.197394604450654754e+01
1.134038296656187583e+01,3.250287738993658593e+01
1.136038868248070877e+01,3.230895126682725760e+01
1.138039439839954348e+01,3.220738869747091826e+01
1.140040011431837641e+01,3.262027935958053604e+01
1.142040583023721112e+01,3.230904152621721437e+01
1.144041154615604405e+01,3.135441656423859769e+01
1.146041726207487876e+01,3.093232276045524998e+01
1.148042297799371170e+01,3.006864301016192442e+01
1.150042869391254641e+01,3.047448455148106206e+01
1.152043440983138112e+01,2.900200971614250989e+01
1.154044012575021405e+01,2.835890279287378846e+01
1.156044584166904876e+01,2.642600929433619328e+01
1.158045155758788169e+01,2.552460335449038453e+01
1.160045727350671640e+01,2.408062240598032133e+01
1.162046298942555111e+01,2.286117324818582830e+01
1.164046870534438405e+01,2.067714124385896568e+01
1.166047442126321876e+01,2.014915177908467214e+01
1.168048013718205169e+01,1.839185025041915011e+01
1.170048585310088640e+01,1.734054008118950208e+01
1.172049156901971934e+01,1.651461272082216780e+01
1.174049728493855405e+01,1.540964763935662418e+01
1.176050300085738698e+01,1.492960107765498634e+01
1.178050871677622169e+01,1.395527162771215401e+01
1.180051443269505640e+01,1.310375133429907279e+01
1.182052014861388933e+01,1.257642413737675113e+01
1.184052586453272404e+01,1.260887186437725305e+01
1.186053158045155698e+01,1.283695648604213346e+01
1.188053729637039169e+01,1.204597064688681307e+01
1.190054301228922640e+01,1.237159067161759651e+01
1.192054872820805933e+01,1.147353556905137140e+01
1.194055444412689404e+01,1.129724689265629500e+01
1.196056016004572697e+01,1.201453012284444277e+01
1.198056587596456168e+01,1.035771560929897994e+01
1.200057159188339639e+01,1.086311726106798403e+01
1.202057730780222933e+01,9.675982373813880599e+00
1.204058302372106226e+01,1.056862759441995081e+01
1.206058873963989697e+01,8.651885297484771087e+00
1.208059445555873168e+01,8.612308725554917999e+00
1.210060017147756461e+01,9.231628984334442123e+00
1.212060588739639932e+01,8.441829095052991505e+00
1.214061160331523226e+01,8.476393753709581702e+00
1.216061731923406697e+01,7.568461454760837981e+00
1.218062303515290168e+01,7.326861799378687756e+00
1.220062875107173461e+01,7.412755858271138365e+00
1.222063446699056932e+01,7.147226028562461586e+00
1.224064018290940226e+01,7.631720798358189839e+00
1.226064589882823697e+01,7.232045009150178672e+00
1.228065161474707168e+01,6.885472476630571492e+00
1.230065733066590461e+01,7.554847261092715982e+00
1.232066304658473754e+01,6.272400048673480555e+00
1.234066876250357225e+01,6.281690907407528890e+00
1.236067447842240696e+01,6.515678452515759389e+00
1.238068019434123990e+01,6.585011579657509273e+00
1.240068591026007461e+01,6.688614764014388925e+00
1.242069162617890754e+01,6.143739214603780141e+00
1.244069734209774225e+01,6.877505478871605682e+00
1.246070305801657696e+01,6.216788465454056833e+00
1.248070877393540989e+01,6.764793536527722750e+00
1.250071448985424460e+01,6.352923259148077761e+00
1.252072020577307754e+01,6.477780688867127878e+00
1.254072592169191225e+01,6.715605793111876665e+00
1.256073163761074696e+01,6.413016968067310586e+00
1.258073735352957989e+01,6.762402768416504450e+00
1.260074306944841460e+01,7.440546147661727616e+00
1.262074878536724754e+01,7.228834379328255011e+00
1.264075450128608225e+01,8.136609637170620246e+00
1.266076021720491518e+01,7.572738375387821463e+00
1.268076593312374989e+01,7.632335362069705198e+00
1.270077164904258282e+01,7.104890902228268246e+00
1.272077736496141753e+01,8.478268623283247152e+00
1.274078308088025224e+01,8.026967582627106523e+00
1.276078879679908518e+01,7.557724235731734908e+00
1.278079451271791989e+01,7.328387359998544071e+00
1.280080022863675282e+01,8.245150652529023461e+00
1.282080594455558753e+01,7.903366889391189254e+00
1.284081166047442224e+01,7.812815498965766103e+00
1.286081737639325517e+01,7.967321177839632895e+00
1.288082309231208988e+01,8.487458556154781064e+00
1.290082880823092282e+01,8.976846772465858493e+00
1.292083452414975753e+01,8.656530972048756212e+00
1.294084024006859224e+01,9.365960172213217305e+00
1.296084595598742517e+01,9.351744227698146616e+00
1.298085167190625810e+01,1.007145462229180666e+01
1.300085738782509281e+01,8.828389141710248467e+00
1.302086310374392752e+01,8.632114139219924098e+00
1.304086881966276046e+01,9.567881038593149867e+00
1.306087453558159517e+01,9.335079323069569668e+00
1.308088025150042810e+01,9.120199812773595482e+00
1.310088596741926281e+01,9.784925319033114022e+00
1.312089168333809752e+01,9.264636083591001992e+00
1.314089739925693046e+01,9.702989058949116341e+00
1.316090311517576517e+01,9.317286968372913591e+00
1.318090883109459810e+01,9.674497275144224417e+00
1.320091454701343281e+01,1.004393721128355921e+01
1.322092026293226752e+01,9.816453989165163208e+00
1.324092597885110045e+01,9.313336713921689380e+00
1.326093169476993339e+01,8.853591279552990301e+00
1.328093741068876810e+01,9.364082828645797107e+00
1.330094312660760281e+01,8.918522156924028721e+00
1.332094884252643574e+01,8.751212255310171884e+00
1.334095455844527045e+01,8.457709222678225558e+00
1.336096027436410338e+01,7.745114434988558116e+00
1.338096599028293809e+01,7.501229122307195851e+00
1.340097170620177280e+01,7.319305949852227045e+00
1.342097742212060574e+01,7.241874833008033363e+00
1.344098313803944045e+01,6.936032572192562640e+00
1.346098885395827338e+01,5.675501738766287829e+00
1.348099456987710809e+01,5.295910384774114021e+00
1.350100028579594280e+01,5.954492528994041578e+00
1.352100600171477573e+01,5.013625098261339730e+00
1.354101171763361044e+01,4.789762132208581491e+00
1.356101743355244338e+01,4.206773920474295103e+00
1.358102314947127809e+01,4.348803327046222300e+00
1.360102886539011102e+01,4.901133502159685129e+00
1.362103458130894573e+01,4.179512422151051787e+00
1.364104029722777867e+01,4.134452314110057536e+00
1.366104601314661338e+01,4.312778949623959690e+00
1.368105172906544809e+01,3.929042204130008820e+00
1.370105744498428102e+01,4.506149642777269371e+00
1.372106316090311573e+01,3.700763153342445655e+00
1.374106887682194866e+01,3.898702097887638551e+00
1.376107459274078337e+01,3.105366976937761425e+00
1.378108030865961808e+01,3.229275236355442225e+00
1.380108602457845102e+01,2.921455504323835051e+00
1.382109174049728573e+01,3.220353964708386307e+00
1.384109745641611866e+01,3.297184830222733787e+00
1.386110317233495337e+01,2.885370829009944682e+00
1.388110888825378808e+01,3.515624268901598626e+00
1.390111460417262101e+01,3.639136295297313417e+00
1.392112032009145395e+01,3.635363222809587569e+00
1.394112603601028866e+01,3.378292885787201882e+00
1.396113175192912337e+01,3.253132601133463364e+00
1.398113746784795630e+01,3.582148207321938838e+00
1.400114318376679101e+01,3.065817167311555291e+00
1.402114889968562395e+01,3.281047265969323057e+00
1.404115461560445866e+01,3.350424730661877959e+00
1.406116033152329337e+01,3.960126298130506761e+00
1.408116604744212630e+01,3.924484926555269482e+00
1.410117176336095923e+01,2.876055281301476807e+00
1.412117747927979394e+01,4.449162231444026006e+00
1.414118319519862865e+01,3.448299757175551150e+00
1.416118891111746336e+01,4.145875552650467810e+00
1.418119462703629630e+01,3.310951223380180775e+00
1.420120034295512923e+01,3.192647274728857454e+00
1.422120605887396394e+01,4.146927676598689771e+00
1.424121177479279865e+01,4.414932752058748022e+00
1.426121749071163336e+01,2.978675074204860440e+00
1.428122320663046629e+01,3.764054892091853066e+00
1.430122892254929923e+01,3.385844869062540674e+00
1.432123463846813394e+01,4.445591982355707295e+00
1.434124035438696865e+01,3.965619206525276219e+00
1.436124607030580158e+01,3.919139670124844876e+00
1.438125178622463629e+01,3.305274922034829643e+00
1.440125750214346922e+01,3.490607520677266429e+00
1.442126321806230393e+01,4.376251463877257386e+00
1.444126893398113864e+01,3.582312155766343320e+00
1.446127464989997158e+01,3.749866078680126336e+00
1.448128036581880451e+01,3.463133417726510288e+00
1.450128608173763922e+01,3.203024707329582554e+00
1.452129179765647393e+01,3.440615947469919611e+00
1.454129751357530864e+01,3.331453918384262192e+00
1.456130322949414158e+01,3.203344117520314782e+00
1.458130894541297451e+01,3.489561637128368865e+00
1.460131466133180922e+01,3.221232935510980333e+00
1.462132037725064393e+01,3.606368634531582629e+00
1.464132609316947686e+01,3.390731439510923817e+00
1.466133180908831157e+01,4.002810125844396438e+00
1.468133752500714451e+01,3.727729018103282499e+00
1.470134324092597922e+01,3.046312382306972211e+00
1.472134895684481393e+01,3.401257820435478862e+00
1.474135467276364686e+01,3.087996606903585572e+00
1.476136038868247979e+01,3.820677931215702205e+00
1.478136610460131450e+01,4.119282121211057301e+00
1.480137182052014921e+01,4.132923444552435654e+00
1.482137753643898392e+01,3.962603077978026356e+00
1.484138325235781686e+01,3.682163940854082718e+00
1.486138896827664979e+01,2.983478193250679311e+00
1.488139468419548450e+01,4.029477598126088189e+00
1.490140040011431921e+01,3.441443069232932750e+00
1.492140611603315392e+01,4.524069473069755709e+00
1.494141183195198685e+01,4.376230858429930315e+00
1.496141754787081979e+01,4.173754723692347568e+00
1.498142326378965450e+01,3.365957979165938863e+00
1.500142897970848921e+01,3.573292528042341765e+00
1.502143469562732214e+01,3.850856657789765158e+00
1.504144041154615508e+01,3.643139686206091632e+00
1.506144612746498979e+01,4.092322141617103171e+00
1.508145184338382450e+01,3.913287101138043234e+00
1.510145755930265921e+01,4.621775588105798249e+00
1.512146327522149214e+01,3.583922807767444318e+00
1.514146899114032507e+01,3.743890922309813352e+00
1.516147470705915978e+01,3.864163953456438705e+00
1.518148042297799449e+01,3.963417233476256740e+00
1.520148613889682920e+01,4.108562449179396836e+00
1.522149185481566214e+01,3.822758723015329707e+00
1.524149757073449507e+01,4.566370257937581556e+00
1.526150328665332978e+01,3.377651107742306813e+00
1.528150900257216449e+01,3.393350640175615496e+00
1.530151471849099742e+01,4.442705617589503220e+00
1.532152043440983036e+01,3.644710298245191105e+00
1.534152615032866507e+01,4.154073268007589803e+00
1.536153186624749978e+01,4.256808512684080448e+00
1.538153758216633449e+01,3.505234643875296374e+00
1.540154329808516742e+01,4.270368253424541294e+00
1.542154901400400036e+01,4.613777096189737748e+00
1.544155472992283507e+01,5.031736171188225804e+00
1.546156044584166978e+01,3.870338386398550767e+00
1.548156616176050449e+01,4.331118694301165917e+00
1.550157187767933742e+01,4.724112786424612409e+00
1.552157759359817035e+01,4.103598534287019817e+00
1.554158330951700506e+01,4.542429549630692343e+00
1.556158902543583977e+01,4.483742782542581296e+00
1.558159474135467271e+01,4.908744229803893688e+00
1.560160045727350742e+01,4.415838515627425132e+00
1.562160617319234035e+01,5.325471829534539125e+00
1.564161188911117506e+01,4.365142049265143598e+00
1.566161760503000977e+01,4.417629853882945490e+00
1.568162332094884270e+01,4.584812409704161595e+00
1.570162903686767564e+01,5.315944848162349246e+00
1.572163475278651035e+01,3.995003922553861386e+00
1.574164046870534506e+01,4.754942448128741006e+00
1.576164618462417977e+01,5.002185213631104688e+00
1.578165190054301270e+01,5.164170522821205367e+00
1.580165761646184563e+01,4.949637786637483217e+00
1.582166333238068034e+01,4.692240900670343606e+00
1.584166904829951505e+01,4.977542661827177639e+00
1.586167476421834799e+01,4.927108119797443564e+00
1.588168048013718270e+01,4.824353392010044317e+00
1.590168619605601563e+01,3.739258862487292223e+00
1.592169191197485034e+01,4.796312727414122179e+00
1.594169762789368505e+01,3.933881353365802802e+00
1.596170334381251799e+01,5.330680305426968246e+00
1.598170905973135092e+01,5.431135756317646113e+00
1.600171477565018563e+01,4.626813123769317748e+00
1.602172049156902034e+01,5.037684956651603763e+00
1.604172620748785505e+01,4.131026918295087391e+00
1.606173192340668976e+01,5.190284938786916769e+00
1.608173763932552092e+01,4.055875291362179169e+00
1.610174335524435563e+01,4.164925739655101822e+00
1.612174907116319034e+01,4.307181591438026480e+00
1.614175478708202505e+01,5.245232006427722027e+00
1.616176050300085620e+01,4.192741266898412533e+00
1.618176621891969091e+01,5.157339580044405736e+00
1.620177193483852562e+01,5.372523136326503135e+00
1.622177765075736033e+01,5.211305920978614559e+00
1.624178336667619504e+01,5.070519184968374837e+00
1.626178908259502620e+01,4.469354519360225098e+00
1.628179479851386091e+01,5.082652630566427021e+00
1.630180051443269562e+01,4.750831809061292432e+00
1.632180623035153033e+01,5.215403966722655937e+00
1.634181194627036149e+01,5.261546416278748417e+00
1.636181766218919620e+01,5.444076485356857731e+00
1.638182337810803091e+01,5.691989375474313384e+00
1.640182909402686562e+01,5.061102737244228322e+00
1.642183480994570033e+01,6.603447468580618818e+00
1.644184052586453504e+01,6.418280290986936976e+00
1.646184624178336620e+01,6.690125494861757893e+00
1.648185195770220091e+01,5.869352168293057836e+00
1.650185767362103562e+01,6.336054320489612479e+00
1.652186338953986677e+01,6.728929668619269222e+00
1.654186910545870148e+01,6.979909098689489610e+00
1.656187482137753619e+01,6.862151947992226830e+00
1.658188053729637090e+01,7.296533436081022117e+00
1.660188625321520561e+01,6.572392224295695584e+00
1.662189196913404032e+01,7.113868362043477944e+00
1.664189768505287148e+01,7.612473135628014198e+00
1.666190340097170619e+01,7.234068931655526669e+00
1.668190911689054090e+01,7.062781791103907025e+00
1.670191483280937561e+01,7.503420283248753542e+00
1.672192054872820677e+01,7.912313963351152779e+00
1.674192626464704148e+01,8.146005235798959632e+00
1.676193198056587619e+01,8.045697603574076595e+00
1.678193769648471090e+01,9.332287188260611543e+00
1.680194341240354561e+01,8.887157827877988581e+00
1.682194912832238032e+01,8.320647894147402468e+00
1.684195484424121148e+01,9.439655520779698605e+00
1.686196056016004619e+01,9.397998900401661970e+00
1.688196627607888090e+01,9.940887963435535823e+00
1.690197199199771205e+01,1.031040195555257100e+01
1.692197770791654676e+01,1.006385914997956910e+01
1.694198342383538147e+01,1.034347336459974009e+01
1.696198913975421618e+01,9.748526869978167753e+00
1.698199485567305089e+01,9.847444663288474231e+00
1.700200057159188560e+01,1.085623205482397680e+01
1.702200628751071676e+01,1.060355637437867138e+01
1.704201200342955147e+01,1.169669502979415654e+01
1.706201771934838618e+01,1.068585961792223316e+01
1.708202343526722089e+01,1.088522633685681384e+01
1.710202915118605205e+01,1.203075165282958991e+01
1.712203486710488676e+01,1.152519484898705393e+01
1.714204058302372147e+01,1.214317055304459991e+01
1.716204629894255618e+01,1.196530388670877620e+01
1.718205201486139089e+01,1.242256459778061384e+01
1.720205773078022204e+01,1.317943217894470820e+01
1.722206344669905675e+01,1.281427133047716538e+01
1.724206916261789146e+01,1.326487987245850064e+01
1.726207487853672617e+01,1.272297032932298855e+01
1.728208059445555733e+01,1.386014073489227982e+01
1.730208631037439204e+01,1.459994932964095149e+01
1.732209202629322675e+01,1.406123283305664629e+01
1.734209774221206146e+01,1.501605690189276032e+01
1.736210345813089617e+01,1.541535730818995376e+01
1.738210917404973088e+01,1.603908021860791422e+01
1.740211488996856204e+01,1.610464561960339225e+01
1.742212060588739675e+01,1.684113555752733404e+01
1.744212632180623146e+01,1.721451017852188414e+01
1.746213203772506262e+01,1.796971808955145988e+01
1.748213775364389733e+01,1.845024172267340745e+01
1.750214346956273204e+01,1.847478878080484321e+01
1.752214918548156675e+01,1.996002255035634221e+01
1.754215490140040146e+01,2.047546012471178756e+01
1.756216061731923617e+01,2.072317892708597498e+01
1.758216633323806732e+01,2.142456113833821263e+01
1.760217204915690203e+01,2.234667392772361438e+01
1.762217776507573674e+01,2.274560011415307770e+01
1.764218348099457145e+01,2.399619547555306553e+01
1.766218919691340261e+01,2.453627098153565100e+01
1.768219491283223732e+01,2.499011317288717748e+01
1.770220062875107203e+01,2.574075018973788076e+01
1.772220634466990674e+01,2.665804895672751229e+01
1.774221206058874145e+01,2.775204386643515164e+01
1.776221777650757616e+01,2.803302693030392234e+01
1.778222349242640732e+01,2.843731959261056375e+01
1.780222920834524203e+01,2.887211765701073318e+01
1.782223492426407674e+01,3.015553010635718323e+01
1.784224064018290790e+01,3.067332507991369539e+01
1.786224635610174261e+01,3.177704172271423388e+01
1.788225207202057732e+01,3.232429023103947685e+01
1.790225778793941203e+01,3.367133003533436408e+01
1.792226350385824674e+01,3.373500645776886131e+01
1.794226921977708145e+01,3.488385818373616587e+01
1.796227493569591260e+01,3.539849356285724014e+01
1.798228065161474731e+01,3.586035695065490359e+01
1.800228636753358202e+01,3.728597769013231300e+01
1.802229208345241318e+01,3.764375382184448426e+01
1.804229779937124789e+01,3.883090945809718875e+01
1.806230351529008260e+01,3.848981468297142072e+01
1.808230923120891731e+01,3.988704952255908154e+01
1.810231494712775202e+01,4.080689896039110920e+01
1.812232066304658673e+01,4.107275846399871000e+01
1.814232637896542144e+01,4.085607726648125748e+01
1.816233209488425260e+01,4.203126948750099245e+01
1.818233781080308731e+01,4.204708299505468005e+01
1.820234352672191847e+01,4.119810595889791216e+01
1.822234924264075318e+01,4.136790463780916127e+01
1.824235495855958789e+01,4.014431917862377475e+01
1.826236067447842260e+01,3.948634894119120986e+01
1.828236639039725731e+01,3.905067519051277714e+01
1.830237210631609202e+01,3.798213035909438418e+01
1.832237782223492673e+01,3.747592253853224520e+01
1.834238353815375788e+01,3.623747801983412842e+01
1.836238925407259259e+01,3.511944963772770478e+01
1.838239496999142730e+01,3.434445340168065997e+01
1.840240068591025846e+01,3.414473076826016040e+01
1.842240640182909317e+01,3.325329042053458295e+01
1.844241211774792788e+01,3.155781607880675921e+01
1.846241783366676259e+01,3.181175790887495225e+01
1.848242354958559730e+01,3.174983624439128960e+01
1.850242926550443201e+01,3.078400440889756950e+01
1.852243498142326672e+01,3.116405967100912733e+01
1.854244069734209788e+01,3.173494585080585040e+01
1.856244641326093259e+01,3.137588297709089602e+01
1.858245212917976374e+01,3.119911716288902426e+01
1.860245784509859845e+01,3.235750470359852216e+01
1.862246356101743316e+01,3.221591155679782048e+01
1.864246927693626787e+01,3.162411193179503499e+01
1.866247499285510258e+01,3.268545283327163986e+01
1.868248070877393729e+01,3.234398113135988950e+01
1.870248642469277200e+01,3.240817737919387298e+01
1.872249214061160316e+01,3.328468032252281006e+01
1.874249785653043787e+01,3.232924390479685428e+01
1.876250357244927258e+01,3.166848010996179141e+01
1.878250928836810374e+01,3.234783224046741168e+01
1.880251500428693845e+01,3.257104222822206907e+01
1.882252072020577316e+01,3.124311819650416311e+01
1.884252643612460787e+01,3.216868515900343084e+01
1.886253215204344258e+01,3.084298304668302393e+01
1.888253786796227729e+01,3.122646630714226035e+01
1.890254358388111200e+01,3.077679920236763422e+01
1.892254929979994316e+01,3.003584210224284590e+01
1.894255501571877787e+01,2.972352619191253353e+01
1.896256073163760902e+01,2.874334598680614050e+01
1.898256644755644373e+01,2.845600057567722985e+01
1.900257216347527844e+01,2.763352925735933496e+01
1.902257787939411315e+01,2.637265671312569282e+01
1.904258359531294786e+01,2.545658883997121080e+01
1.906258931123178257e+01,2.474861403202888965e+01
1.908259502715061728e+01,2.373829629922354201e+01
1.910260074306944844e+01,2.258027450868853236e+01
1.912260645898828315e+01,2.062738290488201187e+01
1.914261217490711431e+01,2.011673543755642157e+01
1.916261789082594902e+01,1.820440223960133608e+01
1.918262360674478373e+01,1.713567169723568284e+01
1.920262932266361844e+01,1.561830033199216317e+01
1.922263503858245315e+01,1.448603855167321797e+01
1.924264075450128786e+01,1.242268202712326719e+01
1.926264647042012257e+01,1.251611902971550094e+01
1.928265218633895373e+01,1.064491739855424868e+01
1.930265790225778844e+01,1.007983089684879729e+01
1.932266361817662315e+01,9.950597345196335652e+00
1.934266933409545430e+01,9.535679042743797851e+00
1.936267505001428901e+01,9.695472674827616544e+00
1.938268076593312372e+01,8.578503869154825878e+00
1.940268648185195843e+01,8.894499182732030107e+00
1.942269219777079314e+01,8.536968707867746531e+00
1.944269791368962785e+01,9.122117033114843565e+00
1.946270362960846256e+01,8.896395482890401496e+00
1.948270934552729372e+01,9.694231090864747102e+00
1.950271506144612843e+01,9.094939392707679815e+00
1.952272077736495959e+01,9.430872900835652217e+00
1.954272649328379430e+01,1.035703835211024249e+01
1.956273220920262901e+01,9.451057758335661418e+00
1.958273792512146372e+01,9.922143703859843455e+00
1.960274364104029843e+01,1.016399704202919452e+01
1.962274935695913314e+01,1.129726480721561366e+01
1.964275507287796785e+01,1.134632118479443008e+01
1.966276078879679901e+01,1.128124161290275751e+01
1.968276650471563372e+01,1.219638971232665980e+01
1.970277222063446487e+01,1.138752267247480354e+01
1.972277793655329958e+01,1.144169978386894471e+01
1.974278365247213429e+01,1.235718051000853812e+01
1.976278936839096900e+01,1.330963504277967147e+01
1.978279508430980371e+01,1.303134110534283430e+01
1.980280080022863842e+01,1.270289235531537386e+01
1.982280651614747313e+01,1.304539072746736750e+01
1.984281223206630784e+01,1.426793574965602573e+01
1.986281794798513900e+01,1.358790466950189213e+01
1.988282366390397371e+01,1.452120630486280106e+01
1.990282937982280487e+01,1.387223711041333019e+01
1.992283509574163958e+01,1.467708252613213027e+01
1.994284081166047429e+01,1.522982770136935038e+01
1.996284652757930900e+01,1.573732079213330337e+01
1.998285224349814371e+01,1.645523540062163192e+01
2.000285795941697842e+01,1.664302920314328915e+01
2.002286367533581313e+01,1.644129244609909080e+01
2.004286939125464428e+01,1.748151729727194947e+01
2.006287510717347899e+01,1.730215465185713697e+01
2.008288082309231015e+01,1.925911746477546060e+01
2.010288653901114486e+01,1.906114378942586640e+01
2.012289225492997957e+01,2.050316953245293661e+01
2.014289797084881428e+01,2.162096549337785234e+01
2.016290368676764899e+01,2.163032209884736190e+01
2.018290940268648370e+01,2.329364297315409260e+01
2.020291511860531841e+01,2.391242124802258928e+01
2.022292083452414957e+01,2.484412896224541711e+01
2.024292655044298428e+01,2.697363830428572484e+01
2.026293226636181899e+01,2.801819408903391917e+01
2.028293798228065015e+01,2.901819331398391455e+01
2.030294369819948486e+01,2.976252606925100608e+01
2.032294941411831957e+01,3.056080493922591756e+01
2.034295513003715428e+01,3.238427308575604258e+01
2.036296084595598899e+01,3.352354655457235566e+01
2.038296656187482370e+01,3.457438175325293628e+01
2.040297227779365841e+01,3.639452168192443082e+01
2.042297799371248956e+01,3.890728764812253360e+01
2.044298370963132427e+01,4.058183046699790708e+01
2.046298942555015543e+01,4.139842243371759878e+01
2.048299514146899014e+01,4.338528580597829887e+01
2.050300085738782485e+01,4.524761230308446613e+01
2.052300657330665956e+01,4.692210201554847515e+01
2.054301228922549427e+01,4.844483440516150807e+01
2.056301800514432898e+01,5.069767466001297151e+01
2.058302372106316369e+01,5.215705420733949893e+01
2.060302943698199485e+01,5.572083281374618480e+01
2.062303515290082956e+01,5.747451557023065760e+01
2.064304086881966072e+01,5.923611281112884797e+01
2.066304658473849543e+01,6.131670050118874826e+01
2.068305230065733014e+01,6.411774878541949363e+01
2.070305801657616485e+01,6.654700287479485610e+01
2.072306373249499956e+01,6.932959669334508135e+01
2.074306944841383427e+01,7.074379552773402224e+01
2.076307516433266898e+01,7.391162528158929490e+01
2.078308088025150369e+01,7.555229299841474244e+01
2.080308659617033484e+01,7.676155779086295183e+01
2.082309231208916955e+01,7.936525594873936029e+01
2.084309802800800071e+01,8.110872172273676028e+01
2.086310374392683542e+01,8.191558127134905476e+01
2.088310945984567013e+01,8.289223506013165377e+01
2.090311517576450484e+01,8.271960248842577812e+01
2.092312089168333955e+01,8.150382451542013484e+01
2.094312660760217426e+01,7.987692517027265637e+01
2.096313232352100897e+01,7.781793496232252494e+01
2.098313803943984013e+01,7.668890993930838818e+01
2.100314375535867484e+01,7.279950276219581440e+01
2.102314947127750600e+01,6.915312148302294304e+01
2.104315518719634071e+01,6.394225590317877561e+01
2.106316090311517542e+01,6.010521557018840610e+01
2.108316661903401013e+01,5.522767253105482155e+01
2.110317233495284484e+01,4.919451096056226902e+01
2.112317805087167955e+01,4.440977240126586878e+01
2.114318376679051426e+01,3.927251017594021931e+01
2.116318948270934541e+01,3.494269247366555220e+01
2.118319519862818012e+01,2.983196292868446875e+01
2.120320091454701483e+01,2.601970475166129759e+01
2.122320663046584599e+01,2.163541581009141623e+01
2.124321234638468070e+01,1.974573576197171221e+01
2.126321806230351541e+01,1.755731643644137918e+01
2.128322377822235012e+01,1.418154971817789445e+01
2.130322949414118483e+01,1.262033163140455372e+01
2.132323521006001954e+01,1.143661671200693952e+01
2.134324092597885425e+01,1.057841858148210967e+01
2.136324664189768541e+01,8.863204385670080399e+00
2.138325235781652012e+01,7.881823478105179248e+00
2.140325807373535127e+01,7.417975534309723784e+00
2.142326378965418598e+01,7.633124640749183953e+00
2.144326950557302069e+01,6.834084494148136457e+00
2.146327522149185540e+01,5.521245088277361823e+00
2.148328093741069011e+01,6.382967013465956185e+00
2.150328665332952482e+01,5.566962646494000744e+00
2.152329236924835953e+01,6.097238593169633347e+00
2.154329808516719069e+01,5.591093780419727821e+00
2.156330380108602540e+01,5.484846730266467851e+00
2.158330951700485656e+01,5.273047127078095642e+00
2.160331523292369127e+01,5.193942971700766797e+00
2.162332094884252598e+01,4.667720673562967271e+00
2.164332666476136069e+01,4.695574193904327842e+00
2.166333238068019540e+01,4.709981311184513686e+00
2.168333809659903011e+01,4.574643582859986068e+00
2.170334381251786482e+01,5.362350725495790726e+00
2.172334952843669598e+01,5.004616108272875508e+00
2.174335524435553069e+01,5.168618020109347455e+00
2.176336096027436540e+01,4.945041562612112251e+00
2.178336667619319655e+01,4.601707861414394252e+00
2.180337239211203126e+01,4.470824449416402224e+00
2.182337810803086597e+01,3.984039688194731532e+00
2.184338382394970068e+01,4.750085129452525479e+00
2.186338953986853539e+01,4.340331527939736311e+00
2.188339525578737010e+01,4.394280838711503989e+00
2.190340097170620481e+01,4.562209910201162621e+00
2.192340668762503597e+01,4.254237468480626561e+00
2.194341240354387068e+01,4.066773904528371730e+00
2.196341811946270184e+01,4.554074952139478327e+00
2.198342383538153655e+01,4.228298627521684061e+00
2.200342955130037126e+01,4.275584718523359307e+00
2.202343526721920597e+01,4.819892375920419525e+00
2.204344098313804068e+01,5.235368447785555546e+00
2.206344669905687539e+01,4.523416993353019500e+00
2.208345241497571010e+01,4.361543705288428718e+00
2.210345813089454126e+01,5.131761897648827286e+00
2.212346384681337597e+01,4.675675627443824034e+00
2.214346956273221068e+01,5.034994978734282256e+00
2.216347527865104183e+01,4.651809057743488296e+00
2.218348099456987654e+01,4.829251188492984070e+00
2.220348671048871125e+01,4.719103086889223420e+00
2.222349242640754596e+01,5.040862553931977352e+00
2.224349814232638067e+01,4.738540892834869567e+00
2.226350385824521538e+01,4.586588727619872685e+00
2.228350957416405009e+01,4.622689095623032429e+00
2.230351529008288125e+01,4.331945770322505496e+00
2.232352100600171596e+01,5.057069727397641046e+00
2.234352672192054712e+01,5.525929494002316034e+00
2.236353243783938183e+01,5.131811490801768016e+00
2.238353815375821654e+01,5.092889888980259627e+00
2.240354386967705125e+01,5.742270994639858905e+00
2.242354958559588596e+01,4.764869001718077257e+00
2.244355530151472067e+01,5.314535967273212869e+00
2.246356101743355538e+01,5.862308374051194981e+00
2.248356673335238654e+01,5.255628103108904270e+00
2.250357244927122125e+01,5.357010739792935183e+00
2.252357816519005240e+01,6.429546123288119475e+00
2.254358388110888711e+01,6.210982704965172019e+00
2.256358959702772182e+01,5.843906320421393019e+00
2.258359531294655653e+01,6.552876062090893683e+00
2.260360102886539124e+01,6.183545991003716935e+00
2.262360674478422595e+01,6.131723223095642439e+00
2.264361246070306066e+01,6.429839412966495971e+00
2.266361817662189182e+01,6.116238547573528805e+00
2.268362389254072653e+01,6.374736587679200817e+00
2.270362960845956124e+01,6.885901527933283361e+00
2.272363532437839240e+01,7.307854867651035313e+00
2.274364104029722711e+01,7.697649012585976891e+00
2.276364675621606182e+01,7.517951408233637167e+00
2.278365247213489653e+01,7.314743049569390365e+00
2.280365818805373124e+01,7.512419340654313160e+00
2.282366390397256595e+01,8.520448908376460295e+00
2.284366961989140066e+01,7.608010850276281545e+00
2.286367533581023181e+01,8.069297091796549637e+00
2.288368105172906652e+01,9.011907712998031172e+00
2.290368676764789768e+01,8.553210070538792564e+00
2.292369248356673239e+01,9.562706737080322483e+00
2.294369819948556710e+01,9.758285427682380941e+00
2.296370391540440181e+01,9.768008470458134695e+00
2.298370963132323652e+01,9.729653428524837722e+00
2.300371534724207123e+01,1.107356640339351372e+01
2.302372106316090594e+01,1.092932243731824116e+01
2.304372677907973710e+01,1.208014414817120041e+01
2.306373249499857181e+01,1.235693427080233420e+01
2.308373821091740652e+01,1.213636866590957730e+01
2.310374392683623768e+01,1.259547590949066276e+01
2.312374964275507239e+01,1.272587390051650402e+01
2.314375535867390710e+01,1.379045631615327849e+01
2.316376107459274181e+01,1.375938710193558556e+01
2.318376679051157652e+01,1.423349570393688523e+01
2.320377250643041123e+01,1.558575983221893679e+01
2.322377822234924594e+01,1.516240878461321628e+01
2.324378393826807709e+01,1.541944956106902076e+01
2.326378965418691180e+01,1.623549898100069555e+01
2.328379537010574296e+01,1.712841593856956024e+01
2.330380108602457767e+01,1.732638300234177464e+01
2.332380680194341238e+01,1.707351432716309247e+01
2.334381251786224709e+01,1.803321111218467365e+01
2.336381823378108180e+01,1.826260666710700420e+01
2.338382394969991651e+01,1.857793182780259045e+01
2.340382966561875122e+01,1.909936621108352739e+01
2.342383538153758238e+01,1.874837159838842382e+01
2.344384109745641709e+01,1.975928875863603196e+01
2.346384681337524825e+01,2.021399501258215636e+01
2.348385252929408296e+01,2.158658973167247908e+01
2.350385824521291767e+01,2.181274702897180617e+01
2.352386396113175238e+01,2.267981487634838800e+01
2.354386967705058709e+01,2.311193597976303948e+01
2.356387539296942180e+01,2.443795457490796608e+01
2.358388110888825651e+01,2.448739502732881590e+01
2.360388682480708766e+01,2.672327794448462868e+01
2.362389254072592237e+01,2.758454527566196646e+01
2.364389825664475708e+01,2.872448140533108329e+01
2.366390397256358824e+01,3.014353630928327021e+01
2.368390968848242295e+01,3.073378092202798229e+01
2.370391540440125766e+01,3.295650483343867876e+01
2.372392112032009237e+01,3.386077685876404786e+01
2.374392683623892708e+01,3.535468552885284765e+01
2.376393255215776179e+01,3.651428409883470749e+01
2.378393826807659650e+01,3.927312176951511447e+01
2.380394398399542766e+01,4.009353365752207310e+01
2.382394969991426237e+01,4.294753080180311144e+01
2.384395541583309353e+01,4.403548475517142435e+01
2.386396113175192824e+01,4.657183865822049995e+01
2.388396684767076295e+01,4.864783678328473115e+01
2.390397256358959766e+01,4.973162414345391369e+01
2.392397827950843237e+01,5.174480742575862280e+01
2.394398399542726708e+01,5.386028156769495467e+01
2.396398971134610179e+01,5.511013507821671453e+01
2.398399542726493294e+01,5.714928153676177658e+01
2.400400114318376765e+01,5.785233089737971568e+01
2.402400685910260236e+01,5.934767640309084413e+01
2.404401257502143352e+01,5.882577665030846958e+01
2.406401829094026823e+01,5.941136706222799546e+01
2.408402400685910294e+01,5.907051253091788112e+01
2.410402972277793765e+01,5.789652935443716331e+01
2.412403543869677236e+01,5.640776592523609168e+01
2.414404115461560707e+01,5.578248975041296376e+01
2.416404687053444178e+01,5.223763374592636666e+01
2.418405258645327294e+01,5.055044374705217081e+01
2.420405830237210765e+01,4.741675094467024110e+01
2.422406401829093880e+01,4.307215372897221073e+01
2.424406973420977351e+01,4.045108606033889487e+01
2.426407545012860822e+01,3.679881241668933001e+01
2.428408116604744293e+01,3.295592811065070293e+01
2.430408688196627764e+01,2.863346146276596826e+01
2.432409259788511235e+01,2.567850883671412276e+01
2.434409831380394706e+01,2.234614190045391524e+01
2.436410402972277822e+01,2.060916587254469690e+01
2.438410974564161293e+01,1.811064227033939744e+01
2.440411546156044409e+01,1.579282286101440747e+01
2.442412117747927880e+01,1.397402792924399151e+01
2.444412689339811351e+01,1.159320378511956839e+01
2.446413260931694822e+01,1.054713779142901942e+01
2.448413832523578293e+01,1.021770076564956931e+01
2.450414404115461764e+01,8.508798919081549172e+00
2.452414975707345235e+01,8.115156910558564363e+00
2.454415547299228351e+01,7.294993763838945711e+00
2.456416118891111822e+01,7.509758235632380874e+00
2.458416690482995293e+01,6.812506789610612401e+00
2.460417262074878408e+01,6.793154035836955984e+00
2.462417833666761879e+01,7.265668375137872559e+00
2.464418405258645350e+01,6.406770415254870343e+00
2.466418976850528821e+01,6.771085575819807190e+00
2.468419548442412292e+01,6.597825879935820481e+00
2.470420120034295763e+01,6.029459311103559926e+00
2.472420691626179234e+01,5.951664557497366559e+00
2.474421263218062350e+01,7.123097175537003167e+00
2.476421834809945821e+01,6.293261186262435913e+00
2.478422406401828937e+01,6.955426317399928671e+00
2.480422977993712408e+01,6.168642850532215505e+00
2.482423549585595879e+01,6.429248476426806747e+00
2.484424121177479350e+01,7.393881713801736311e+00
2.486424692769362821e+01,7.068148508094017402e+00
2.488425264361246292e+01,6.973651756195967444e+00
2.490425835953129763e+01,6.875030161061555845e+00
2.492426407545012879e+01,7.251504827947128362e+00
2.494426979136896350e+01,7.985398787184713854e+00
2.496427550728779821e+01,7.494294128655576870e+00
2.498428122320662936e+01,7.773034724831704878e+00
2.500428693912546407e+01,7.386051658957388355e+00
2.502429265504429878e+01,7.883906960492007343e+00
2.504429837096313349e+01,7.602580879409414294e+00
2.506430408688196820e+01,7.180901306422796004e+00
2.508430980280080291e+01,7.117788249066721029e+00
2.510431551871963762e+01,7.539016354257340069e+00
2.512432123463846878e+01,8.230315358457838570e+00
2.514432695055730349e+01,7.498190000988439685e+00
2.516433266647613465e+01,7.727922242526322982e+00
2.518433838239496936e+01,7.613375303725915977e+00
2.520434409831380407e+01,7.162729627458405801e+00
2.522434981423263878e+01,7.613510224976907992e+00
2.524435553015147349e+01,7.001664843266010685e+00
2.526436124607030820e+01,7.182356810509922695e+00
2.528436696198914291e+01,6.779416965333898482e+00
2.530437267790797407e+01,6.812776924222905706e+00
2.532437839382680878e+01,6.813601240910003298e+00
2.534438410974563993e+01,6.484672296272378844e+00
2.536438982566447464e+01,6.782302263879255833e+00
2.538439554158330935e+01,6.492206115190720439e+00
2.540440125750214406e+01,6.081513659872554101e+00
2.542440697342097877e+01,5.897795945710782917e+00
2.544441268933981348e+01,5.759022048330263210e+00
2.546441840525864819e+01,5.195588591510992948e+00
2.548442412117747935e+01,5.511809065708201949e+00
2.550442983709631406e+01,5.989337991709124509e+00
2.552443555301514877e+01,6.320022326662838807e+00
2.554444126893397993e+01,5.609191659064014956e+00
2.556444698485281464e+01,6.196461772571128179e+00
2.558445270077164935e+01,5.082430549186589985e+00
2.560445841669048406e+01,5.919366961944390937e+00
2.562446413260931877e+01,5.316964520425797147e+00
2.564446984852815348e+01,6.044340439831990430e+00
2.566447556444698819e+01,5.233718112091795938e+00
2.568448128036581934e+01,6.388633393687472406e+00
2.570448699628465405e+01,5.774415998756714963e+00
2.572449271220348521e+01,6.420264056436918665e+00
2.574449842812231992e+01,6.584252675257332932e+00
2.576450414404115463e+01,6.238934664253787510e+00
2.578450985995998934e+01,6.855174268991464537e+00
2.580451557587882405e+01,6.253336278565802431e+00
2.582452129179765876e+01,6.823342256671393713e+00
2.584452700771649347e+01,6.098823887802526045e+00
2.586453272363532463e+01,6.964363937672099603e+00
2.588453843955415934e+01,7.890557670691221048e+00
2.590454415547299405e+01,7.635489306591793479e+00
2.592454987139182521e+01,8.076080979808622828e+00
2.594455558731065992e+01,7.577127683706090799e+00
2.596456130322949463e+01,8.392244228991728505e+00
2.598456701914832934e+01,7.796350924106124403e+00
2.600457273506716405e+01,7.722238332734495003e+00
2.602457845098599520e+01,7.618103866101995081e+00
2.604458416690482991e+01,8.041709089915730857e+00
2.606458988282366462e+01,7.726633247262821413e+00
2.608459559874249933e+01,8.416099792736657648e+00
2.610460131466133404e+01,8.012160530486118759e+00
2.612460703058016520e+01,7.979713203835833824e+00
2.614461274649899991e+01,7.361903396933692889e+00
2.616461846241783462e+01,8.069849998727072204e+00
2.618462417833666933e+01,8.185102688631104684e+00
2.620462989425550404e+01,8.235140001943346277e+00
2.622463561017433520e+01,8.611999663439471320e+00
2.624464132609316991e+01,7.761614076275058949e+00
2.626464704201200462e+01,8.252534995144202412e+00
2.628465275793083933e+01,7.953323558326182763e+00
2.630465847384967049e+01,8.653973238850028338e+00
2.632466418976850520e+01,8.085602444539956579e+00
2.634466990568733991e+01,8.658744216867551913e+00
2.636467562160617462e+01,7.528709173019888290e+00
2.638468133752500933e+01,7.671073897728282631e+00
2.640468705344384048e+01,8.272486901664500181e+00
2.642469276936267519e+01,7.900641422847880513e+00
2.644469848528150990e+01,9.245075922722243433e+00
2.646470420120034461e+01,8.219441255530091084e+00
2.648470991711917932e+01,8.121523522967631692e+00
2.650471563303801048e+01,8.438409501089898512e+00
2.652472134895684519e+01,7.638671639696963389e+00
2.654472706487567990e+01,7.835718405823048016e+00
2.656473278079451461e+01,8.160475412846661669e+00
2.658473849671334932e+01,8.115901676205567128e+00
2.660474421263218048e+01,7.852470507916462950e+00
2.662474992855101519e+01,6.988865998341470487e+00
2.664475564446984990e+01,7.565865464082049741e+00
2.666476136038868461e+01,7.709456066222816872e+00
2.668476707630751577e+01,7.456861149228996233e+00
2.670477279222635048e+01,7.705620553348395241e+00
2.672477850814518519e+01,7.021547282757563124e+00
2.674478422406401990e+01,7.492558571680645763e+00
2.676478993998285461e+01,7.218970595315147065e+00
2.678479565590168576e+01,7.928281458512525859e+00
2.680480137182052047e+01,7.818762240308427813e+00
2.682480708773935518e+01,8.200145877680228068e+00
2.684481280365818989e+01,8.985964922765811380e+00
2.686481851957702460e+01,8.806115577568942143e+00
2.688482423549585576e+01,8.705525360468479690e+00
2.690482995141469047e+01,9.300654660719924749e+00
2.692483566733352518e+01,8.949746340965885949e+00
2.694484138325235989e+01,9.025689728892153596e+00
2.696484709917119105e+01,9.335446256786315899e+00
2.698485281509002576e+01,9.392124847812484134e+00
2.700485853100886047e+01,9.382741715318182685e+00
2.702486424692769518e+01,9.209791728748440320e+00
2.704486996284652989e+01,9.613264807938168843e+00
2.706487567876536104e+01,1.001727238100871276e+01
2.708488139468419575e+01,1.003998007991040708e+01
2.710488711060303046e+01,9.359274977060067613e+00
2.712489282652186517e+01,8.866832792157957499e+00
2.714489854244069988e+01,9.728900390088202954e+00
2.716490425835953104e+01,9.396675370137565153e+00
2.718490997427836575e+01,8.986034545590900535e+00
2.720491569019720046e+01,9.089205322892068395e+00
2.722492140611603517e+01,8.585613259714968137e+00
2.724492712203486633e+01,8.231925350246465101e+00
2.726493283795370104e+01,9.036502799137281272e+00
2.728493855387253575e+01,8.704388015666500777e+00
2.730494426979137046e+01,7.889018715671751281e+00
2.732494998571020517e+01,8.270937857283254147e+00
2.734495570162903633e+01,7.535280993200409227e+00
2.736496141754787104e+01,7.617952347611662844e+00
2.738496713346670575e+01,8.052592492153468839e+00
2.740497284938554046e+01,7.272910879826375741e+00
2.742497856530437517e+01,7.086222856632187650e+00
2.744498428122320632e+01,7.902139933772409641e+00
2.746498999714204103e+01,7.907803950918752989e+00
2.748499571306087574e+01,7.423925076345339491e+00
2.750500142897971045e+01,7.266032619920008706e+00
2.752500714489854516e+01,7.943919451099302975e+00
2.754501286081737632e+01,7.712143864656123782e+00
2.756501857673621103e+01,8.149897081920753905e+00
2.758502429265504574e+01,6.839610085740298828e+00
2.760503000857388045e+01,6.227072607739454924e+00
2.762503572449271161e+01,6.700145775001338677e+00
2.764504144041154632e+01,7.345524795479020597e+00
2.766504715633038103e+01,6.100250023325097359e+00
2.768505287224921574e+01,6.427053525918172916e+00
2.770505858816805045e+01,6.226891442549312039e+00
2.772506430408688161e+01,6.467780072981035744e+00
2.774507002000571632e+01,6.420583124660746321e+00
2.776507573592455103e+01,5.726293102399356627e+00
2.778508145184338574e+01,6.051929769310949503e+00
2.780508716776222045e+01,5.301781728331017796e+00
2.782509288368105160e+01,5.867105164499987424e+00
2.784509859959988631e+01,6.282109273278676298e+00
2.786510431551872102e+01,5.313436050218705020e+00
2.788511003143755573e+01,5.975284323008762222e+00
2.790511574735638689e+01,5.238172261686825593e+00
2.792512146327522160e+01,4.901488512015811594e+00
2.794512717919405631e+01,6.376135194039069809e+00
2.796513289511289102e+01,5.299709338008517179e+00
2.798513861103172573e+01,5.293216371299349632e+00
2.800514432695055689e+01,5.242211001313420660e+00
2.802515004286939160e+01,5.606456859231890633e+00
2.804515575878822631e+01,5.955720094091846661e+00
2.806516147470706102e+01,4.784162251499348706e+00
2.808516719062589573e+01,6.065910413236180965e+00
2.810517290654472689e+01,5.305760027811611934e+00
2.812517862246356160e+01,5.122726782421352709e+00
2.814518433838239631e+01,5.353486692099019173e+00
2.816519005430123102e+01,5.149156395958518040e+00
2.818519577022006217e+01,6.202407661621879065e+00
2.820520148613889688e+01,5.057779233164971799e+00
2.822520720205773159e+01,6.385491877929212023e+00
2.824521291797656630e+01,6.393821647192716284e+00
2.826521863389540101e+01,5.894178953542729360e+00
2.828522434981423217e+01,6.637281392009926506e+00
2.830523006573306688e+01,5.932979825967708898e+00
2.832523578165190159e+01,6.334556916754957356e+00
2.834524149757073630e+01,6.871663244079917909e+00
2.836524721348957101e+01,6.449157711668662252e+00
2.838525292940840217e+01,7.988698282239127479e+00
2.840525864532723688e+01,7.538438409399452311e+00
2.842526436124607159e+01,7.692659757628504735e+00
2.844527007716490630e+01,8.873341782576389392e+00
2.846527579308374101e+01,8.323491712616284843e+00
2.848528150900257216e+01,8.529692667312762211e+00
2.850528722492140687e+01,8.312068832246040984e+00
2.852529294084024158e+01,9.358141391551061616e+00
2.854529865675907629e+01,1.031642270349150081e+01
2.856530437267790745e+01,9.899457675217391284e+00
2.858531008859674216e+01,1.061626556359144757e+01
2.860531580451557687e+01,1.079752822187736783e+01
2.862532152043441158e+01,1.001595351234909970e+01
2.864532723635324629e+01,1.056898044451527063e+01
2.866533295227207745e+01,1.082754635291341216e+01
2.868533866819091216e+01,9.988712622445499179e+00
2.870534438410974687e+01,1.121023392076208580e+01
2.872535010002858158e+01,1.122141119740595450e+01
2.874535581594741629e+01,1.077222411701608529e+01
2.876536153186624745e+01,1.106558293814707383e+01
2.878536724778508216e+01,1.106077319007677495e+01
2.880537296370391687e+01,1.153301068111959538e+01
2.882537867962275158e+01,1.182297225741234570e+01
2.884538439554158273e+01,1.219191621127321135e+01
2.886539011146041744e+01,1.235558622186316313e+01
2.888539582737925215e+01,1.283520592485756850e+01
2.890540154329808686e+01,1.264663953021458553e+01
2.892540725921692157e+01,1.395740184661550742e+01
2.894541297513575273e+01,1.387104457260068102e+01
2.896541869105458744e+01,1.511498995092345687e+01
2.898542440697342215e+01,1.557601520637577508e+01
2.900543012289225686e+01,1.617884003492997280e+01
2.902543583881109157e+01,1.655227415531246393e+01
2.904544155472992273e+01,1.750714049177047826e+01
2.906544727064875744e+01,1.878758874746142027e+01
2.908545298656759215e+01,1.914845303060755555e+01
2.910545870248642686e+01,1.993008311517592546e+01
2.912546441840525802e+01,2.088765803489064865e+01
2.914547013432409273e+01,2.090105480039576946e+01
2.916547585024292744e+01,2.233745800470384069e+01
2.918548156616176215e+01,2.348982537035789875e+01
2.920548728208059686e+01,2.465814424618766054e+01
2.922549299799942801e+01,2.535612800902434572e+01
2.924549871391826272e+01,2.504684002335264381e+01
2.926550442983709743e+01,2.627587252030507159e+01
2.928551014575593214e+01,2.693892913018692425e+01
2.930551586167476685e+01,2.745742989097227138e+01
2.932552157759359801e+01,2.814057166752386507e+01
2.934552729351243272e+01,2.872987674753697007e+01
2.936553300943126743e+01,2.862742163195303036e+01
2.938553872535010214e+01,2.936555335675218714e+01
2.940554444126893330e+01,2.865448445951402690e+01
2.942555015718776801e+01,2.920278883337021014e+01
2.944555587310660272e+01,2.955229521782962365e+01
2.946556158902543743e+01,2.897559144540942100e+01
2.948556730494427214e+01,2.902565075311294152e+01
2.950557302086310330e+01,2.962274343170143709e+01
2.952557873678193801e+01,2.879135298315344471e+01
2.954558445270077272e+01,2.954066889370446347e+01
2.956559016861960743e+01,3.008075798740858886e+01
2.958559588453844214e+01,3.079365582036379578e+01
2.960560160045727329e+01,3.138832727648937038e+01
2.962560731637610800e+01,3.189082197138866803e+01
2.964561303229494271e+01,3.317410624050834400e+01
2.966561874821377742e+01,3.361613122844848789e+01
2.968562446413261213e+01,3.581723922130879600e+01
2.970563018005144329e+01,3.615796753513374995e+01
2.972563589597027800e+01,3.747680193239754942e+01
2.974564161188911271e+01,3.883860934867527703e+01
2.976564732780794742e+01,3.946110624110871612e+01
2.978565304372677858e+01,4.054784790874451517e+01
2.980565875964561329e+01,4.160062405320547185e+01
2.982566447556444800e+01,4.241895203285407945e+01
2.984567019148328271e+01,4.271181964838856970e+01
2.986567590740211742e+01,4.449916247357780463e+01
2.988568162332094857e+01,4.405602718390162664e+01
2.990568733923978328e+01,4.440602476287067191e+01
2.992569305515861799e+01,4.301789032300791860e+01
2.994569877107745270e+01,4.282571251119726696e+01
2.996570448699628741e+01,4.226673251004477549e+01
2.998571020291511857e+01,4.070499983325748872e+01
3.000571591883395328e+01,4.020742303911008264e+01
3.002572163475278799e+01,3.699443773499012877e+01
3.004572735067162270e+01,3.534361486645017436e+01
3.006573306659045386e+01,3.278417105070622739e+01
3.008573878250928857e+01,3.089521064504792491e+01
3.010574449842812328e+01,2.890720937660371703e+01
3.012575021434695799e+01,2.609774558183605819e+01
3.014575593026579270e+01,2.318964718073535636e+01
3.016576164618462386e+01,2.180090084051347787e+01
3.018576736210345857e+01,1.919634097090413150e+01
3.020577307802229328e+01,1.686278067489031685e+01
3.022577879394112799e+01,1.590316028394458669e+01
3.024578450985996270e+01,1.443475939417926668e+01
3.026579022577879385e+01,1.248723542663635655e+01
3.028579594169762856e+01,1.131634775406951121e+01
3.030580165761646327e+01,1.028067435120589401e+01
3.032580737353529798e+01,9.723721082726921594e+00
3.034581308945412914e+01,8.412072576425028814e+00
3.036581880537296385e+01,8.229696396078505671e+00
3.038582452129179856e+01,7.233479389573966856e+00
3.040583023721063327e+01,6.633771083775315880e+00
3.042583595312946798e+01,6.368178448718932572e+00
3.044584166904829914e+01,6.640789006025723751e+00
3.046584738496713385e+01,6.030977983007304033e+00
3.048585310088596856e+01,5.808839725927847475e+00
3.050585881680480327e+01,5.318105985371852640e+00
3.052586453272363798e+01,5.521942928159423225e+00
3.054587024864246914e+01,5.497078039833581009e+00
3.056587596456130385e+01,5.927688461885792570e+00
3.058588168048013856e+01,5.018829761373604370e+00
3.060588739639897327e+01,4.623270724147003463e+00
3.062589311231780798e+01,5.285325317749768104e+00
3.064589882823663913e+01,4.996610694130604102e+00
3.066590454415547384e+01,5.814257459731551947e+00
3.068591026007430855e+01,4.707286779948285371e+00
3.070591597599314326e+01,5.174869002205799262e+00
3.072592169191197442e+01,4.565181764893905481e+00
3.074592740783080913e+01,5.312642513456887983e+00
3.076593312374964384e+01,5.614707957097538227e+00
3.078593883966847855e+01,5.332221184333431729e+00
3.080594455558731326e+01,5.697443954062052285e+00
3.082595027150614442e+01,5.920461470672749194e+00
3.084595598742497913e+01,5.174598705082989802e+00
3.086596170334381384e+01,4.804465351110504656e+00
3.088596741926264855e+01,5.358230346333478167e+00
3.090597313518148326e+01,5.246036013826451239e+00
3.092597885110031442e+01,5.168191430028027611e+00
3.094598456701914913e+01,6.435403126923109340e+00
3.096599028293798384e+01,6.866624856635569429e+00
3.098599599885681855e+01,6.326962627467552558e+00
3.100600171477564970e+01,6.337549350653068458e+00
3.102600743069448441e+01,6.829497853776892669e+00
3.104601314661331912e+01,6.853849641311069441e+00
3.106601886253215383e+01,7.199953262947268229e+00
3.108602457845098854e+01,7.483611481487470130e+00
3.110603029436981970e+01,7.860314475439463600e+00
3.112603601028865441e+01,7.853167588850219261e+00
3.114604172620748912e+01,8.212250036585533763e+00
3.116604744212632383e+01,9.148761338692086298e+00
3.118605315804515854e+01,8.704250485070010868e+00
3.120605887396398970e+01,8.767359444652994327e+00
3.122606458988282441e+01,9.843905001812085942e+00
3.124607030580165912e+01,9.242467472493164138e+00
3.126607602172049383e+01,9.996357622115542796e+00
3.128608173763932498e+01,1.000137468481775116e+01
3.130608745355815969e+01,1.072110552790251781e+01
3.132609316947699440e+01,1.185808683519249840e+01
3.134609888539582911e+01,1.291970379315771567e+01
3.136610460131466382e+01,1.361745155477582792e+01
3.138611031723349498e+01,1.390733756880907990e+01
3.140611603315232969e+01,1.476754902814731452e+01
3.142612174907116440e+01,1.527864456737322385e+01
3.144612746498999911e+01,1.565649281954884842e+01
3.146613318090883382e+01,1.773762062554696328e+01
3.148613889682766498e+01,1.899905481194275580e+01
3.150614461274649969e+01,1.980047134996149083e+01
3.152615032866533440e+01,2.020268300127638383e+01
3.154615604458416911e+01,2.271690179631868745e+01
3.156616176050300382e+01,2.348519487395945760e+01
3.158616747642183498e+01,2.504792695075624209e+01
3.160617319234066969e+01,2.687714894353582196e+01
3.162617890825950440e+01,2.898448291235629881e+01
3.164618462417833911e+01,3.086006244158374301e+01
3.166619034009717026e+01,3.189619588569841113e+01
3.168619605601600497e+01,3.322260695548598619e+01
3.170620177193483968e+01,3.601631105823791756e+01
3.172620748785367439e+01,3.750385438117865533e+01
3.174621320377250910e+01,3.927505532754287287e+01
3.176621891969134026e+01,4.189808023032894368e+01
3.178622463561017497e+01,4.393892748182751973e+01
3.180623035152900968e+01,4.501928369367255556e+01
3.182623606744784439e+01,4.763770013825575234e+01
3.184624178336667910e+01,4.900404156483365625e+01
3.186624749928551026e+01,5.149788597570022830e+01
3.188625321520434497e+01,5.258054291279896120e+01
3.190625893112317968e+01,5.387577283253327209e+01
3.192626464704201439e+01,5.444104423616052202e+01
3.194627036296084555e+01,5.493569421922471463e+01
3.196627607887968026e+01,5.519018194605527583e+01
3.198628179479851497e+01,5.578674246975475626e+01
3.200628751071734968e+01,5.517873367867827028e+01
3.202629322663618439e+01,5.469765851648654120e+01
3.204629894255501199e+01,5.592915323829085139e+01
3.206630465847385381e+01,5.574745490038807816e+01
3.208631037439268141e+01,5.614107591117504370e+01
3.210631609031152323e+01,5.643862212680878798e+01
3.212632180623035083e+01,5.789489372500938202e+01
3.214632752214918554e+01,5.962529924261297509e+01
3.216633323806802025e+01,6.033306867550288644e+01
3.218633895398685496e+01,6.354501556985854904e+01
3.220634466990568967e+01,6.568704873046881687e+01
3.222635038582451728e+01,6.811611515809407535e+01
3.224635610174335909e+01,7.166020048599891368e+01
3.226636181766218670e+01,7.440464882976490912e+01
3.228636753358102851e+01,7.755187782104475502e+01
3.230637324949985612e+01,8.188189965745357313e+01
3.232637896541869083e+01,8.421868153609311491e+01
3.234638468133752554e+01,8.718964546576906116e+01
3.236639039725636025e+01,9.034170162452076625e+01
3.238639611317519496e+01,9.326851347810998050e+01
3.240640182909402967e+01,9.372615817019621431e+01
3.242640754501286438e+01,9.442286507838484511e+01
3.244641326093169198e+01,9.429300535432541608e+01
3.246641897685053380e+01,9.314465816761493500e+01
3.248642469276936140e+01,9.293526506944073162e+01
3.250643040868819611e+01,8.944881296750232025e+01
3.252643612460703082e+01,8.548725253668143864e+01
3.254644184052586553e+01,8.198647886929398965e+01
3.256644755644470024e+01,7.617547015339488325e+01
3.258645327236353495e+01,7.175066629329089096e+01
3.260645898828236966e+01,6.565497084935336147e+01
3.262646470420119726e+01,6.091448705065798208e+01
3.264647042012003908e+01,5.473774411443871202e+01
3.266647613603886668e+01,4.909042154336208341e+01
3.268648185195770850e+01,4.411549883067078781e+01
3.270648756787653610e+01,3.855605453578552044e+01
3.272649328379537081e+01,3.395753685258728893e+01
3.274649899971420552e+01,2.953943473860104518e+01
3.276650471563304023e+01,2.605379083670917240e+01
3.278651043155187494e+01,2.279227857977121019e+01
3.280651614747070255e+01,2.027479646168553984e+01
3.282652186338954436e+01,1.846137754678310472e+01
3.284652757930837197e+01,1.622196045588319890e+01
3.286653329522721378e+01,1.533106033214185970e+01
3.288653901114604139e+01,1.360538303381306591e+01
3.290654472706487610e+01,1.300068308790947746e+01
3.292655044298371081e+01,1.212293842706446334e+01
3.294655615890254552e+01,1.183359163849648432e+01
3.296656187482138023e+01,1.148817301943729419e+01
3.298656759074020783e+01,1.135568054034489904e+01
3.300657330665904965e+01,9.994226404403644182e+00
3.302657902257787725e+01,1.035133563493828923e+01
3.304658473849671907e+01,1.005541091885798721e+01
3.306659045441554667e+01,1.038840707468727231e+01
3.308659617033438138e+01,9.994934753382130665e+00
3.310660188625321609e+01,1.054446284519287502e+01
3.312660760217205080e+01,1.010624117361698282e+01
3.314661331809088551e+01,9.644972294810788327e+00
3.316661903400971312e+01,9.719645573815618889e+00
3.318662474992855493e+01,9.765961010078029858e+00
3.320663046584738254e+01,9.661668666639451786e+00
3.322663618176622435e+01,9.910595766866377332e+00
3.324664189768505196e+01,9.857700286508878307e+00
3.326664761360388667e+01,1.080550695352653712e+01
3.328665332952272138e+01,1.028709201145456120e+01
3.330665904544155609e+01,9.699823427135797260e+00
3.332666476136039080e+01,9.727517932177091708e+00
3.334667047727922551e+01,9.960422910003289942e+00
3.336667619319806022e+01,1.035360475874992048e+01
3.338668190911688782e+01,1.009461837962124164e+01
3.340668762503572964e+01,9.673399849102375825e+00
3.342669334095455724e+01,1.092705462936737248e+01
3.344669905687339195e+01,1.041631292863489122e+01
3.346670477279222666e+01,9.976509907013616285e+00
3.348671048871106137e+01,1.056761987308290607e+01
3.350671620462989608e+01,1.078638484766450389e+01
3.352672192054873079e+01,1.087167623570797481e+01
3.354672763646756550e+01,1.140610713690058020e+01
3.356673335238639311e+01,1.150624180464647850e+01
3.358673906830523492e+01,1.266606271376734227e+01
3.360674478422406253e+01,1.221998807874937576e+01
3.362675050014290434e+01,1.337396518740666806e+01
3.364675621606173195e+01,1.425699287365366885e+01
3.366676193198056666e+01,1.529744026223691300e+01
3.368676764789940137e+01,1.606725435585462947e+01
3.370677336381823608e+01,1.662020278523726446e+01
3.372677907973707079e+01,1.821847552877333598e+01
3.374678479565589839e+01,1.837161435248813390e+01
3.376679051157474021e+01,1.989274151252458367e+01
3.378679622749356781e+01,2.078295389917377634e+01
3.380680194341240963e+01,2.205802369861385870e+01
3.382680765933123723e+01,2.279809399582676832e+01
3.384681337525007194e+01,2.538158195795932670e+01
3.386681909116890665e+01,2.540313855885909078e+01
3.388682480708774136e+01,2.729452592578128289e+01
3.390683052300657607e+01,2.874555771172499874e+01
3.392683623892540368e+01,3.010312070924761230e+01
3.394684195484424549e+01,3.060058878416441530e+01
3.396684767076307310e+01,3.154908298688859603e+01
3.398685338668191491e+01,3.228948640524563984e+01
3.400685910260074252e+01,3.269189807234450029e+01
3.402686481851957723e+01,3.340690792770551809e+01
3.404687053443841194e+01,3.265052922544226988e+01
3.406687625035724665e+01,3.309547627875890896e+01
3.408688196627608136e+01,3.333324773054106771e+01
3.410688768219490896e+01,3.180830172106432130e+01
3.412689339811375078e+01,3.045107905098846857e+01
3.414689911403257838e+01,2.932593309327934250e+01
3.416690482995142020e+01,2.921270957732653883e+01
3.418691054587024780e+01,2.686102336547106972e+01
3.420691626178908251e+01,2.591502405839792900e+01
3.422692197770791722e+01,2.339283089856460762e+01
3.424692769362675193e+01,2.277875810418943558e+01
3.426693340954558664e+01,2.004322770045305191e+01
3.428693912546442135e+01,1.955843942404305480e+01
3.430694484138325606e+01,1.810505249407381712e+01
3.432695055730208367e+01,1.670789614453139293e+01
3.434695627322092548e+01,1.501442643552537071e+01
3.436696198913975309e+01,1.343011499836392630e+01
3.438696770505858780e+01,1.227714121926251778e+01
3.440697342097742251e+01,1.213622172127186971e+01
3.442697913689625722e+01,1.192749362989678019e+01
3.444698485281509193e+01,1.053978201983742835e+01
3.446699056873392664e+01,1.032623405284432394e+01
3.448699628465276135e+01,9.746767326299654144e+00
3.450700200057158895e+01,1.003550147660003056e+01
3.452700771649043077e+01,9.497072796466174083e+00
3.454701343240925837e+01,9.387890227888387784e+00
3.456701914832810019e+01,9.305783406753228348e+00
3.458702486424692779e+01,9.884658077873602622e+00
3.460703058016576250e+01,8.861460292991923282e+00
3.462703629608459721e+01,8.527762518857713303e+00
3.464704201200343192e+01,8.291007887788342856e+00
3.466704772792226663e+01,9.285729106128272292e+00
3.468705344384109424e+01,8.226604521767248102e+00
3.470705915975993605e+01,9.479313508941814348e+00
3.472706487567876366e+01,8.988966823579264798e+00
3.474707059159760547e+01,8.412710990332911365e+00
3.476707630751643308e+01,7.831286936050568137e+00
3.478708202343526779e+01,7.744961159632882897e+00
3.480708773935410250e+01,8.220244583144781458e+00
3.482709345527293721e+01,8.034302402427352163e+00
3.484709917119177192e+01,6.722458184676147752e+00
3.486710488711059952e+01,7.077281773981002111e+00
3.488711060302944134e+01,7.348994714956204710e+00
3.490711631894826894e+01,6.822791608436303612e+00
3.492712203486711076e+01,6.566466470312459336e+00
3.494712775078593836e+01,7.196416271282894073e+00
3.496713346670477307e+01,6.920442306444182456e+00
3.498713918262360778e+01,6.602451407052618571e+00
3.500714489854244249e+01,7.029888670955940277e+00
3.502715061446127720e+01,6.739913631395024751e+00
3.504715633038010481e+01,6.544788536778212595e+00
3.506716204629894662e+01,6.233530110123767898e+00
3.508716776221777423e+01,6.478195989095986818e+00
3.510717347813661604e+01,6.855265770081506282e+00
3.512717919405544365e+01,6.552413801475083233e+00
3.514718490997427836e+01,6.068662066742726680e+00
3.516719062589311307e+01,5.942304869694758906e+00
3.518719634181194778e+01,6.064598789309536109e+00
3.520720205773078249e+01,6.261711334804239470e+00
3.522720777364961720e+01,5.359631619703780103e+00
3.524721348956845191e+01,5.772840032755767403e+00
3.526721920548727951e+01,5.722356432748568089e+00
3.528722492140612133e+01,5.856632894522221022e+00
3.530723063732494893e+01,5.518244750656156938e+00
3.532723635324378364e+01,5.838360347991912391e+00
3.534724206916261835e+01,5.841558796034958867e+00
3.536724778508145306e+01,6.322024073041237813e+00
3.538725350100028777e+01,5.483418986575854248e+00
3.540725921691912248e+01,6.225464014532884782e+00
3.542726493283795719e+01,5.934346476194357400e+00
3.544727064875678479e+01,6.651601248328099736e+00
3.546727636467562661e+01,5.583952577253606719e+00
3.548728208059445421e+01,5.586894113062936817e+00
3.550728779651329603e+01,5.855301340457476300e+00
3.552729351243212363e+01,6.399828386909495848e+00
3.554729922835095834e+01,6.272399707199287633e+00
3.556730494426979305e+01,6.450398139637369077e+00
3.558731066018862776e+01,5.613957051830930745e+00
3.560731637610746247e+01,6.308534596692989993e+00
3.562732209202629008e+01,6.271421696847561122e+00
3.564732780794513189e+01,5.691920383717290477e+00
3.566733352386395950e+01,6.598565036290166219e+00
3.568733923978280131e+01,6.319625361074354686e+00
3.570734495570162892e+01,5.509745178780100616e+00
3.572735067162046363e+01,6.002951302506375875e+00
3.574735638753929834e+01,6.310001600257818311e+00
3.576736210345813305e+01,4.884355360470181040e+00
3.578736781937696776e+01,6.015946003396889452e+00
3.580737353529579536e+01,5.562144273127326954e+00
3.582737925121463718e+01,5.583854007395157026e+00
3.584738496713346478e+01,5.836696704700274907e+00
3.586739068305230660e+01,6.488862464372768812e+00
3.588739639897113420e+01,5.587708506288652011e+00
3.590740211488996891e+01,5.712638744933396850e+00
3.592740783080880362e+01,6.876701405925459198e+00
3.594741354672763833e+01,5.973035197606151314e+00
3.596741926264647304e+01,6.036415247571181197e+00
3.598742497856530065e+01,6.243398060215730183e+00
3.600743069448414246e+01,6.929199769563496147e+00
3.602743641040297007e+01,7.107541201641986106e+00
3.604744212632181188e+01,7.766873880273180930e+00
3.606744784224063949e+01,7.306055421330142963e+00
3.608745355815947420e+01,8.472534988630068042e+00
3.610745927407830891e+01,8.196955658591118521e+00
3.612746498999714362e+01,7.416383121299347181e+00
3.614747070591597833e+01,7.539034085527902107e+00
3.616747642183481304e+01,7.995008165662080835e+00
3.618748213775364775e+01,8.241306169251071623e+00
3.620748785367247535e+01,9.025937194486283843e+00
3.622749356959131717e+01,8.611961511689758098e+00
3.624749928551014477e+01,8.767497651468413977e+00
3.626750500142897948e+01,8.885793220178072715e+00
3.628751071734781419e+01,9.306304711748946801e+00
3.630751643326664890e+01,8.915679921375764039e+00
3.632752214918548361e+01,9.704513122993965624e+00
3.634752786510431832e+01,1.012041360834604475e+01
3.636753358102315303e+01,9.998322170590006053e+00
3.638753929694198064e+01,1.039314438930813012e+01
3.640754501286082245e+01,1.095262460253554337e+01
3.642755072877965006e+01,1.166683607633593311e+01
3.644755644469849187e+01,1.125499412368281682e+01
3.646756216061731948e+01,1.135331491693742123e+01
3.648756787653615419e+01,1.269242909978596678e+01
3.650757359245498890e+01,1.273940291116405632e+01
3.652757930837382361e+01,1.430284095276306644e+01
3.654758502429265832e+01,1.402611740888266390e+01
3.656759074021148592e+01,1.440045718871027702e+01
3.658759645613032774e+01,1.458749873184974000e+01
3.660760217204915534e+01,1.610312364715824174e+01
3.662760788796799716e+01,1.502522807276830008e+01
3.664761360388682476e+01,1.552164917961194845e+01
3.666761931980565947e+01,1.650640919264749584e+01
3.668762503572449418e+01,1.640368035510220324e+01
3.670763075164332889e+01,1.581965326923961257e+01
3.672763646756216360e+01,1.726381880225419962e+01
3.674764218348099121e+01,1.748459274782986483e+01
3.676764789939983302e+01,1.703983561636060173e+01
3.678765361531866063e+01,1.743790519661432015e+01
3.680765933123750244e+01,1.712236318189593831e+01
3.682766504715633005e+01,1.716737111838693863e+01
3.684767076307516476e+01,1.744341376830644919e+01
3.686767647899399947e+01,1.729643072739052911e+01
3.688768219491283418e+01,1.680443070946303763e+01
3.690768791083166889e+01,1.724768708916267457e+01
3.692769362675049649e+01,1.556682632661298982e+01
3.694769934266933831e+01,1.533466816661437093e+01
3.696770505858816591e+01,1.609766906283333654e+01
3.698771077450700773e+01,1.532518262778178197e+01
3.700771649042583533e+01,1.451616412885717722e+01
3.702772220634467004e+01,1.350082824296569584e+01
3.704772792226350475e+01,1.317157292556086645e+01
3.706773363818233946e+01,1.223968271204716984e+01
3.708773935410117417e+01,1.188280033063080410e+01
3.710774507002000888e+01,1.085343688057144007e+01
3.712775078593884359e+01,9.902173196410664957e+00
3.714775650185767120e+01,9.873405033222489635e+00
3.716776221777651301e+01,8.927973696771076106e+00
3.718776793369534062e+01,7.712702365942811333e+00
3.720777364961417533e+01,8.090641876854864023e+00
3.722777936553301004e+01,7.059532379443536954e+00
3.724778508145184475e+01,6.243152526494499810e+00
3.726779079737067946e+01,6.732094137858510408e+00
3.728779651328951417e+01,6.613539551767414260e+00
3.730780222920834888e+01,6.128415206284326899e+00
3.732780794512717648e+01,6.498595958519929994e+00
3.734781366104601830e+01,5.215094456597455519e+00
3.736781937696484590e+01,5.920781501385733669e+00
3.738782509288368772e+01,4.922056457424732301e+00
3.740783080880251532e+01,4.654615619355669587e+00
3.742783652472135003e+01,4.991120125075211966e+00
3.744784224064018474e+01,4.271505789880915671e+00
3.746784795655901945e+01,5.003319864788766225e+00
3.748785367247785416e+01,4.419566435494720835e+00
3.750785938839668177e+01,4.785136645888429463e+00
3.752786510431552358e+01,4.491367245135609920e+00
3.754787082023435119e+01,4.066798230249246693e+00
3.756787653615319300e+01,5.562359526441408519e+00
3.758788225207202061e+01,4.533834075037654010e+00
3.760788796799085532e+01,4.912836710201384349e+00
3.762789368390969003e+01,5.274751261430256299e+00
3.764789939982852474e+01,4.515434406881652762e+00
3.766790511574735945e+01,5.333691289842221295e+00
3.768791083166618705e+01,5.527236335101156861e+00
3.770791654758502887e+01,4.339092584932737751e+00
3.772792226350385647e+01,4.611428945791488765e+00
3.774792797942269829e+01,4.915790625718367224e+00
3.776793369534152589e+01,4.790416974312099008e+00
3.778793941126036060e+01,4.852966156764276562e+00
3.780794512717919531e+01,5.274358758963170857e+00
3.782795084309803002e+01,5.284919163037663736e+00
3.784795655901686473e+01,5.811564432378139244e+00
3.786796227493569234e+01,4.921105209833073424e+00
3.788796799085453415e+01,4.894566736003673313e+00
3.790797370677336176e+01,5.995831843947442508e+00
3.792797942269220357e+01,5.018139575993354917e+00
3.794798513861103118e+01,6.029212506338533117e+00
3.796799085452986589e+01,5.921594545046821700e+00
3.798799657044870060e+01,6.658116958166736765e+00
3.800800228636753531e+01,6.055392615788595556e+00
3.802800800228637002e+01,6.002067155506745522e+00
3.804801371820520473e+01,6.574050323268965101e+00
3.806801943412403944e+01,6.210307948230973096e+00
3.808802515004286704e+01,6.648863629539055964e+00
3.810803086596170886e+01,7.106902366506685276e+00
3.812803658188053646e+01,7.752095159816727588e+00
3.814804229779937117e+01,7.141181644215652824e+00
3.816804801371820588e+01,7.378775349501283998e+00
3.818805372963704059e+01,7.596585233171849083e+00
3.820805944555587530e+01,8.020095634711957189e+00
3.822806516147471001e+01,8.134147102688297437e+00
3.824807087739354472e+01,8.546637700033418383e+00
3.826807659331237232e+01,8.445786382152411065e+00
3.828808230923121414e+01,9.025006518424682156e+00
3.830808802515004174e+01,8.044826994770676976e+00
3.832809374106888356e+01,9.271707224878035447e+00
3.834809945698771116e+01,8.533398307965033069e+00
3.836810517290654587e+01,8.429597392981508008e+00
3.838811088882538058e+01,9.115261236294944780e+00
3.840811660474421529e+01,8.758636206859916840e+00
3.842812232066305000e+01,8.639578067883929791e+00
3.844812803658187761e+01,9.419525065632580407e+00
3.846813375250071942e+01,7.986988784524493568e+00
3.848813946841954703e+01,8.946207790736558252e+00
3.850814518433838884e+01,9.123235910417093919e+00
3.852815090025721645e+01,9.305232365432363650e+00
3.854815661617605116e+01,8.981154690754063807e+00
3.856816233209488587e+01,9.462843063125182752e+00
3.858816804801372058e+01,9.432644107747659490e+00
3.860817376393255529e+01,9.716875570040027554e+00
3.862817947985138289e+01,9.985660123821148204e+00
3.864818519577022471e+01,1.046556060938360311e+01
3.866819091168905231e+01,1.088809795879942399e+01
3.868819662760789413e+01,1.087317454739467237e+01
3.870820234352672173e+01,1.073254863067783660e+01
3.872820805944555644e+01,1.075780200990330293e+01
3.874821377536439115e+01,1.108796077180528883e+01
3.876821949128322586e+01,1.108386177579813392e+01
3.878822520720206057e+01,1.121215692912877770e+01
3.880823092312088818e+01,1.073574713499231059e+01
3.882823663903972999e+01,1.190849989029593914e+01
3.884824235495855760e+01,1.100416064389501614e+01
3.886824807087739941e+01,1.155161282471148354e+01
3.888825378679622702e+01,1.094736926746714545e+01
3.890825950271506173e+01,1.059850532059018313e+01
3.892826521863389644e+01,1.090037418188348184e+01
3.894827093455273115e+01,1.141837896084268955e+01
3.896827665047156586e+01,1.142607903421466098e+01
3.898828236639040057e+01,1.068266626594633095e+01
3.900828808230923528e+01,1.020529764602947687e+01
3.902829379822806288e+01,9.712942621419109912e+00
3.904829951414690470e+01,1.056505074650730336e+01
3.906830523006573230e+01,1.070821580256130900e+01
3.908831094598456701e+01,9.696280643113537323e+00
3.910831666190340172e+01,1.008983477644889781e+01
3.912832237782223643e+01,1.051601998443255859e+01
3.914832809374107114e+01,1.084856649104359327e+01
3.916833380965990585e+01,9.971364340272119264e+00
3.918833952557874056e+01,1.104092102268518261e+01
3.920834524149756817e+01,1.168097403028210834e+01
3.922835095741640998e+01,1.044981084458857268e+01
3.924835667333523759e+01,1.149217115006455359e+01
3.926836238925407940e+01,1.185173154981990962e+01
3.928836810517290701e+01,1.105322930240028967e+01
3.930837382109174172e+01,1.129730628964134098e+01
3.932837953701057643e+01,1.159115854132861578e+01
3.934838525292941114e+01,1.236773976123556551e+01
3.936839096884824585e+01,1.180006416466913421e+01
3.938839668476707345e+01,1.146124474082167310e+01
3.940840240068591527e+01,1.079196427648865253e+01
3.942840811660474287e+01,1.108201059668097876e+01
3.944841383252358469e+01,1.113728207045280882e+01
3.946841954844241229e+01,9.822843043067582158e+00
3.948842526436124700e+01,9.431479629265897557e+00
3.950843098028008171e+01,1.005229968631578785e+01
3.952843669619891642e+01,9.059366041403443148e+00
3.954844241211775113e+01,8.714363830923788967e+00
3.956844812803657874e+01,7.501322683180881690e+00
3.958845384395542055e+01,7.810777352941524754e+00
3.960845955987424816e+01,7.965823590381162056e+00
3.962846527579308997e+01,7.977561807032884644e+00
3.964847099171191758e+01,8.116935867298868956e+00
3.966847670763075229e+01,7.171759954557032302e+00
3.968848242354958700e+01,7.041292530930492788e+00
3.970848813946842171e+01,7.412843087088395677e+00
3.972849385538725642e+01,7.214728142721849480e+00
3.974849957130608402e+01,8.001121968484673275e+00
3.976850528722492584e+01,9.429747137488561748e+00
3.978851100314375344e+01,9.739752901058901458e+00
3.980851671906259526e+01,1.045995363958851421e+01
3.982852243498142286e+01,1.038529991306087652e+01
3.984852815090025757e+01,1.083746023142360393e+01
3.986853386681909228e+01,1.259398773319407283e+01
3.988853958273792699e+01,1.302977673132397385e+01
3.990854529865676170e+01,1.415728686196346331e+01
3.992855101457559641e+01,1.371955374018519791e+01
3.994855673049443112e+01,1.451325632400250143e+01
3.996856244641325873e+01,1.625907626775002157e+01
3.998856816233210054e+01,1.753110385727438114e+01
4.000857387825092815e+01,1.733012868814725493e+01
4.002857959416976286e+01,1.829263833006025308e+01
4.004858531008859757e+01,1.904464400524861389e+01
4.006859102600743228e+01,2.025306764922954272e+01
4.008859674192626699e+01,1.955098254245267597e+01
4.010860245784510170e+01,1.989714679337987846e+01
4.012860817376393641e+01,2.060928802831934448e+01
4.014861388968276401e+01,2.027091048395585560e+01
4.016861960560160583e+01,1.870414183450218104e+01
4.018862532152043343e+01,1.919393970905888835e+01
4.020863103743927525e+01,1.845349165584469731e+01
4.022863675335810285e+01,1.764285802511105672e+01
4.024864246927693756e+01,1.592240872249196215e+01
4.026864818519577227e+01,1.620504295374877657e+01
4.028865390111460698e+01,1.488872766815031667e+01
4.030865961703344169e+01,1.397156357701213381e+01
4.032866533295226930e+01,1.316233187703147856e+01
4.034867104887111111e+01,1.237359647676501240e+01
4.036867676478993872e+01,1.149809822729509179e+01
4.038868248070878053e+01,1.045795947575746432e+01
4.040868819662760814e+01,1.017537553313475840e+01
4.042869391254644285e+01,1.059430548197252620e+01
4.044869962846527756e+01,1.014980413121147151e+01
4.046870534438411227e+01,9.704034116557444634e+00
4.048871106030294698e+01,9.411849637682040637e+00
4.050871677622177458e+01,1.025196451090840455e+01
4.052872249214061640e+01,1.067287776397047594e+01
4.054872820805944400e+01,1.073122657286740278e+01
4.056873392397828582e+01,1.020893863241274424e+01
4.058873963989711342e+01,1.088981559722438064e+01
4.060874535581594813e+01,1.164399356730016244e+01
4.062875107173478284e+01,1.208138882379983770e+01
4.064875678765361755e+01,1.181319934905788749e+01
4.066876250357245226e+01,1.199893153703458637e+01
4.068876821949127986e+01,1.290191167515254378e+01
4.070877393541012168e+01,1.285195412715596319e+01
4.072877965132894929e+01,1.346666401027407645e+01
4.074878536724779110e+01,1.405326806478846535e+01
4.076879108316661871e+01,1.352481662560241560e+01
4.078879679908545342e+01,1.427661691696252433e+01
4.080880251500428813e+01,1.354139075648313906e+01
4.082880823092312284e+01,1.270058580414597493e+01
4.084881394684195755e+01,1.271295923509906345e+01
4.086881966276079226e+01,1.303193083371692751e+01
4.088882537867962697e+01,1.278149694294626393e+01
4.090883109459845457e+01,1.231238209272362738e+01
4.092883681051729639e+01,1.145571735709270200e+01
4.094884252643612399e+01,1.109699221992952367e+01
4.096884824235495870e+01,9.943717671087977550e+00
4.098885395827379341e+01,9.988334671923192687e+00
4.100885967419262812e+01,9.308325917889639811e+00
4.102886539011146283e+01,8.846513658861335117e+00
4.104887110603029754e+01,9.151054841357236569e+00
4.106887682194913225e+01,9.282243072662268446e+00
4.108888253786795985e+01,7.996610478842857361e+00
4.110888825378680167e+01,7.354041294324241917e+00
4.112889396970562927e+01,7.531328526659306632e+00
4.114889968562447109e+01,6.838886010483637534e+00
4.116890540154329869e+01,6.620547503140983281e+00
4.118891111746213340e+01,7.271544949308815120e+00
4.120891683338096811e+01,6.672816004798944434e+00
4.122892254929980282e+01,6.456911486878144757e+00
4.124892826521863753e+01,5.761938052485032102e+00
4.126893398113746514e+01,5.760511131333274193e+00
4.128893969705630695e+01,5.075665061710474824e+00
4.130894541297513456e+01,5.135504360951768987e+00
4.132895112889397637e+01,5.074296020516161576e+00
4.134895684481280398e+01,5.080838763470269193e+00
4.136896256073163869e+01,4.623279043233270436e+00
4.138896827665047340e+01,4.644238453988087656e+00
4.140897399256930811e+01,4.836087049057560705e+00
4.142897970848814282e+01,4.630383023681972077e+00
4.144898542440697042e+01,5.205375885773194433e+00
4.146899114032581224e+01,4.577513174384352013e+00
4.148899685624463984e+01,4.887667016144406240e+00
4.150900257216348166e+01,4.453456337982618862e+00
4.152900828808230926e+01,5.084304313718117641e+00
4.154901400400114397e+01,5.013841400537602411e+00
4.156901971991997868e+01,5.339027869275842164e+00
4.158902543583881339e+01,5.544463239764054308e+00
4.160903115175764810e+01,5.119129742325418064e+00
4.162903686767647571e+01,5.221343203292225787e+00
4.164904258359531752e+01,5.840515255012750373e+00
4.166904829951414513e+01,5.744208757449568381e+00
4.168905401543298694e+01,6.257522363208524396e+00
4.170905973135181455e+01,6.541711394984709216e+00
4.172906544727064926e+01,6.644088910888300781e+00
4.174907116318948397e+01,7.172920128749144197e+00
4.176907687910831868e+01,7.414661041429907229e+00
4.178908259502715339e+01,7.356314638484020563e+00
4.180908831094598810e+01,7.656837884065836874e+00
4.182909402686482281e+01,8.517175518544673807e+00
4.184909974278365041e+01,7.972012950551576438e+00
4.186910545870249223e+01,7.898990078191443054e+00
4.188911117462131983e+01,8.379387077923261984e+00
4.190911689054015454e+01,8.800081310638011800e+00
4.192912260645898925e+01,7.876524343536273065e+00
4.194912832237782396e+01,8.193706666538579597e+00
4.196913403829665867e+01,7.411623289683319626e+00
4.198913975421549338e+01,8.001061953189347875e+00
4.200914547013432809e+01,8.142964011708226479e+00
4.202915118605316280e+01,7.850052226025981739e+00
4.204915690197199041e+01,7.988195971036422094e+00
4.206916261789082512e+01,7.741879409654339739e+00
4.208916833380965983e+01,7.140781461951582365e+00
4.210917404972849454e+01,8.233341943913597305e+00
4.212917976564732925e+01,7.030885420009658660e+00
4.214918548156616396e+01,7.497677895621786881e+00
4.216919119748499867e+01,8.048857314929065865e+00
4.218919691340383338e+01,8.200913819278490280e+00
4.220920262932266809e+01,7.871006416277613660e+00
4.222920834524150280e+01,8.725819290972175679e+00
4.224921406116033040e+01,8.909603321861627734e+00
4.226921977707916511e+01,9.441373087157490573e+00
4.228922549299799982e+01,9.902004878408144251e+00
4.230923120891683453e+01,1.069277799745917079e+01
4.232923692483566924e+01,1.152222883589882585e+01
4.234924264075450395e+01,1.227159192789563846e+01
4.236924835667333866e+01,1.379309624882275287e+01
4.238925407259217337e+01,1.427629073789182534e+01
4.240925978851100808e+01,1.537311892009951819e+01
4.242926550442983569e+01,1.700153784200523077e+01
4.244927122034867040e+01,1.854435866294560498e+01
4.246927693626750511e+01,1.920241413719156043e+01
4.248928265218633982e+01,2.172717231851284936e+01
4.250928836810517453e+01,2.352835582793721869e+01
4.252929408402400924e+01,2.509282533502886992e+01
4.254929979994284395e+01,2.664904777830798110e+01
4.256930551586167866e+01,2.822339456844421335e+01
4.258931123178051337e+01,3.146579750041073353e+01
4.260931694769934097e+01,3.212958959062607533e+01
4.262932266361817568e+01,3.518338081925418237e+01
4.264932837953701039e+01,3.728179913246502508e+01
4.266933409545584510e+01,3.885606738339411947e+01
4.268933981137467981e+01,4.080516937069518946e+01
4.270934552729351452e+01,4.259656614111412409e+01
4.272935124321234923e+01,4.516762497641433072e+01
4.274935695913118394e+01,4.586305531875601105e+01
4.276936267505001865e+01,4.567481228417341299e+01
4.278936839096885336e+01,4.607365310209860354e+01
4.280937410688768097e+01,4.596833679184582166e+01
4.282937982280651568e+01,4.512879728719545369e+01
4.284938553872535039e+01,4.368601666390636495e+01
4.286939125464418510e+01,4.163476799250196336e+01
4.288939697056301981e+01,3.898493962932080592e+01
4.290940268648185452e+01,3.509596824288648520e+01
4.292940840240068923e+01,3.296504984512508685e+01
4.294941411831952394e+01,3.063130023342846187e+01
4.296941983423835865e+01,2.825045556520118595e+01
4.298942555015718625e+01,2.544328450825423005e+01
4.300943126607602096e+01,2.258437646843886526e+01
4.302943698199485567e+01,2.071337856991111792e+01
4.304944269791369038e+01,1.807284701780580605e+01
4.306944841383252509e+01,1.678306073331760828e+01
4.308945412975135980e+01,1.587788237319545459e+01
4.310945984567019451e+01,1.472975149187735688e+01
4.312946556158902922e+01,1.440745527504174817e+01
4.314947127750786393e+01,1.388843686991821613e+01
4.316947699342669864e+01,1.341740142907153199e+01
4.318948270934552625e+01,1.316926955343721595e+01
4.320948842526436096e+01,1.372606713752394292e+01
4.322949414118319567e+01,1.290159309738279347e+01
4.324949985710203038e+01,1.397249243890036041e+01
4.326950557302086509e+01,1.421566423391259626e+01
4.328951128893969980e+01,1.440688171810654161e+01
4.330951700485853451e+01,1.439581684543302309e+01
4.332952272077736922e+01,1.450494768647194377e+01
4.334952843669620393e+01,1.511450730385651653e+01
4.336953415261503153e+01,1.432687723247852674e+01
4.338953986853386624e+01,1.519860389994884287e+01
4.340954558445270095e+01,1.597011547135863196e+01
4.342955130037153566e+01,1.492112395999653529e+01
4.344955701629037037e+01,1.519562121742330874e+01
4.346956273220920508e+01,1.635317224286382753e+01
4.348956844812803979e+01,1.630024442556403841e+01
4.350957416404687450e+01,1.566303259016163452e+01
4.352957987996570921e+01,1.640777305183487300e+01
4.354958559588453681e+01,1.565613871099075638e+01
4.356959131180337153e+01,1.598017497682680421e+01
4.358959702772220624e+01,1.563994646239732234e+01
4.360960274364104095e+01,1.602154350471051814e+01
4.362960845955987566e+01,1.583086197209166635e+01
4.364961417547871037e+01,1.518798998430195368e+01
4.366961989139754508e+01,1.491903724195667991e+01
4.368962560731637979e+01,1.481443206688994252e+01
4.370963132323521450e+01,1.444476405350558501e+01
4.372963703915404921e+01,1.433383038213798422e+01
4.374964275507287681e+01,1.326293344313659617e+01
4.376964847099171152e+01,1.419457072114162166e+01
4.378965418691054623e+01,1.330660816905644950e+01
4.380965990282938094e+01,1.260296604532512887e+01
4.382966561874821565e+01,1.197712865893235445e+01
4.384967133466705036e+01,1.235471661187063219e+01
4.386967705058588507e+01,1.144782280852315282e+01
4.388968276650471978e+01,1.062810241550441148e+01
4.390968848242355449e+01,1.064326802911903158e+01
4.392969419834238209e+01,1.043843865367061596e+01
4.394969991426121680e+01,1.017337380237186650e+01
4.396970563018005151e+01,1.005329727076307833e+01
4.398971134609888622e+01,1.042518774160008022e+01
4.400971706201772093e+01,1.071951443891959244e+01
4.402972277793655564e+01,9.356086739596621626e+00
4.404972849385539035e+01,1.036903491008957445e+01
4.406973420977422506e+01,1.036492940789085182e+01
4.408973992569305977e+01,9.714806359285367066e+00
4.410974564161189448e+01,9.686662046324260089e+00
4.412975135753072209e+01,9.691823409880635509e+00
4.414975707344955680e+01,9.091139827652902738e+00
4.416976278936839151e+01,9.971947438098585081e+00
4.418976850528722622e+01,9.096197300354379678e+00
4.420977422120606093e+01,9.019970936857804489e+00
4.422977993712489564e+01,9.245896909499268901e+00
4.424978565304373035e+01,8.904549042489396271e+00
4.426979136896256506e+01,8.701351427531641036e+00
4.428979708488139977e+01,8.119474105083346771e+00
4.430980280080022737e+01,7.433329310086884689e+00
4.432980851671906208e+01,7.417490731738149101e+00
4.434981423263789679e+01,8.108423248291654062e+00
4.436981994855673150e+01,6.933348957555324432e+00
4.438982566447556621e+01,6.888828076204471351e+00
4.440983138039440092e+01,6.974306750059594329e+00
4.442983709631323563e+01,7.415881327041446092e+00
4.444984281223207034e+01,6.468394081091076941e+00
4.446984852815090505e+01,7.389242689839969458e+00
4.448985424406973266e+01,7.136654357602139953e+00
4.450985995998856737e+01,7.427397416662450347e+00
4.452986567590740208e+01,7.133679869600021206e+00
4.454987139182623679e+01,8.483723729711881489e+00
4.456987710774507150e+01,7.983241513515183740e+00
4.458988282366390621e+01,8.401550121942625182e+00
4.460988853958274092e+01,9.118176151120099604e+00
4.462989425550157563e+01,9.321453420745308804e+00
4.464989997142041034e+01,8.746048557592441597e+00
4.466990568733924505e+01,1.036573495773929388e+01
4.468991140325807265e+01,1.085999843440490054e+01
4.470991711917690736e+01,1.065101682075008505e+01
4.472992283509574207e+01,1.070165763798009628e+01
4.474992855101457678e+01,1.086321837010681435e+01
4.476993426693341149e+01,1.232428321313598829e+01
4.478993998285224620e+01,1.114620410092770797e+01
4.480994569877108091e+01,1.205276014133824880e+01
4.482995141468991562e+01,1.205999040370123865e+01
4.484995713060875033e+01,1.141655323637441199e+01
4.486996284652757794e+01,1.174536900221063540e+01
4.488996856244641265e+01,1.152096287679558273e+01
4.490997427836524736e+01,1.102253880913237438e+01
4.492997999428408207e+01,1.091519544377179152e+01
4.494998571020291678e+01,1.127740630732199634e+01
4.496999142612175149e+01,1.095660523992584423e+01
4.498999714204058620e+01,1.020183411870421786e+01
4.501000285795942091e+01,1.008377603691657320e+01
4.503000857387825562e+01,9.172993463728502661e+00
4.505001428979709033e+01,9.168611568743793683e+00
4.507002000571591793e+01,8.302356634370674726e+00
4.509002572163475264e+01,7.936283163959024556e+00
4.511003143755358735e+01,8.678969292945080127e+00
4.513003715347242206e+01,7.464318878657440592e+00
4.515004286939125677e+01,8.191046944720376644e+00
4.517004858531009148e+01,7.142452225897281792e+00
4.519005430122892619e+01,7.090134116260806252e+00
4.521006001714776090e+01,8.102339226061207711e+00
4.523006573306659561e+01,7.904972055992200097e+00
4.525007144898542322e+01,7.598638613548838627e+00
4.527007716490425793e+01,9.125244358733397121e+00
4.529008288082309264e+01,9.316089501194296574e+00
4.531008859674192735e+01,1.011873088136948340e+01
4.533009431266076206e+01,1.084078459095054825e+01
4.535010002857959677e+01,1.154275889941967037e+01
4.537010574449843148e+01,1.260671557615101079e+01
4.539011146041726619e+01,1.255185240534588687e+01
4.541011717633610090e+01,1.460740237963350552e+01
4.543012289225492850e+01,1.518709861391252502e+01
4.545012860817376321e+01,1.630466721946138620e+01
4.547013432409259792e+01,1.661046412157382690e+01
4.549014004001143263e+01,1.754613400460025829e+01
4.551014575593026734e+01,1.951160504341768487e+01
4.553015147184910205e+01,1.987488059688163133e+01
4.555015718776793676e+01,2.014529591834778088e+01
4.557016290368677147e+01,2.095121413791401466e+01
4.559016861960560618e+01,2.190850364916587978e+01
4.561017433552444089e+01,2.203340506010644972e+01
4.563018005144326850e+01,2.240029616112833821e+01
4.565018576736210321e+01,2.202703877396722021e+01
4.567019148328093792e+01,2.211500315549309903e+01
4.569019719919977263e+01,2.102387676812275430e+01
4.571020291511860734e+01,2.188951834843488342e+01
4.573020863103744205e+01,2.082468150364038451e+01
4.575021434695627676e+01,1.965387782247638171e+01
4.577022006287511147e+01,1.910839309373829309e+01
4.579022577879394618e+01,1.826271996633538564e+01
4.581023149471277378e+01,1.758634692563280311e+01
4.583023721063160849e+01,1.639943975656382236e+01
4.585024292655044320e+01,1.735040922827878163e+01
4.587024864246927791e+01,1.615821701648561159e+01
4.589025435838811262e+01,1.506716051468559492e+01
4.591026007430694733e+01,1.493110080914023285e+01
4.593026579022578204e+01,1.433727359356426589e+01
4.595027150614461675e+01,1.479699367753677919e+01
4.597027722206345146e+01,1.450650502561597577e+01
4.599028293798228617e+01,1.518882486737116011e+01
4.601028865390111378e+01,1.486468240150446718e+01
4.603029436981994849e+01,1.526026202272846888e+01
4.605030008573878320e+01,1.551672648142939437e+01
4.607030580165761791e+01,1.543760132732182910e+01
4.609031151757645262e+01,1.662683451347058394e+01
4.611031723349528733e+01,1.649270678051160033e+01
4.613032294941412204e+01,1.604201608289474379e+01
4.615032866533295675e+01,1.700050255142338074e+01
4.617033438125179146e+01,1.759798738271837593e+01
4.619034009717061906e+01,1.665406634540594411e+01
4.621034581308945377e+01,1.766491794042860874e+01
4.623035152900828848e+01,1.786057002608907851e+01
4.625035724492712319e+01,1.710230345667733332e+01
4.627036296084595790e+01,1.814223114700459760e+01
4.629036867676479261e+01,1.771705525615617560e+01
4.631037439268362732e+01,1.804045785204491636e+01
4.633038010860246203e+01,1.806536298828254417e+01
4.635038582452129674e+01,1.719311573678625393e+01
4.637039154044012434e+01,1.841020819542935882e+01
4.639039725635895905e+01,1.813969808219007263e+01
4.641040297227779376e+01,1.759456833272035325e+01
4.643040868819662847e+01,1.719629023044323901e+01
4.645041440411546319e+01,1.713079791483688297e+01
4.647042012003429790e+01,1.621733601183792928e+01
4.649042583595313261e+01,1.546515486630420355e+01
4.651043155187196732e+01,1.508260492163132938e+01
4.653043726779080203e+01,1.584836432646292081e+01
4.655044298370963674e+01,1.477021356866928414e+01
4.657044869962846434e+01,1.472877903777397002e+01
4.659045441554729905e+01,1.458266239515126372e+01
4.661046013146613376e+01,1.390414432687444801e+01
4.663046584738496847e+01,1.347831647594937010e+01
4.665047156330380318e+01,1.374971773372573480e+01
4.667047727922263789e+01,1.307517225007219963e+01
4.669048299514147260e+01,1.303900829588473087e+01
4.671048871106030731e+01,1.333781300956022164e+01
4.673049442697914202e+01,1.201966140959140183e+01
4.675050014289796962e+01,1.197958353535305775e+01
4.677050585881680433e+01,1.223963198568508837e+01
4.679051157473563904e+01,1.198963566107034673e+01
4.681051729065447375e+01,1.161376157229301498e+01
4.683052300657330846e+01,1.071773186236661957e+01
4.685052872249214317e+01,1.164754100618915800e+01
4.687053443841097788e+01,1.062765007932578598e+01
4.689054015432981259e+01,1.132216653984648147e+01
4.691054587024864730e+01,1.021595196095504576e+01
4.693055158616748201e+01,1.126026059881365882e+01
4.695055730208630962e+01,1.032286464856771957e+01
4.697056301800514433e+01,1.040613763963415295e+01
4.699056873392397904e+01,1.113722428516001806e+01
4.701057444984281375e+01,1.049712305201001605e+01
4.703058016576164846e+01,1.098695896569196329e+01
4.705058588168048317e+01,1.183620310941754639e+01
4.707059159759931788e+01,1.200587619636529624e+01
4.709059731351815259e+01,1.227343595628373230e+01
4.711060302943698730e+01,1.259272152811398904e+01
4.713060874535581490e+01,1.208595938499701816e+01
4.715061446127464961e+01,1.255908319572165865e+01
4.717062017719348432e+01,1.169801054114665462e+01
4.719062589311231903e+01,1.227955465587008277e+01
4.721063160903115374e+01,1.209639734240837861e+01
4.723063732494998845e+01,1.141183097220767984e+01
4.725064304086882316e+01,1.055768022652855898e+01
4.727064875678765787e+01,1.105830245079790508e+01
4.729065447270649258e+01,1.115248059304277284e+01
4.731066018862532019e+01,1.015334439980943060e+01
4.733066590454415490e+01,9.686343668001320850e+00
4.735067162046298961e+01,9.580873327999007927e+00
4.737067733638182432e+01,9.059841178707701559e+00
4.739068305230065903e+01,8.524058218030511114e+00
4.741068876821949374e+01,8.041765741110328491e+00
4.743069448413832845e+01,8.203725412804988792e+00
4.745070020005716316e+01,8.311077949495841111e+00
4.747070591597599787e+01,8.082981002274388871e+00
4.749071163189483258e+01,9.131865199883904438e+00
4.751071734781366018e+01,7.822305308426773962e+00
4.753072306373249489e+01,8.529077340991666034e+00
4.755072877965132960e+01,8.791515154544512711e+00
4.757073449557016431e+01,8.793415739752285631e+00
4.759074021148899902e+01,9.108474460106400272e+00
4.761074592740783373e+01,9.710534249918053362e+00
4.763075164332666844e+01,8.819844843189976302e+00
4.765075735924550315e+01,9.403751501839458626e+00
4.767076307516433786e+01,9.983191100805035134e+00
4.769076879108316547e+01,9.729339127646818852e+00
4.771077450700200018e+01,9.900504627228421839e+00
4.773078022292083489e+01,1.055775035546751361e+01
4.775078593883966960e+01,1.048002945911735750e+01
4.777079165475850431e+01,1.110300366979057429e+01
4.779079737067733902e+01,1.120453166733852512e+01
4.781080308659617373e+01,1.043251495947022889e+01
4.783080880251500844e+01,1.022061547088775413e+01
4.785081451843384315e+01,1.069522673631918153e+01
4.787082023435267075e+01,1.077798608110528278e+01
4.789082595027150546e+01,1.194349421238908704e+01
4.791083166619034017e+01,1.272129289324112555e+01
4.793083738210917488e+01,1.275638802148763773e+01
4.795084309802800959e+01,1.288069292877135297e+01
4.797084881394684430e+01,1.306176106407440152e+01
4.799085452986567901e+01,1.496783971465753460e+01
4.801086024578451372e+01,1.512030507565131110e+01
4.803086596170334843e+01,1.637894255680148348e+01
4.805087167762218314e+01,1.699166385494228848e+01
4.807087739354101075e+01,1.865921921137821826e+01
4.809088310945984546e+01,1.900814878515699391e+01
4.811088882537868017e+01,2.060918992930373861e+01
4.813089454129751488e+01,2.191680855546379192e+01
4.815090025721634959e+01,2.275024957405344139e+01
4.817090597313518430e+01,2.425499464642814829e+01
4.819091168905401901e+01,2.537986684417198902e+01
4.821091740497285372e+01,2.716030688768611867e+01
4.823092312089168843e+01,2.652123482741435012e+01
4.825092883681051603e+01,2.730786506554319004e+01
4.827093455272935074e+01,2.900412249099843365e+01
4.829094026864818545e+01,2.774617898086075130e+01
4.831094598456702016e+01,2.817141101465660924e+01
4.833095170048585487e+01,2.804334231578463132e+01
4.835095741640468958e+01,2.712278696961311653e+01
4.837096313232352429e+01,2.724391501144152983e+01
4.839096884824235900e+01,2.542481677475663560e+01
4.841097456416119371e+01,2.498099724439602198e+01
4.843098028008002842e+01,2.429876057742393414e+01
4.845098599599885603e+01,2.361432833204852244e+01
4.847099171191769074e+01,2.195996776153291563e+01
4.849099742783652545e+01,2.057087671758938541e+01
4.851100314375536016e+01,2.037101531366295504e+01
4.853100885967419487e+01,1.929259245425450686e+01
4.855101457559302958e+01,1.805275290025616286e+01
4.857102029151186429e+01,1.700359033314150281e+01
4.859102600743069900e+01,1.658210898584531634e+01
4.861103172334953371e+01,1.585354077924831806e+01
4.863103743926836131e+01,1.477680600374863040e+01
4.865104315518719602e+01,1.362116806339193076e+01
4.867104887110603073e+01,1.243510817293465998e+01
4.869105458702486544e+01,1.166498924575806484e+01
4.871106030294370015e+01,1.163743843634641273e+01
4.873106601886253486e+01,1.019140443749813940e+01
4.875107173478136957e+01,9.960825437393896920e+00
4.877107745070020428e+01,9.416727812390165653e+00
4.879108316661903899e+01,8.837144845292423057e+00
4.881108888253786660e+01,9.289721781118670307e+00
4.883109459845670131e+01,8.265140847048785488e+00
4.885110031437553602e+01,8.477871415982548342e+00
4.887110603029437073e+01,8.642728718353740902e+00
4.889111174621320544e+01,8.118411871323665707e+00
4.891111746213204015e+01,8.122381146965384602e+00
4.893112317805087486e+01,8.576981634578018543e+00
4.895112889396970957e+01,8.151090416003352601e+00
4.897113460988854428e+01,8.741633539772367456e+00
4.899114032580737899e+01,1.008749718358078340e+01
4.901114604172620659e+01,1.090380102796956585e+01
4.903115175764504130e+01,1.176767997175965519e+01
4.905115747356387601e+01,1.271683521006045936e+01
4.907116318948271072e+01,1.260112471096218911e+01
4.909116890540154543e+01,1.506902252798237818e+01
4.911117462132038014e+01,1.565193097435469483e+01
4.913118033723921485e+01,1.618284337243111892e+01
4.915118605315804956e+01,1.794277001858700515e+01
4.917119176907688427e+01,1.957688504193559709e+01
4.919119748499571187e+01,2.091190383723401425e+01
4.921120320091454658e+01,2.288304869119853535e+01
4.923120891683338129e+01,2.303716663740843273e+01
4.925121463275221600e+01,2.507845957769643874e+01
4.927122034867105071e+01,2.641188628018631590e+01
4.929122606458988542e+01,2.750327832824428498e+01
4.931123178050872014e+01,2.813995519793864730e+01
4.933123749642755485e+01,2.828249287373796150e+01
4.935124321234638956e+01,2.959806065279465059e+01
4.937124892826522427e+01,3.004526300176426190e+01
4.939125464418405187e+01,2.950766859693422717e+01
4.941126036010288658e+01,2.919105275692137980e+01
4.943126607602172129e+01,2.922709923593036407e+01
4.945127179194055600e+01,2.890117118874488256e+01
4.947127750785939071e+01,2.783576836982293656e+01
4.949128322377822542e+01,2.743035952695337443e+01
4.951128893969706013e+01,2.663151054382858618e+01
4.953129465561589484e+01,2.503555514192819231e+01
4.955130037153472955e+01,2.444660365371721866e+01
4.957130608745355715e+01,2.282277857496931617e+01
4.959131180337239186e+01,2.265916491317019421e+01
4.961131751929122657e+01,2.118302462188012214e+01
4.963132323521006128e+01,2.037547688617320318e+01
4.965132895112889599e+01,1.983710515823075227e+01
4.967133466704773070e+01,1.886619379750742098e+01
4.969134038296656541e+01,1.747319729871191996e+01
4.971134609888540012e+01,1.757179903874396842e+01
4.973135181480423483e+01,1.670790409087347328e+01
4.975135753072306244e+01,1.554746789756247694e+01
4.977136324664189715e+01,1.498862962561860179e+01
4.979136896256073186e+01,1.508910073575670907e+01
4.981137467847956657e+01,1.515885786182016304e+01
4.983138039439840128e+01,1.484969563368940548e+01
4.985138611031723599e+01,1.428079198795419558e+01
4.987139182623607070e+01,1.488696234032510901e+01
4.989139754215490541e+01,1.358418041241604435e+01
4.991140325807374012e+01,1.296676033374135883e+01
4.993140897399257483e+01,1.260983938009860239e+01
4.995141468991140243e+01,1.208197845608996523e+01
4.997142040583023714e+01,1.153696812207482125e+01
4.999142612174907185e+01,1.158083179072912294e+01
5.001143183766790656e+01,1.083717545076049049e+01
5.003143755358674127e+01,1.056255229084165137e+01
5.005144326950557598e+01,8.952707887011788657e+00
5.007144898542441069e+01,9.704608610980102412e+00
5.009145470134324540e+01,8.730804409072030481e+00
5.011146041726208011e+01,9.047665299769811043e+00
5.013146613318090772e+01,8.486256180879541589e+00
5.015147184909974243e+01,7.574870755388205978e+00
5.017147756501857714e+01,8.275715275072327515e+00
5.019148328093741185e+01,8.516553877286435537e+00
5.021148899685624656e+01,7.894545394231364810e+00
5.023149471277508127e+01,8.344266738755155899e+00
5.025150042869391598e+01,8.506507243569568999e+00
5.027150614461275069e+01,9.339173349527516876e+00
5.029151186053158540e+01,9.683312178698898265e+00
5.031151757645042011e+01,1.024478781510035930e+01
5.033152329236924771e+01,9.898733269307257387e+00
5.035152900828808242e+01,1.060399898447553113e+01
5.037153472420691713e+01,1.182737100922917506e+01
5.039154044012575184e+01,1.279155475432839850e+01
5.041154615604458655e+01,1.295145065620441471e+01
5.043155187196342126e+01,1.329524540026195112e+01
5.045155758788225597e+01,1.355406398286821812e+01
5.047156330380109068e+01,1.410516092846588698e+01
5.049156901971992539e+01,1.445612144835166823e+01
5.051157473563875300e+01,1.466437390927723428e+01
5.053158045155758771e+01,1.507316424109232500e+01
5.055158616747642242e+01,1.527374246438858663e+01
5.057159188339525713e+01,1.432684930551659974e+01
5.059159759931409184e+01,1.433227428242879853e+01
5.061160331523292655e+01,1.331687588753547580e+01
5.063160903115176126e+01,1.329677362258382090e+01
5.065161474707059597e+01,1.327326652497252013e+01
5.067162046298943068e+01,1.217556085993162895e+01
5.069162617890825828e+01,1.214269852036890640e+01
5.071163189482709299e+01,1.114686493045160987e+01
5.073163761074592770e+01,1.062989824285906160e+01
5.075164332666476241e+01,1.089663877268205283e+01
5.077164904258359712e+01,1.078214954014893578e+01
5.079165475850243183e+01,1.032457566659953585e+01
5.081166047442126654e+01,9.127770932209880783e+00
5.083166619034010125e+01,9.361715468336006651e+00
5.085167190625893596e+01,9.076858043740472226e+00
5.087167762217777067e+01,9.418074982560863617e+00
5.089168333809659828e+01,8.647566329280000019e+00
5.091168905401543299e+01,8.920117068620415424e+00
5.093169476993426770e+01,9.679172122563086234e+00
5.095170048585310241e+01,8.578778615470721292e+00
5.097170620177193712e+01,9.403269654457140803e+00
5.099171191769077183e+01,8.138289143418262483e+00
5.101171763360960654e+01,8.004783272070220335e+00
5.103172334952844125e+01,8.311612196634143856e+00
5.105172906544727596e+01,8.741945823516854119e+00
5.107173478136610356e+01,8.501340875988693924e+00
5.109174049728493827e+01,9.028078807560177665e+00
5.111174621320377298e+01,8.845591560442764845e+00
5.113175192912260769e+01,8.631987854008681182e+00
5.115175764504144240e+01,9.761953373707212833e+00
5.117176336096027711e+01,1.019735703579463149e+01
5.119176907687911182e+01,1.061775250126182613e+01
5.121177479279794653e+01,1.017485896413931457e+01
5.123178050871678124e+01,1.058524354535412471e+01
5.125178622463561595e+01,1.133935659089038239e+01
5.127179194055444356e+01,1.212633062459832445e+01
5.129179765647327827e+01,1.217846065662861221e+01
5.131180337239211298e+01,1.368616280433684196e+01
5.133180908831094769e+01,1.364398734199007102e+01
5.135181480422978240e+01,1.516418997588672113e+01
5.137182052014861711e+01,1.548209815957622482e+01
5.139182623606745182e+01,1.560982412932011343e+01
5.141183195198628653e+01,1.620407183983334676e+01
5.143183766790512124e+01,1.656942465424134525e+01
5.145184338382394884e+01,1.824915256908737149e+01
5.147184909974278355e+01,1.788825879591412971e+01
5.149185481566161826e+01,1.882770524489708208e+01
5.151186053158045297e+01,1.874338989171165082e+01
5.153186624749928768e+01,1.906410341084015414e+01
5.155187196341812239e+01,1.925279892232313728e+01
5.157187767933695710e+01,1.846745546195594301e+01
5.159188339525579181e+01,1.880764834314971168e+01
5.161188911117462652e+01,1.795993368664539958e+01
5.163189482709345413e+01,1.741183475585772911e+01
5.165190054301228884e+01,1.785429016034952809e+01
5.167190625893112355e+01,1.648941634978195125e+01
5.169191197484995826e+01,1.625073612757253727e+01
5.171191769076879297e+01,1.486487839802257227e+01
5.173192340668762768e+01,1.487648051719902043e+01
5.175192912260646239e+01,1.330326494813775362e+01
5.177193483852529710e+01,1.435454142561523838e+01
5.179194055444413181e+01,1.342366603337696063e+01
5.181194627036296652e+01,1.280455249312217703e+01
5.183195198628179412e+01,1.146221559087903685e+01
5.185195770220062883e+01,1.161211828463583373e+01
5.187196341811946354e+01,1.073510024599419665e+01
5.189196913403829825e+01,1.043483843827518953e+01
5.191197484995713296e+01,1.017877712977855964e+01
5.193198056587596767e+01,9.280672494950996665e+00
5.195198628179480238e+01,8.949427750216026212e+00
5.197199199771363709e+01,8.365515049054957686e+00
5.199199771363247180e+01,8.799959486051349700e+00
5.201200342955129940e+01,7.861310393431651278e+00
5.203200914547013411e+01,7.601734255218953962e+00
5.205201486138896882e+01,7.838569311029894848e+00
5.207202057730780353e+01,7.191927964225104830e+00
5.209202629322663824e+01,7.117701555064963159e+00
5.211203200914547295e+01,7.542752413423816193e+00
5.213203772506430766e+01,6.349299401835996726e+00
5.215204344098314237e+01,6.635317528256983621e+00
5.217204915690197708e+01,6.863498324488114477e+00
5.219205487282081180e+01,7.067638206525428402e+00
5.221206058873963940e+01,6.103748277002488898e+00
5.223206630465847411e+01,6.953805349920880730e+00
5.225207202057730882e+01,6.193163497879139001e+00
5.227207773649614353e+01,7.577449437805396038e+00
5.229208345241497824e+01,6.515410079990441972e+00
5.231208916833381295e+01,6.936885910120340171e+00
5.233209488425264766e+01,6.813084264493602049e+00
5.235210060017148237e+01,7.492656177642990301e+00
5.237210631609031708e+01,7.378457586218992503e+00
5.239211203200914468e+01,7.900547245347792291e+00
5.241211774792797939e+01,8.030401689707872492e+00
5.243212346384681410e+01,8.069435740490044751e+00
5.245212917976564881e+01,7.737493830455399291e+00
5.247213489568448352e+01,7.855652232763819853e+00
5.249214061160331823e+01,8.576044156978362309e+00
5.251214632752215294e+01,9.177230917402368959e+00
5.253215204344098765e+01,9.064301878331608719e+00
5.255215775935982236e+01,9.674941502004569926e+00
5.257216347527864997e+01,9.495831100565713001e+00
5.259216919119748468e+01,8.903225554005064879e+00
5.261217490711631939e+01,8.327328686984058592e+00
5.263218062303515410e+01,8.821238271397142228e+00
5.265218633895398881e+01,8.832271908469000010e+00
5.267219205487282352e+01,8.614759427203258824e+00
5.269219777079165823e+01,9.690833106912025485e+00
5.271220348671049294e+01,9.047486877630213087e+00
5.273220920262932765e+01,9.477242099583687462e+00
5.275221491854816236e+01,9.556604472056644539e+00
5.277222063446698996e+01,9.583706115261456659e+00
5.279222635038582467e+01,9.517425307174899984e+00
5.281223206630465938e+01,9.626470216968545657e+00
5.283223778222349409e+01,9.593689235018640460e+00
5.285224349814232880e+01,9.031971638906517441e+00
5.287224921406116351e+01,8.525528451410844255e+00
5.289225492997999822e+01,8.394720209333055294e+00
5.291226064589883293e+01,9.050948745929552786e+00
5.293226636181766764e+01,8.467714855382983075e+00
5.295227207773649525e+01,8.109207403143011916e+00
5.297227779365532996e+01,7.781229455847359588e+00
5.299228350957416467e+01,7.610255563540784252e+00
5.301228922549299938e+01,7.524753053505699896e+00
5.303229494141183409e+01,6.762594230509290760e+00
5.305230065733066880e+01,6.794435683221390576e+00
5.307230637324950351e+01,6.510339271166097674e+00
5.309231208916833822e+01,5.858064814002744924e+00
5.311231780508717293e+01,5.694995464176536792e+00
5.313232352100600764e+01,5.516889568182785197e+00
5.315232923692483524e+01,4.782869675558016453e+00
5.317233495284366995e+01,5.809148166364436428e+00
5.319234066876250466e+01,4.416755115324590086e+00
5.321234638468133937e+01,5.252950003528162881e+00
5.323235210060017408e+01,5.151232579302895687e+00
5.325235781651900879e+01,4.806729626117177467e+00
5.327236353243784350e+01,5.440832880471043076e+00
5.329236924835667821e+01,4.860878353608768521e+00
5.331237496427551292e+01,4.756913462972112150e+00
5.333238068019434053e+01,4.657217762247221060e+00
5.335238639611317524e+01,5.172116905605268933e+00
5.337239211203200995e+01,5.038572391714880361e+00
5.339239782795084466e+01,5.292914187341379417e+00
5.341240354386967937e+01,5.148116973463054080e+00
5.343240925978851408e+01,5.290542323405526659e+00
5.345241497570734879e+01,5.026963213703254496e+00
5.347242069162618350e+01,5.490082741502048336e+00
5.349242640754501821e+01,4.840661455383947320e+00
5.351243212346384581e+01,5.419186166548161765e+00
5.353243783938268052e+01,4.703782788945459536e+00
5.355244355530151523e+01,5.362037652151161460e+00
5.357244927122034994e+01,4.656692674852322966e+00
5.359245498713918465e+01,5.482223315203786029e+00
5.361246070305801936e+01,5.366929356459014144e+00
5.363246641897685407e+01,5.316167081515704496e+00
5.365247213489568878e+01,5.609537200460785300e+00
5.367247785081452349e+01,5.210389308424232979e+00
5.369248356673335820e+01,5.947054239538879017e+00
5.371248928265218581e+01,6.331307648635559282e+00
5.373249499857102052e+01,6.525827541763593587e+00
5.375250071448985523e+01,6.072440826693937588e+00
5.377250643040868994e+01,6.808614056455434493e+00
5.379251214632752465e+01,7.360354944339220218e+00
5.381251786224635936e+01,6.990921851758297834e+00
5.383252357816519407e+01,6.639877103741744335e+00
5.385252929408402878e+01,6.509455975372353542e+00
5.387253501000286349e+01,7.352224696053324848e+00
5.389254072592169109e+01,7.525875793981560591e+00
5.391254644184052580e+01,7.595830708980762402e+00
5.393255215775936051e+01,6.818482774345744346e+00
5.395255787367819522e+01,7.630112260098341537e+00
5.397256358959702993e+01,7.177848890516974834e+00
5.399256930551586464e+01,7.874163408619304860e+00
5.401257502143469935e+01,6.972260442951984771e+00
5.403258073735353406e+01,6.538754315938070327e+00
5.405258645327236877e+01,6.685654208263114739e+00
5.407259216919120348e+01,6.225784090779361790e+00
5.409259788511003109e+01,6.587734386626268090e+00
5.411260360102886580e+01,6.905753608709794378e+00
5.413260931694770051e+01,6.885853323983882390e+00
5.415261503286653522e+01,6.269019821502463508e+00
5.417262074878536993e+01,7.030131011342028557e+00
5.419262646470420464e+01,6.333139173064029848e+00
5.421263218062303935e+01,6.798858645548770063e+00
5.423263789654187406e+01,7.548786098467708428e+00
5.425264361246070877e+01,6.801808000877856308e+00
5.427264932837953637e+01,7.036162506463449873e+00
5.429265504429837108e+01,7.538077899556898664e+00
5.431266076021720579e+01,7.390840510806689245e+00
5.433266647613604050e+01,8.472478923085793312e+00
5.435267219205487521e+01,8.120885440996918447e+00
5.437267790797370992e+01,8.647647977601755187e+00
5.439268362389254463e+01,8.547597010127690353e+00
5.441268933981137934e+01,8.583680949103527524e+00
5.443269505573021405e+01,8.659526462300132010e+00
5.445270077164904166e+01,8.460134445202466935e+00
5.447270648756787637e+01,8.378921045725830297e+00
5.449271220348671108e+01,8.773865670785955473e+00
5.451271791940554579e+01,8.076540043163420890e+00
5.453272363532438050e+01,8.490535700784375805e+00
5.455272935124321521e+01,8.452398931945438676e+00
5.457273506716204992e+01,8.218620792374858652e+00
5.459274078308088463e+01,8.455809694690733735e+00
5.461274649899971934e+01,7.915537559874670670e+00
5.463275221491855405e+01,8.312237948869288573e+00
5.465275793083738165e+01,7.408702961833254719e+00
5.467276364675621636e+01,8.025666885948869123e+00
5.469276936267505107e+01,7.609124007990315519e+00
5.471277507859388578e+01,8.238860363976204582e+00
5.473278079451272049e+01,7.769602810098263035e+00
5.475278651043155520e+01,8.012494230528297123e+00
5.477279222635038991e+01,8.169821865441228681e+00
5.479279794226922462e+01,8.870943695043246535e+00
5.481280365818805933e+01,8.192933767551100033e+00
5.483280937410688693e+01,8.998258228654979263e+00
5.485281509002572164e+01,9.491507784832423411e+00
5.487282080594455635e+01,1.006842576729794203e+01
5.489282652186339106e+01,1.028947580945732376e+01
5.491283223778222577e+01,1.132948357785733506e+01
5.493283795370106048e+01,1.068250381052800080e+01
5.495284366961989519e+01,1.095474648869036116e+01
5.497284938553872990e+01,1.194778366329584074e+01
5.499285510145756461e+01,1.204586298786503384e+01
5.501286081737639222e+01,1.232830893270517514e+01
5.503286653329522693e+01,1.258370134970048682e+01
5.505287224921406164e+01,1.245519583552243148e+01
5.507287796513289635e+01,1.251356214041823556e+01
5.509288368105173106e+01,1.292652499118912957e+01
5.511288939697056577e+01,1.193094445932620218e+01
5.513289511288940048e+01,1.154590657568382994e+01
5.515290082880823519e+01,1.121546671982832954e+01
5.517290654472706990e+01,1.024024504138704472e+01
5.519291226064590461e+01,9.980729736092630588e+00
5.521291797656473221e+01,9.535852332483525373e+00
5.523292369248356692e+01,9.295868568870318427e+00
5.525292940840240163e+01,8.873444518757363397e+00
5.527293512432123634e+01,8.255849525190740223e+00
5.529294084024007105e+01,7.669458847396970924e+00
5.531294655615890576e+01,6.730463142792199704e+00
5.533295227207774047e+01,6.573974999285254306e+00
5.535295798799657518e+01,6.256434773964400620e+00
5.537296370391540989e+01,5.558021845671543559e+00
5.539296941983423750e+01,5.699838216706007543e+00
5.541297513575307221e+01,6.031357234214376639e+00
5.543298085167190692e+01,5.464092572724704944e+00
5.545298656759074163e+01,6.347182425951308105e+00
5.547299228350957634e+01,5.366494889025544168e+00
5.549299799942841105e+01,4.716229536198780714e+00
5.551300371534724576e+01,5.654419555125456576e+00
5.553300943126608047e+01,5.535653949555234377e+00
5.555301514718491518e+01,4.813123529802710188e+00
5.557302086310374989e+01,6.152730336512090226e+00
5.559302657902257749e+01,5.648530114420736936e+00
5.561303229494141220e+01,6.025769761273984670e+00
5.563303801086024691e+01,5.767423453040786185e+00
5.565304372677908162e+01,6.129010444558151249e+00
5.567304944269791633e+01,6.069883983080998746e+00
5.569305515861675104e+01,7.104648986832621915e+00
5.571306087453558575e+01,7.505783840890519087e+00
5.573306659045442046e+01,7.520505013057199761e+00
5.575307230637325517e+01,7.829325015868649373e+00
5.577307802229208278e+01,7.723262050634541964e+00
5.579308373821091749e+01,8.434225275991563464e+00
5.581308945412975220e+01,8.777731941840954732e+00
5.583309517004858691e+01,8.932305005426874445e+00
5.585310088596742162e+01,8.875982269023422688e+00
5.587310660188625633e+01,9.701421268243636931e+00
5.589311231780509104e+01,9.295428642717901369e+00
5.591311803372392575e+01,9.773469830547462323e+00
5.593312374964276046e+01,1.015377059852227504e+01
5.595312946556158806e+01,9.540689439111384118e+00
5.597313518148042277e+01,9.012022439943798702e+00
5.599314089739925748e+01,8.564870450097963328e+00
5.601314661331809219e+01,8.409114802423403034e+00
5.603315232923692690e+01,8.426840897598486535e+00
5.605315804515576161e+01,8.812397937091036582e+00
5.607316376107459632e+01,7.962959611304231800e+00
5.609316947699343103e+01,7.596734239028652524e+00
5.611317519291226574e+01,7.682576740392471848e+00
5.613318090883110045e+01,7.174833180852260739e+00
5.615318662474992806e+01,7.120566321060538328e+00
5.617319234066876277e+01,7.639193464346114126e+00
5.619319805658759748e+01,6.555308762788818022e+00
5.621320377250643219e+01,6.902267772504059096e+00
5.623320948842526690e+01,6.761792982674408314e+00
5.625321520434410161e+01,6.611255222781251994e+00
5.627322092026293632e+01,6.261669984853755366e+00
5.629322663618177103e+01,7.602040251596536180e+00
5.631323235210060574e+01,6.698325325791675056e+00
5.633323806801943334e+01,8.106722801031239101e+00
5.635324378393826805e+01,8.284419359053925902e+00
5.637324949985710276e+01,8.463823823079154707e+00
5.639325521577593747e+01,8.834643338045930605e+00
5.641326093169477218e+01,9.719227017035624527e+00
5.643326664761360689e+01,9.463805400564627490e+00
5.645327236353244160e+01,9.592297761320645932e+00
5.647327807945127631e+01,9.360018900407837350e+00
5.649328379537011102e+01,9.776861096546305419e+00
5.651328951128894573e+01,1.087863736738595577e+01
5.653329522720777334e+01,1.098960689777491062e+01
5.655330094312660805e+01,1.221419838341888564e+01
5.657330665904544276e+01,1.245619871725400429e+01
5.659331237496427747e+01,1.233451985441278964e+01
5.661331809088311218e+01,1.286241226435287821e+01
5.663332380680194689e+01,1.267557739493043201e+01
5.665332952272078160e+01,1.246363910364675398e+01
5.667333523863961631e+01,1.303593921400362632e+01
5.669334095455845102e+01,1.384007422065633008e+01
5.671334667047727862e+01,1.358062637935623584e+01
5.673335238639611333e+01,1.344218425124040195e+01
5.675335810231494804e+01,1.267300726913470399e+01
5.677336381823378275e+01,1.231745148885246266e+01
5.679336953415261746e+01,1.185818035819400507e+01
5.681337525007145217e+01,1.073862419784869360e+01
5.683338096599028688e+01,1.112139980169326670e+01
5.685338668190912159e+01,1.035544823213451160e+01
5.687339239782795630e+01,9.431230443648892958e+00
5.689339811374678391e+01,9.285583876682366622e+00
5.691340382966561862e+01,8.136069165770820177e+00
5.693340954558445333e+01,8.584177567649133422e+00
5.695341526150328804e+01,7.330133818434896753e+00
5.697342097742212275e+01,6.725216019216643915e+00
5.699342669334095746e+01,7.002369333111934324e+00
5.701343240925979217e+01,6.677185395610063523e+00
5.703343812517862688e+01,6.622557247156161786e+00
5.705344384109746159e+01,6.121810579407104491e+00
5.707344955701629630e+01,6.031876730465109304e+00
5.709345527293512390e+01,5.449856480733463293e+00
5.711346098885395861e+01,6.131064385156536289e+00
5.713346670477279332e+01,5.189064982401354165e+00
5.715347242069162803e+01,6.247597854244690829e+00
5.717347813661046274e+01,5.291989303923877230e+00
5.719348385252929745e+01,5.967520844216115172e+00
5.721348956844813216e+01,6.469161401875593853e+00
5.723349528436696687e+01,6.413988171381026504e+00
5.725350100028580158e+01,6.955945548361209596e+00
5.727350671620462919e+01,6.469097257428597203e+00
5.729351243212346390e+01,7.067285668619364358e+00
5.731351814804229861e+01,8.042201274953079349e+00
5.733352386396113332e+01,8.405037119891822783e+00
5.735352957987996803e+01,8.135386185204257714e+00
5.737353529579880274e+01,9.334616566213366440e+00
5.739354101171763745e+01,9.308937251633285115e+00
5.741354672763647216e+01,1.011246151027309992e+01
5.743355244355530687e+01,9.835670071688166871e+00
5.745355815947414158e+01,1.093061051684179574e+01
5.747356387539296918e+01,1.018466519747973820e+01
5.749356959131180389e+01,1.112747822555284394e+01
5.751357530723063860e+01,1.109070830571675437e+01
5.753358102314947331e+01,1.098916642423795054e+01
5.755358673906830802e+01,1.086670685452794594e+01
5.757359245498714273e+01,1.173685143008035148e+01
5.759359817090597744e+01,1.123084714221554492e+01
5.761360388682481215e+01,1.200707568123122471e+01
5.763360960274364686e+01,1.205445419587471179e+01
5.765361531866247446e+01,1.293354191937070397e+01
5.767362103458130917e+01,1.236732115191799508e+01
5.769362675050014388e+01,1.261546070103401007e+01
5.771363246641897859e+01,1.270261793353063418e+01
5.773363818233781330e+01,1.226865492950792635e+01
5.775364389825664801e+01,1.248304658555074553e+01
5.777364961417548272e+01,1.263131885441244862e+01
5.779365533009431743e+01,1.235990081693100251e+01
5.781366104601315214e+01,1.213307238960876688e+01
5.783366676193197975e+01,1.206024105817948566e+01
5.785367247785081446e+01,1.187014745924042103e+01
5.787367819376964917e+01,1.145436561851368396e+01
5.789368390968848388e+01,1.098067317148478850e+01
5.791368962560731859e+01,1.040908087205020927e+01
5.793369534152615330e+01,9.170256180076108876e+00
5.795370105744498801e+01,8.996368148695164990e+00
5.797370677336382272e+01,8.427935340030483502e+00
5.799371248928265743e+01,9.228653068870096732e+00
5.801371820520149214e+01,8.042306128681000033e+00
5.803372392112031974e+01,8.474951607445753154e+00
5.805372963703915445e+01,8.226515839461789881e+00
5.807373535295798916e+01,8.108270690098887457e+00
5.809374106887682387e+01,7.408433734566859385e+00
5.811374678479565858e+01,7.728035486816937194e+00
5.813375250071449329e+01,7.145197986141414326e+00
5.815375821663332800e+01,7.028629055961918226e+00
5.817376393255216271e+01,7.321266595788491927e+00
5.819376964847099742e+01,6.705201325436167537e+00
5.821377536438982503e+01,7.236591335453367080e+00
5.823378108030865974e+01,6.758266670082003102e+00
5.825378679622749445e+01,6.842241128577872367e+00
5.827379251214632916e+01,7.409260735358904171e+00
5.829379822806516387e+01,7.503788196789017206e+00
5.831380394398399858e+01,6.392287779211741849e+00
5.833380965990283329e+01,7.146107003233849397e+00
5.835381537582166800e+01,6.494696314618928490e+00
5.837382109174050271e+01,6.849856060377835121e+00
5.839382680765933742e+01,6.671460870601302773e+00
5.841383252357816502e+01,6.832890526393534891e+00
5.843383823949699973e+01,7.068488032108014352e+00
5.845384395541583444e+01,6.280101237436259254e+00
5.847384967133466915e+01,6.984111300092593844e+00
5.849385538725350386e+01,7.604915002829205406e+00
5.851386110317233857e+01,7.050854232445953329e+00
5.853386681909117328e+01,7.018482945820574415e+00
5.855387253501000799e+01,6.590645282971220098e+00
5.857387825092884270e+01,7.056553940974544581e+00
5.859388396684767031e+01,6.565912904139638684e+00
5.861388968276650502e+01,6.250613810773394619e+00
5.863389539868533973e+01,7.082098195745370361e+00
5.865390111460417444e+01,6.749195691935795161e+00
5.867390683052300915e+01,6.920812132243407966e+00
5.869391254644184386e+01,5.707416364103479189e+00
5.871391826236067857e+01,6.671073817000880979e+00
5.873392397827951328e+01,6.250130665084672188e+00
5.875392969419834799e+01,6.051538779983702376e+00
5.877393541011717559e+01,4.827207556915725561e+00
5.879394112603601030e+01,5.009315873268544550e+00
5.881394684195484501e+01,5.003029396996867106e+00
5.883395255787367972e+01,5.941925047611671395e+00
5.885395827379251443e+01,5.096171890780166969e+00
5.887396398971134914e+01,3.914659306520931636e+00
5.889396970563018385e+01,4.676823933293964508e+00
5.891397542154901856e+01,4.450346982886734359e+00
5.893398113746785327e+01,3.809915767385347429e+00
5.895398685338668798e+01,4.701857275341195574e+00
5.897399256930551559e+01,4.487532757994694421e+00
5.899399828522435030e+01,4.429629060339435043e+00
5.901400400114318501e+01,4.740858768766601727e+00
5.903400971706201972e+01,4.203653116207304308e+00
5.905401543298085443e+01,5.119284933996754994e+00
5.907402114889968914e+01,4.198805744239555438e+00
5.909402686481852385e+01,3.970010973740466742e+00
5.911403258073735856e+01,4.320546328635900935e+00
5.913403829665619327e+01,4.479362630575446147e+00
5.915404401257502087e+01,4.916707395242690737e+00
5.917404972849385558e+01,3.834890590718899706e+00
5.919405544441269029e+01,4.640279987284032792e+00
5.921406116033152500e+01,3.719564842646859049e+00
5.923406687625035971e+01,5.252946631028059699e+00
5.925407259216919442e+01,5.067389146157615265e+00
5.927407830808802913e+01,3.915826615844358205e+00
5.929408402400686384e+01,4.792828313101930249e+00
5.931408973992569855e+01,4.234123956233638353e+00
5.933409545584453326e+01,4.534860947445356061e+00
5.935410117176336087e+01,5.152462784464261425e+00
5.937410688768219558e+01,5.071793054108127308e+00
5.939411260360103029e+01,5.042305793481303589e+00
5.941411831951986500e+01,4.404192726759864840e+00
5.943412403543869971e+01,4.648558298658460153e+00
5.945412975135753442e+01,4.106286369051941776e+00
5.947413546727636913e+01,4.423126316109185829e+00
5.949414118319520384e+01,4.392396051546404223e+00
5.951414689911403855e+01,5.601364388118823534e+00
5.953415261503286615e+01,5.181856813466849232e+00
5.955415833095170086e+01,4.526587033886278810e+00
5.957416404687053557e+01,5.266530535101364485e+00
5.959416976278937028e+01,4.722510535256873254e+00
5.961417547870820499e+01,5.801019118300096977e+00
5.963418119462703970e+01,5.510309440996765673e+00
5.965418691054587441e+01,5.433423405497823211e+00
5.967419262646470912e+01,5.869571211232734953e+00
5.969419834238354383e+01,5.850516566102435867e+00
5.971420405830237144e+01,6.356466861384213907e+00
5.973420977422120615e+01,6.450375059713010728e+00
5.975421549014004086e+01,7.023103592997802735e+00
5.977422120605887557e+01,5.887324460124251146e+00
5.979422692197771028e+01,6.414657251483268929e+00
5.981423263789654499e+01,6.157098428298159121e+00
5.983423835381537970e+01,5.835862748160081104e+00
5.985424406973421441e+01,5.528939685600609444e+00
5.987424978565304912e+01,7.129622433284321659e+00
5.989425550157188383e+01,6.338200301378302370e+00
5.991426121749071143e+01,6.201048980610341488e+00
5.993426693340954614e+01,6.183682084207569929e+00
5.995427264932838085e+01,5.730890177836823973e+00
5.997427836524721556e+01,5.357661668503773456e+00
5.999428408116605027e+01,6.350370765224034209e+00
6.001428979708488498e+01,6.016659242112831762e+00
6.003429551300371969e+01,5.927615955856526675e+00
6.005430122892255440e+01,5.948657799505084220e+00
6.007430694484138911e+01,5.436895171082516853e+00
6.009431266076021672e+01,6.975813050287353434e+00
6.011431837667905143e+01,6.628500651555690126e+00
6.013432409259788614e+01,5.883980501690326825e+00
6.015432980851672085e+01,6.368166155046392163e+00
6.017433552443555556e+01,7.017655391742106730e+00
6.019434124035439027e+01,7.724513423300766846e+00
6.021434695627322498e+01,8.315176177987700257e+00
6.023435267219205969e+01,8.344697543989143540e+00
6.025435838811089440e+01,8.246227329404749895e+00
6.027436410402972911e+01,8.469490424975390397e+00
6.029436981994855671e+01,8.261790413512873243e+00
6.031437553586739142e+01,8.750829337016737597e+00
6.033438125178622613e+01,8.634853824334436823e+00
6.035438696770506084e+01,9.057266645491072410e+00
6.037439268362389555e+01,8.299208933365360252e+00
6.039439839954273026e+01,9.014757313568924957e+00
6.041440411546156497e+01,8.113794147004188773e+00
6.043440983138039968e+01,8.591815181895729125e+00
6.045441554729923439e+01,8.235569130375520075e+00
6.047442126321806199e+01,7.330131256695520570e+00
6.049442697913689670e+01,7.956837045753290205e+00
6.051443269505573141e+01,7.746720185808838366e+00
6.053443841097456612e+01,7.263593783104369095e+00
6.055444412689340083e+01,8.182402004523709138e+00
6.057444984281223554e+01,7.232585260162080587e+00
6.059445555873107025e+01,6.388573525613298720e+00
6.061446127464990496e+01,6.650486408410975159e+00
6.063446699056873967e+01,6.772104666201109069e+00
6.065447270648756728e+01,7.107197594284055064e+00
6.067447842240640199e+01,6.456765610692732693e+00
6.069448413832523670e+01,7.058532481545412018e+00
6.071448985424407141e+01,6.404930488509287478e+00
6.073449557016290612e+01,6.291875188503793126e+00
6.075450128608174083e+01,6.514731353416598481e+00
6.077450700200057554e+01,6.764833448799402404e+00
6.079451271791941025e+01,6.190555512684004391e+00
6.081451843383824496e+01,6.358274519779840261e+00
6.083452414975707967e+01,6.365146611255176445e+00
6.085452986567590727e+01,6.194816371052622728e+00
6.087453558159474198e+01,6.143279193430933205e+00
6.089454129751357669e+01,6.708578520956897329e+00
6.091454701343241140e+01,7.172249103637954981e+00
6.093455272935124611e+01,6.339290116881374892e+00
6.095455844527008082e+01,5.845633731421903789e+00
6.097456416118891553e+01,6.352824329598046660e+00
6.099456987710775024e+01,6.159317249303398967e+00
6.101457559302658495e+01,6.339421100728292124e+00
6.103458130894541256e+01,5.523709191332025092e+00
6.105458702486424727e+01,5.520660634989758009e+00
6.107459274078308198e+01,6.052718479240542848e+00
6.109459845670191669e+01,6.256323740831955860e+00
6.111460417262075140e+01,5.386821196729344230e+00
6.113460988853958611e+01,6.155794637356554411e+00
6.115461560445842082e+01,5.962474588100626249e+00
6.117462132037725553e+01,6.144819192023905252e+00
6.119462703629609024e+01,4.672374827333031000e+00
6.121463275221492495e+01,4.631100155133630381e+00
6.123463846813375255e+01,5.574484500209127447e+00
6.125464418405258726e+01,5.194542290863807921e+00
6.127464989997142197e+01,5.968578064285637197e+00
6.129465561589025668e+01,6.360906913025271336e+00
6.131466133180909139e+01,5.421755122986152031e+00
6.133466704772792610e+01,5.501070182324491853e+00
6.135467276364676081e+01,5.951388661190051721e+00
6.137467847956559552e+01,5.997227427096474273e+00
6.139468419548443023e+01,5.630889672949063396e+00
6.141468991140325784e+01,5.907922713042577101e+00
6.143469562732209255e+01,5.483825756879889823e+00
6.145470134324092726e+01,5.664807924840641107e+00
6.147470705915976197e+01,4.965526156003273073e+00
6.149471277507859668e+01,5.543865355884469714e+00
6.151471849099743139e+01,5.835148002576916682e+00
6.153472420691626610e+01,6.474833882521999762e+00
6.155472992283510081e+01,5.875399617417774500e+00
6.157473563875393552e+01,6.563512207869032444e+00
6.159474135467276312e+01,6.793732722289774983e+00
6.161474707059159783e+01,6.396540753650678646e+00
6.163475278651043254e+01,6.349444690519637113e+00
6.165475850242926725e+01,6.076149272025332948e+00
6.167476421834810196e+01,7.321428641836080331e+00
6.169476993426693667e+01,6.368025776260934023e+00
6.171477565018577138e+01,6.305026128046600675e+00
6.173478136610460609e+01,6.740279648664465384e+00
6.175478708202344080e+01,6.096334876314513096e+00
6.177479279794227551e+01,6.499918826970825236e+00
6.179479851386110312e+01,7.257131342251785355e+00
6.181480422977993783e+01,6.948506529260228604e+00
6.183480994569877254e+01,6.849159450494505919e+00
6.185481566161760725e+01,6.741368566168482346e+00
6.187482137753644196e+01,6.590689285311428947e+00
6.189482709345527667e+01,6.328181844218979890e+00
6.191483280937411138e+01,7.009499364543871458e+00
6.193483852529294609e+01,6.926455520955340894e+00
6.195484424121178080e+01,6.720162756217561650e+00
6.197484995713060840e+01,6.649604502981632415e+00
6.199485567304944311e+01,6.505754714476413625e+00
6.201486138896827782e+01,6.474699807726279843e+00
6.203486710488711253e+01,6.569608715206447513e+00
6.205487282080594724e+01,7.216909499208536083e+00
6.207487853672478195e+01,6.838072125038250348e+00
6.209488425264361666e+01,6.516655420884408301e+00
6.211488996856245137e+01,6.853074041278080841e+00
6.213489568448128608e+01,6.992196756805606483e+00
6.215490140040011369e+01,7.044250809181880513e+00
6.217490711631894840e+01,6.633482394811796468e+00
6.219491283223778311e+01,6.672887081809978582e+00
6.221491854815661782e+01,7.098741308288444962e+00
6.223492426407545253e+01,8.118264266438925958e+00
6.225492997999428724e+01,7.275166991220771706e+00
6.227493569591312195e+01,7.851521948343965107e+00
6.229494141183195666e+01,7.664087089219692395e+00
6.231494712775079137e+01,7.652120907655095117e+00
6.233495284366962608e+01,8.997811573363620141e+00
6.235495855958845368e+01,8.026392112540095880e+00
6.237496427550728839e+01,8.642167614390000807e+00
6.239496999142612310e+01,8.792993495209728394e+00
6.241497570734495781e+01,8.585582653345600335e+00
6.243498142326379252e+01,9.410386357090564147e+00
6.245498713918262723e+01,9.615680712905497529e+00
6.247499285510146194e+01,9.307066069700482558e+00
6.249499857102029665e+01,9.162223426952460059e+00
6.251500428693913136e+01,9.122044374863865102e+00
6.253501000285795897e+01,9.373337882284994649e+00
6.255501571877679368e+01,9.694573484929343010e+00
6.257502143469562839e+01,9.832763781373646594e+00
6.259502715061446310e+01,9.043239388606824747e+00
6.261503286653329781e+01,9.475486391438224132e+00
6.263503858245213252e+01,9.595606359451537060e+00
6.265504429837096723e+01,9.969848520540331549e+00
6.267505001428980194e+01,9.857045386271103382e+00
6.269505573020863665e+01,9.037286274865870439e+00
6.271506144612747136e+01,8.321387301439516548e+00
6.273506716204629896e+01,8.979483747196205456e+00
6.275507287796513367e+01,7.965925697042280262e+00
6.277507859388396838e+01,7.651295660606113991e+00
6.279508430980280309e+01,7.557016804217806083e+00
6.281509002572163780e+01,6.861985991974171029e+00
6.283509574164047251e+01,6.438073381026374165e+00
6.285510145755930722e+01,5.637016465069873306e+00
6.287510717347814193e+01,4.902502023350510996e+00
6.289511288939697664e+01,4.797258070082212278e+00
6.291511860531580425e+01,5.666413128025754808e+00
6.293512432123463896e+01,4.833962358340146537e+00
6.295513003715347367e+01,5.409101764498251086e+00
6.297513575307230838e+01,4.560943044264750945e+00
6.299514146899114309e+01,4.689981567707151910e+00
6.301514718490997780e+01,4.731941367371140572e+00
6.303515290082881251e+01,4.362007167290309795e+00
6.305515861674764722e+01,4.368351055374674274e+00
6.307516433266648193e+01,4.398869527296445092e+00
6.309517004858530953e+01,4.102829915563754426e+00
6.311517576450414424e+01,4.268266013362259415e+00
6.313518148042297895e+01,3.674633397692257386e+00
6.315518719634181366e+01,3.573296037712421214e+00
6.317519291226064837e+01,4.503161896590388125e+00
6.319519862817948308e+01,4.547832558827003879e+00
6.321520434409831779e+01,4.238826549709775904e+00
6.323521006001715250e+01,3.593181118675010666e+00
6.325521577593598721e+01,4.455622006193980411e+00
6.327522149185482192e+01,4.153009527779172316e+00
6.329522720777364952e+01,3.511262559307670283e+00
6.331523292369248423e+01,3.545548562661637426e+00
6.333523863961131894e+01,4.803740919867220960e+00
6.335524435553015365e+01,3.417992784596045830e+00
6.337525007144898836e+01,4.155956870626325461e+00
6.339525578736782307e+01,4.662638914620247377e+00
6.341526150328665778e+01,3.762903526569421953e+00
6.343526721920549249e+01,3.942662023961232443e+00
6.345527293512432720e+01,3.847940985804223057e+00
6.347527865104315481e+01,3.363515482544986224e+00
6.349528436696198952e+01,4.439992367681847796e+00
6.351529008288082423e+01,4.664903578475698254e+00
6.353529579879965894e+01,3.585220116509063804e+00
6.355530151471849365e+01,4.019881456357737193e+00
6.357530723063732836e+01,4.501332795043368584e+00
6.359531294655616307e+01,3.847889922496463999e+00
6.361531866247499778e+01,3.714840784801404006e+00
6.363532437839383249e+01,3.659540960170931889e+00
6.365533009431266720e+01,3.812670826521685541e+00
6.367533581023149480e+01,3.229347494431315191e+00
6.369534152615032951e+01,4.341219190600192235e+00
6.371534724206916422e+01,4.397281527831879089e+00
6.373535295798799893e+01,4.638903317199933873e+00
6.375535867390683364e+01,4.220604541082813022e+00
6.377536438982566835e+01,4.182519552385840278e+00
6.379537010574450306e+01,4.771805826175885556e+00
6.381537582166333777e+01,4.193171951994711932e+00
6.383538153758217248e+01,4.686890985620466132e+00
6.385538725350100009e+01,5.033398918497185903e+00
6.387539296941983480e+01,4.621271717289529235e+00
6.389539868533866951e+01,5.444209030805170713e+00
6.391540440125750422e+01,4.862617693238700411e+00
6.393541011717633893e+01,5.125278876425613639e+00
6.395541583309517364e+01,5.714746129273485131e+00
6.397542154901400835e+01,4.394466194216264832e+00
6.399542726493284306e+01,5.669895444391082506e+00
6.401543298085167066e+01,4.928862031776551689e+00
6.403543869677051248e+01,5.202633025220197993e+00
6.405544441268934008e+01,4.897544403501066235e+00
6.407545012860816769e+01,5.016573059763588027e+00
6.409545584452700950e+01,4.940255605786891380e+00
6.411546156044585132e+01,5.215029388544037303e+00
6.413546727636467892e+01,5.693746526286680876e+00
6.415547299228350653e+01,5.128005635711669896e+00
6.417547870820234834e+01,4.162039366893303338e+00
6.419548442412119016e+01,4.637743387337534884e+00
6.421549014004001776e+01,4.735542495469451829e+00
6.423549585595884537e+01,4.308496498026759269e+00
6.425550157187768718e+01,4.943632004563100146e+00
6.427550728779651479e+01,4.710738250997660970e+00
6.429551300371534239e+01,4.295316809411434456e+00
6.431551871963418421e+01,4.719782256617965466e+00
6.433552443555302602e+01,4.182741788968927565e+00
6.435553015147185363e+01,5.273222071355446516e+00
6.437553586739068123e+01,5.606517164283331134e+00
6.439554158330952305e+01,5.153009241911353122e+00
6.441554729922835065e+01,5.141169162012817040e+00
6.443555301514717826e+01,4.959131594793928066e+00
6.445555873106602007e+01,5.802473478619372571e+00
6.447556444698486189e+01,6.174144644391651227e+00
6.449557016290368949e+01,5.111429420514022937e+00
6.451557587882251710e+01,5.019143512239431892e+00
6.453558159474135891e+01,5.743677053821747869e+00
6.455558731066020073e+01,5.316010214017031110e+00
6.457559302657902833e+01,4.856881113892348445e+00
6.459559874249785594e+01,5.967297257847398839e+00
6.461560445841669775e+01,5.579027250282670991e+00
6.463561017433552536e+01,5.528588470634111296e+00
6.465561589025435296e+01,5.817837753160410408e+00
6.467562160617319478e+01,5.919357184971430819e+00
6.469562732209203659e+01,5.706213756062730624e+00
6.471563303801086420e+01,5.246947221831526065e+00
6.473563875392969180e+01,5.694639199251619210e+00
6.475564446984853362e+01,5.603468726476949158e+00
6.477565018576737543e+01,5.713656726419854337e+00
6.479565590168618883e+01,6.444349334041048927e+00
6.481566161760503064e+01,6.305722505782049403e+00
6.483566733352387246e+01,6.434661511995412475e+00
6.485567304944270006e+01,5.261247101444719299e+00
6.487567876536152767e+01,6.260455747837738727e+00
6.489568448128036948e+01,5.641049020521562873e+00
6.491569019719921130e+01,5.988223454016141645e+00
6.493569591311803890e+01,5.476124830923430942e+00
6.495570162903686651e+01,4.992789193231213396e+00
6.497570734495570832e+01,5.494980152019591557e+00
6.499571306087453593e+01,4.895800168446529099e+00
6.501571877679336353e+01,5.441012835578456830e+00
6.503572449271220535e+01,4.984028417865728144e+00
6.505573020863104716e+01,4.993522236832031780e+00
6.507573592454987477e+01,5.774128900017639232e+00
6.509574164046870237e+01,5.362948243286609795e+00
6.511574735638754419e+01,6.181955867241600622e+00
6.513575307230638600e+01,6.224019675811748087e+00
6.515575878822521361e+01,5.864416300840280094e+00
6.517576450414404121e+01,5.689282108699009299e+00
6.519577022006288303e+01,5.785890630392925615e+00
6.521577593598171063e+01,6.321149101702905782e+00
6.523578165190053824e+01,6.145557141577482341e+00
6.525578736781938005e+01,6.445422297806844725e+00
6.527579308373822187e+01,6.487258724393369036e+00
6.529579879965704947e+01,6.660617342660644979e+00
6.531580451557587708e+01,6.972066995630963326e+00
6.533581023149471889e+01,6.117635041288035147e+00
6.535581594741354650e+01,7.005302434747942009e+00
6.537582166333237410e+01,7.017858910944042350e+00
6.539582737925121592e+01,7.568743981729140202e+00
6.541583309517005773e+01,6.784746452154770679e+00
6.543583881108888534e+01,7.040604055234600978e+00
6.545584452700771294e+01,6.715229345924672799e+00
6.547585024292655476e+01,7.311332621939944154e+00
6.549585595884539657e+01,7.757747381669083175e+00
6.551586167476422418e+01,6.811872909078515725e+00
6.553586739068305178e+01,6.627128572725934141e+00
6.555587310660189360e+01,7.309990053583488745e+00
6.557587882252072120e+01,7.105662944224614641e+00
6.559588453843954881e+01,6.258907750699233219e+00
6.561589025435839062e+01,6.379404847075976548e+00
6.563589597027723244e+01,6.620382770413829832e+00
6.565590168619606004e+01,5.991453246663252408e+00
6.567590740211488765e+01,6.199638281705157183e+00
6.569591311803372946e+01,6.118425673563621991e+00
6.571591883395257128e+01,6.107066223009945283e+00
6.573592454987138467e+01,6.311903936894138312e+00
6.575593026579022649e+01,5.684297317006314465e+00
6.577593598170906830e+01,5.514817690304434805e+00
6.579594169762789591e+01,5.865306840752335660e+00
6.581594741354672351e+01,5.694866756838004918e+00
6.583595312946556533e+01,5.685167515631782464e+00
6.585595884538440714e+01,6.317656935892396852e+00
6.587596456130323475e+01,4.532759484733207778e+00
6.589597027722206235e+01,5.343435229768986439e+00
6.591597599314090417e+01,5.285327440242136632e+00
6.593598170905973177e+01,5.606830482726152809e+00
6.595598742497855937e+01,5.183763376739534579e+00
6.597599314089740119e+01,4.921219530602457759e+00
6.599599885681624301e+01,5.057561638995007769e+00
6.601600457273507061e+01,4.974860312654101335e+00
6.603601028865389821e+01,5.287408975659677601e+00
6.605601600457274003e+01,5.617085978979847738e+00
6.607602172049158185e+01,4.837268266178782028e+00
6.609602743641040945e+01,4.820340311472659955e+00
6.611603315232923705e+01,4.207583273104043897e+00
6.613603886824807887e+01,5.235458680397258036e+00
6.615604458416690647e+01,4.620614066219554061e+00
6.617605030008573408e+01,4.879215665103950883e+00
6.619605601600457589e+01,5.739047793143497778e+00
6.621606173192341771e+01,5.498981889793125077e+00
6.623606744784224531e+01,5.087538332535604724e+00
6.625607316376107292e+01,5.150077300371970423e+00
6.627607887967991473e+01,5.153294463608077081e+00
6.629608459559874234e+01,5.069707284565346583e+00
6.631609031151756994e+01,5.991330266519240055e+00
6.633609602743641176e+01,4.737693422171549429e+00
6.635610174335525357e+01,5.555880686048611850e+00
6.637610745927408118e+01,5.374291968385169760e+00
6.639611317519290878e+01,5.295327871127650354e+00
6.641611889111175060e+01,5.357451205692311369e+00
6.643612460703059241e+01,5.582784616675835920e+00
6.645613032294942002e+01,5.559505100167123182e+00
6.647613603886824762e+01,6.802584221250313590e+00
6.649614175478708944e+01,5.944483550194577859e+00
6.651614747070591704e+01,5.772898868065966305e+00
6.653615318662474465e+01,5.511502785346418243e+00
6.655615890254358646e+01,6.427062042317680302e+00
6.657616461846242828e+01,7.050861929625799718e+00
6.659617033438125588e+01,6.836917651794774287e+00
6.661617605030008349e+01,6.807906492684726807e+00
6.663618176621892530e+01,7.024616366752013619e+00
6.665618748213776712e+01,7.104027615159312248e+00
6.667619319805658051e+01,7.259268565407898777e+00
6.669619891397542233e+01,8.016381750547374452e+00
6.671620462989426414e+01,8.616821870116639914e+00
6.673621034581309175e+01,7.958769459105434763e+00
6.675621606173191935e+01,8.629571461075826733e+00
6.677622177765076117e+01,7.809425565130584168e+00
6.679622749356960298e+01,8.490723683560640112e+00
6.681623320948843059e+01,8.868387961596347679e+00
6.683623892540725819e+01,8.780643732381504307e+00
6.685624464132610001e+01,9.439401924497287766e+00
6.687625035724492761e+01,9.260628049729296762e+00
6.689625607316375522e+01,9.224698326471813203e+00
6.691626178908259703e+01,9.232270622620141864e+00
6.693626750500143885e+01,9.090767896129445802e+00
6.695627322092026645e+01,9.175741363734216449e+00
6.697627893683909406e+01,8.303357398710684123e+00
6.699628465275793587e+01,7.915017181258348522e+00
6.701629036867677769e+01,7.952698856686379436e+00
6.703629608459560529e+01,7.945061966468607295e+00
6.705630180051443290e+01,7.759510399465214370e+00
6.707630751643327471e+01,7.560312096510283020e+00
6.709631323235210232e+01,6.973121098734085699e+00
6.711631894827092992e+01,7.528936855954794893e+00
6.713632466418977174e+01,7.550013506448298273e+00
6.715633038010861355e+01,7.318086340763759523e+00
6.717633609602744116e+01,7.226411220617021236e+00
6.719634181194626876e+01,7.303374160724843023e+00
6.721634752786511058e+01,7.127671399046519696e+00
6.723635324378393818e+01,7.710589396703406706e+00
6.725635895970276579e+01,7.303090008726183413e+00
6.727636467562160760e+01,6.975380416056347954e+00
6.729637039154044942e+01,6.423075035848921033e+00
6.731637610745927702e+01,6.121083835455400468e+00
6.733638182337810463e+01,6.920114441712575726e+00
6.735638753929694644e+01,6.107769349618076937e+00
6.737639325521578826e+01,7.128697717169760750e+00
6.739639897113461586e+01,6.694112125194763507e+00
6.741640468705344347e+01,5.696600191343298647e+00
6.743641040297228528e+01,6.713555616444912388e+00
6.745641611889111289e+01,6.001174015798740768e+00
6.747642183480994049e+01,6.135470984114814286e+00
6.749642755072878231e+01,5.633771342472219779e+00
6.751643326664762412e+01,5.397374403682096755e+00
6.753643898256645173e+01,5.834631227529912145e+00
6.755644469848527933e+01,5.715280568919163251e+00
6.757645041440412115e+01,5.758672285735917384e+00
6.759645613032296296e+01,5.977227016552168593e+00
6.761646184624177636e+01,5.391447632484410946e+00
6.763646756216061817e+01,5.382758382372424322e+00
6.765647327807945999e+01,4.688546110873459405e+00
6.767647899399828759e+01,6.151636561045545903e+00
6.769648470991711520e+01,5.140924207947488611e+00
6.771649042583595701e+01,5.802473574865222083e+00
6.773649614175479883e+01,4.540765353518903424e+00
6.775650185767362643e+01,4.851647293883893042e+00
6.777650757359245404e+01,5.225872003130042742e+00
6.779651328951129585e+01,4.997015713614048948e+00
6.781651900543012346e+01,4.161281133739696436e+00
6.783652472134895106e+01,4.667033398871428318e+00
6.785653043726779288e+01,5.526920238668514784e+00
6.787653615318663469e+01,4.559474275215921857e+00
6.789654186910546230e+01,5.043831193657767109e+00
6.791654758502428990e+01,4.875389011116032734e+00
6.793655330094313172e+01,4.818777196451893730e+00
6.795655901686197353e+01,5.044674779067165993e+00
6.797656473278080114e+01,4.353315067451640985e+00
6.799657044869962874e+01,3.975963366543117772e+00
6.801657616461847056e+01,4.615059078020868455e+00
6.803658188053729816e+01,4.508004637999283304e+00
6.805658759645612577e+01,4.856090415970517604e+00
6.807659331237496758e+01,4.632156934313712782e+00
6.809659902829380940e+01,3.956719413422180587e+00
6.811660474421263700e+01,5.161378455463317749e+00
6.813661046013146461e+01,5.038333924008239428e+00
6.815661617605030642e+01,5.184769760671159133e+00
6.817662189196913403e+01,4.782160077228054362e+00
6.819662760788796163e+01,3.840964561851917036e+00
6.821663332380680345e+01,4.808071703561850541e+00
6.823663903972564526e+01,4.343337609500163232e+00
6.825664475564447287e+01,4.987969621503735240e+00
6.827665047156330047e+01,4.276640512851803244e+00
6.829665618748214229e+01,5.660082463403389497e+00
6.831666190340098410e+01,4.447736808964746658e+00
6.833666761931981171e+01,4.696004740801527078e+00
6.835667333523863931e+01,5.323105380568302181e+00
6.837667905115748113e+01,5.184440672218422641e+00
6.839668476707630873e+01,4.853308173168425554e+00
6.841669048299513634e+01,5.388840024988314603e+00
6.843669619891397815e+01,5.461201681453479395e+00
6.845670191483281997e+01,5.708793630194984203e+00
6.847670763075164757e+01,5.854050887556977223e+00
6.849671334667047518e+01,6.025655625702121654e+00
6.851671906258931699e+01,5.259020710326403503e+00
6.853672477850815881e+01,5.881340544938410630e+00
6.855673049442697220e+01,5.579274048957837628e+00
6.857673621034581402e+01,6.611812238970683708e+00
6.859674192626465583e+01,6.208980656807167264e+00
6.861674764218348344e+01,6.068595322161055350e+00
6.863675335810231104e+01,5.596717485853721641e+00
6.865675907402115286e+01,5.597768047829284832e+00
6.867676478993999467e+01,5.105020449830308671e+00
6.869677050585882228e+01,5.727034225124297606e+00
6.871677622177764988e+01,4.960552601034215137e+00
6.873678193769649170e+01,5.989517622698182109e+00
6.875678765361531930e+01,5.471351516846178598e+00
6.877679336953414690e+01,6.236586028981473184e+00
6.879679908545298872e+01,5.179130699097123980e+00
6.881680480137183054e+01,5.210290942444291140e+00
6.883681051729065814e+01,6.037483567938664919e+00
6.885681623320948574e+01,5.427006870551961626e+00
6.887682194912832756e+01,5.146762730923321705e+00
6.889682766504716938e+01,5.217864396160125651e+00
6.891683338096599698e+01,6.360712869418751580e+00
6.893683909688482458e+01,5.243724783836194447e+00
6.895684481280366640e+01,5.127289952959714014e+00
6.897685052872249400e+01,5.334732437232352353e+00
6.899685624464132161e+01,4.583387272956014336e+00
6.901686196056016342e+01,5.583867815035095994e+00
6.903686767647900524e+01,5.707253209169252273e+00
6.905687339239783284e+01,4.584228154861381022e+00
6.907687910831666045e+01,4.620891299926073614e+00
6.909688482423550226e+01,4.503455651034030005e+00
6.911689054015432987e+01,5.108028018426125527e+00
6.913689625607315747e+01,4.290448855365069036e+00
6.915690197199199929e+01,4.531739871513380535e+00
6.917690768791084110e+01,4.603328471114313203e+00
6.919691340382966871e+01,4.777508589189726429e+00
6.921691911974849631e+01,5.418436332279860324e+00
6.923692483566733813e+01,4.959279131329439316e+00
6.925693055158617994e+01,5.830539572470764043e+00
6.927693626750500755e+01,6.097607643214955075e+00
6.929694198342383515e+01,6.006805144911256278e+00
6.931694769934267697e+01,6.429263067770573770e+00
6.933695341526150457e+01,6.078965512787946501e+00
6.935695913118033218e+01,5.962293770665245241e+00
6.937696484709917399e+01,6.380025018812970572e+00
6.939697056301801581e+01,6.649521951632843653e+00
6.941697627893684341e+01,6.380068096881032602e+00
6.943698199485567102e+01,7.364913244456747776e+00
6.945698771077451283e+01,6.743516078563247973e+00
6.947699342669335465e+01,6.972885828567852329e+00
6.949699914261216804e+01,6.429501950374153729e+00
6.951700485853100986e+01,6.215638882109246310e+00
6.953701057444985167e+01,6.421570109085525502e+00
6.955701629036867928e+01,5.968739421211303409e+00
6.957702200628750688e+01,6.286740215545847832e+00
6.959702772220634870e+01,5.709644664734600639e+00
6.961703343812519051e+01,5.276579049417919443e+00
6.963703915404401812e+01,5.846833194164451797e+00
6.965704486996284572e+01,5.514181689059213909e+00
6.967705058588168754e+01,5.577242570858316206e+00
6.969705630180051514e+01,4.840748301789415287e+00
6.971706201771934275e+01,4.370255042540194701e+00
6.973706773363818456e+01,4.821315466210984724e+00
6.975707344955702638e+01,5.368183903763716458e+00
6.977707916547585398e+01,4.333628809881044042e+00
6.979708488139468159e+01,4.328714288792807174e+00
6.981709059731352340e+01,5.291618463171904096e+00
6.983709631323236522e+01,4.482272736347521658e+00
6.985710202915119282e+01,3.813486993003062153e+00
6.987710774507002043e+01,4.041809211700230442e+00
6.989711346098886224e+01,4.343180420258021535e+00
6.991711917690768985e+01,4.998009193706307585e+00
6.993712489282651745e+01,4.993873346126557422e+00
6.995713060874535927e+01,5.323570358742234276e+00
6.997713632466420108e+01,5.257059336963330054e+00
6.999714204058302869e+01,4.942845424293253132e+00
7.001714775650185629e+01,5.180390816282402611e+00
7.003715347242069811e+01,4.765375396007812014e+00
7.005715918833952571e+01,5.139826540612000727e+00
7.007716490425835332e+01,4.677015118360625223e+00
7.009717062017719513e+01,5.495403573568528266e+00
7.011717633609603695e+01,4.375517497779062737e+00
7.013718205201486455e+01,4.623370872744879456e+00
7.015718776793369216e+01,4.927347865206539446e+00
7.017719348385253397e+01,4.768935936104009343e+00
7.019719919977137579e+01,5.473015431582147095e+00
7.021720491569020339e+01,5.693272454702237084e+00
7.023721063160903100e+01,4.964481398106531884e+00
7.025721634752787281e+01,6.193893233027978340e+00
7.027722206344670042e+01,5.506844839126562974e+00
7.029722777936552802e+01,5.779943208237646957e+00
7.031723349528436984e+01,6.382037563854668250e+00
7.033723921120321165e+01,5.303660112361070489e+00
7.035724492712203926e+01,6.325581428412755614e+00
7.037725064304086686e+01,6.248627889476773944e+00
7.039725635895970868e+01,5.427481755965106736e+00
7.041726207487855049e+01,5.607580378334455773e+00
7.043726779079736389e+01,5.340907341689000276e+00
7.045727350671620570e+01,6.469904945654236350e+00
7.047727922263504752e+01,5.896154160639878405e+00
7.049728493855387512e+01,6.011023063799897592e+00
7.051729065447270273e+01,6.188949720188888115e+00
7.053729637039154454e+01,6.341837135634825096e+00
7.055730208631038636e+01,5.459761385795102839e+00
7.057730780222921396e+01,5.837130227016180228e+00
7.059731351814804157e+01,5.691281883133395780e+00
7.061731923406688338e+01,4.983617048428864216e+00
7.063732494998571099e+01,5.383175102677776991e+00
7.065733066590453859e+01,5.140276297962050656e+00
7.067733638182338041e+01,5.323485357929237161e+00
7.069734209774222222e+01,5.759176592048197207e+00
7.071734781366104983e+01,5.566861663944894012e+00
7.073735352957987743e+01,5.313452456489711651e+00
7.075735924549871925e+01,5.837315818463959971e+00
7.077736496141756106e+01,5.315998658042942360e+00
7.079737067733638867e+01,5.588353833670517190e+00
7.081737639325521627e+01,4.897405389017950306e+00
7.083738210917405809e+01,5.436265784474320739e+00
7.085738782509288569e+01,4.723071108455111577e+00
7.087739354101171330e+01,5.331775844823683386e+00
7.089739925693055511e+01,5.102933219270932241e+00
7.091740497284939693e+01,5.172404144590812436e+00
7.093741068876822453e+01,5.698476473078126325e+00
7.095741640468705214e+01,5.487100466929470954e+00
7.097742212060589395e+01,5.833349529459493255e+00
7.099742783652472156e+01,6.059328491439619491e+00
7.101743355244354916e+01,5.629034795040371186e+00
7.103743926836239098e+01,5.422526409293165983e+00
7.105744498428123279e+01,4.691240585792003870e+00
7.107745070020006040e+01,5.100263970230509258e+00
7.109745641611888800e+01,5.046165106935901257e+00
7.111746213203772982e+01,4.991615064575949390e+00
7.113746784795657163e+01,4.978332896819543052e+00
7.115747356387539924e+01,5.386820247618649304e+00
7.117747927979422684e+01,5.340427303026489270e+00
7.119748499571306866e+01,5.217283114843582759e+00
7.121749071163189626e+01,5.260202546200184237e+00
7.123749642755072387e+01,5.149040734334074720e+00
7.125750214346956568e+01,4.470335307090461896e+00
7.127750785938840750e+01,4.590738698318450162e+00
7.129751357530723510e+01,4.227197654403010318e+00
7.131751929122606271e+01,4.306591535382852776e+00
7.133752500714490452e+01,4.933162352072090862e+00
7.135753072306374634e+01,5.580080783223849927e+00
7.137753643898255973e+01,4.757505356059661850e+00
7.139754215490140155e+01,4.765520087227949730e+00
7.141754787082024336e+01,4.787919451201709364e+00
7.143755358673907097e+01,4.650496676967943444e+00
7.145755930265789857e+01,5.015204731181939657e+00
7.147756501857674039e+01,4.804125841943933217e+00
7.149757073449558220e+01,4.942196488761268824e+00
7.151757645041440981e+01,4.901617745791806868e+00
7.153758216633323741e+01,4.928361850171810943e+00
7.155758788225207923e+01,5.226946870942486001e+00
7.157759359817090683e+01,4.670325335276471534e+00
7.159759931408973443e+01,5.515603179014891388e+00
7.161760503000857625e+01,4.469968497407625918e+00
7.163761074592741807e+01,3.879253030311379469e+00
7.165761646184624567e+01,4.482866550579620579e+00
7.167762217776507327e+01,4.347889923817930935e+00
7.169762789368391509e+01,4.803007895877903444e+00
7.171763360960275691e+01,5.260830361665112420e+00
7.173763932552158451e+01,4.639368154397844002e+00
7.175764504144041211e+01,4.717864388916248153e+00
7.177765075735925393e+01,4.831409655102533840e+00
7.179765647327808153e+01,4.394808685026841744e+00
7.181766218919690914e+01,4.840087500202091775e+00
7.183766790511575095e+01,4.748621983059132745e+00
7.185767362103459277e+01,5.062085299122111692e+00
7.187767933695342037e+01,4.598082108856166528e+00
7.189768505287224798e+01,5.207958368041590624e+00
7.191769076879108979e+01,4.399925335650066494e+00
7.193769648470991740e+01,4.712360140928376850e+00
7.195770220062874500e+01,4.643998475056760888e+00
7.197770791654758682e+01,4.745301911649720594e+00
7.199771363246642863e+01,5.647520269055473108e+00
7.201771934838525624e+01,5.151576871273603864e+00
7.203772506430408384e+01,5.436612695365010239e+00
7.205773078022292566e+01,5.436719294614290376e+00
7.207773649614176747e+01,5.618590982771142883e+00
7.209774221206059508e+01,6.111783003744294618e+00
7.211774792797942268e+01,6.094224695291965865e+00
7.213775364389826450e+01,6.035232925892995759e+00
7.215775935981709210e+01,5.181693799067662809e+00
7.217776507573591971e+01,4.893709409185122539e+00
7.219777079165476152e+01,5.374164387450896641e+00
7.221777650757360334e+01,6.172881872287016236e+00
7.223778222349243094e+01,5.190788333611177308e+00
7.225778793941125855e+01,5.231451895961250820e+00
7.227779365533010036e+01,5.478827374913057824e+00
7.229779937124894218e+01,4.989523223395306850e+00
7.231780508716775557e+01,5.651228791523771555e+00
7.233781080308659739e+01,5.227030372463003616e+00
7.235781651900543920e+01,6.034244400439225942e+00
7.237782223492426681e+01,5.397325964552084798e+00
7.239782795084309441e+01,6.288435770127340341e+00
7.241783366676193623e+01,5.376638834815994805e+00
7.243783938268077804e+01,6.247220356915715200e+00
7.245784509859960565e+01,6.275953042951584848e+00
7.247785081451843325e+01,5.425472498598573168e+00
7.249785653043727507e+01,5.012070922384741500e+00
7.251786224635610267e+01,5.783892691648484075e+00
7.253786796227493028e+01,5.521501127851690782e+00
7.255787367819377209e+01,5.556507616598180377e+00
7.257787939411261391e+01,4.996743444365877806e+00
7.259788511003144151e+01,5.173101413135372972e+00
7.261789082595026912e+01,5.982941560795023150e+00
7.263789654186911093e+01,5.358617782462138379e+00
7.265790225778795275e+01,6.062693395253721640e+00
7.267790797370678035e+01,4.994000919772121350e+00
7.269791368962560796e+01,4.840492010274372703e+00
7.271791940554444977e+01,5.019860498270679372e+00
7.273792512146327738e+01,5.380630930224449493e+00
7.275793083738210498e+01,5.367368342759841759e+00
7.277793655330094680e+01,5.317020995776558401e+00
7.279794226921978861e+01,4.646028244466078760e+00
7.281794798513861622e+01,4.554218405244708556e+00
7.283795370105744382e+01,4.753037426745103211e+00
7.285795941697628564e+01,4.519274252548889592e+00
7.287796513289511324e+01,4.466573889381066920e+00
7.289797084881394085e+01,5.218146773701281660e+00
7.291797656473278266e+01,5.566490407415761510e+00
7.293798228065162448e+01,4.940953385734266234e+00
7.295798799657045208e+01,5.094884984947466222e+00
7.297799371248927969e+01,4.529637691290692381e+00
7.299799942840812150e+01,4.299563129930736416e+00
7.301800514432696332e+01,4.776841696172114737e+00
7.303801086024579092e+01,4.755505815730456831e+00
7.305801657616461853e+01,4.353965579625232785e+00
7.307802229208346034e+01,4.582199966161568661e+00
7.309802800800228795e+01,4.283450013274327617e+00
7.311803372392111555e+01,4.647322150994689594e+00
7.313803943983995737e+01,4.502755418652536257e+00
7.315804515575879918e+01,4.291858289196556875e+00
7.317805087167762679e+01,4.352879842379634212e+00
7.319805658759645439e+01,4.062212015990309233e+00
7.321806230351529621e+01,4.318669727035286954e+00
7.323806801943413802e+01,4.690626658256592307e+00
7.325807373535295142e+01,3.958516552539353306e+00
7.327807945127179323e+01,3.522698579861464729e+00
7.329808516719063505e+01,4.230032796575655674e+00
7.331809088310946265e+01,3.242056643111515868e+00
7.333809659902829026e+01,4.123846720418573142e+00
7.335810231494713207e+01,4.559473248287789993e+00
7.337810803086597389e+01,3.747830399340833729e+00
7.339811374678480149e+01,4.668820469257515704e+00
7.341811946270362910e+01,3.929993238863179084e+00
7.343812517862247091e+01,3.510759591278452607e+00
7.345813089454129852e+01,3.973412679362494870e+00
7.347813661046012612e+01,5.026836892536741708e+00
7.349814232637896794e+01,3.976175451168694863e+00
7.351814804229780975e+01,4.615687819385891011e+00
7.353815375821663736e+01,3.700913385882344642e+00
7.355815947413546496e+01,4.303451301788571826e+00
7.357816519005430678e+01,5.147928482468228317e+00
7.359817090597314859e+01,4.633717143333627497e+00
7.361817662189197620e+01,5.051380529741513747e+00
7.363818233781080380e+01,5.272825254183485910e+00
7.365818805372964562e+01,4.310531005022639306e+00
7.367819376964847322e+01,4.909897555811596703e+00
7.369819948556730083e+01,4.938448600331717842e+00
7.371820520148614264e+01,5.275340210287959408e+00
7.373821091740498446e+01,4.423549326179416319e+00
7.375821663332381206e+01,5.904673221782822168e+00
7.377822234924263967e+01,5.683351279261395383e+00
7.379822806516148148e+01,5.085296817043837514e+00
7.381823378108030909e+01,5.179444706706206603e+00
7.383823949699913669e+01,5.019521782645176344e+00
7.385824521291797851e+01,5.558951674677377497e+00
7.387825092883682032e+01,6.140376987385193885e+00
7.389825664475564793e+01,5.468533456343509513e+00
7.391826236067447553e+01,5.265630125143580642e+00
7.393826807659331735e+01,5.886702527906839677e+00
7.395827379251215916e+01,5.190415141323196480e+00
7.397827950843098677e+01,5.859253681168975270e+00
7.399828522434981437e+01,4.950279108379056936e+00
7.401829094026865619e+01,5.886201857855905217e+00
7.403829665618748379e+01,4.504448763687983970e+00
7.405830237210632561e+01,4.762310306901149204e+00
7.407830808802515321e+01,5.214643343508731377e+00
7.409831380394398082e+01,5.433768396381697841e+00
7.411831951986282263e+01,4.688907088739298068e+00
7.413832523578165024e+01,5.290133786285768913e+00
7.415833095170049205e+01,5.783795159659614882e+00
7.417833666761931966e+01,4.799866669689310861e+00
7.419834238353816147e+01,5.570527675846653537e+00
7.421834809945698908e+01,5.384344378302716727e+00
7.423835381537583089e+01,5.541715808913997066e+00
7.425835953129465850e+01,5.308788894555910964e+00
7.427836524721348610e+01,6.557317196821777827e+00
7.429837096313232792e+01,6.262477515807038486e+00
7.431837667905115552e+01,6.645159881751812492e+00
7.433838239496999734e+01,6.423776276510055894e+00
7.435838811088882494e+01,6.977051771692071469e+00
7.437839382680766676e+01,6.514097550231671363e+00
7.439839954272649436e+01,6.864966023564205599e+00
7.441840525864533618e+01,6.637024276874472939e+00
7.443841097456416378e+01,6.796929184317194839e+00
7.445841669048300560e+01,6.150066387989999050e+00
7.447842240640183320e+01,6.095238400297290582e+00
7.449842812232066080e+01,6.922461317585349327e+00
7.451843383823950262e+01,6.936407614230228447e+00
7.453843955415833022e+01,6.198496997513874618e+00
7.455844527007717204e+01,7.177960342094019452e+00
7.457845098599599964e+01,7.070503869822235998e+00
7.459845670191484146e+01,7.397877863422055000e+00
7.461846241783366906e+01,7.433822923048866826e+00
7.463846813375251088e+01,7.346168366392727300e+00
7.465847384967133848e+01,6.492169161717592729e+00
7.467847956559016609e+01,6.923407056691226913e+00
7.469848528150900790e+01,6.803997106573163478e+00
7.471849099742783551e+01,7.416628059533414863e+00
7.473849671334667732e+01,6.577852387013714441e+00
7.475850242926550493e+01,6.176128775181578767e+00
7.477850814518434674e+01,7.081752725560631845e+00
7.479851386110317435e+01,6.281638552288097088e+00
7.481851957702201616e+01,5.901212673106397411e+00
7.483852529294084377e+01,6.464787859972315864e+00
7.485853100885967137e+01,6.367292956270156346e+00
7.487853672477851319e+01,5.897118699943864506e+00
7.489854244069734079e+01,6.190467331747635527e+00
7.491854815661618261e+01,6.086261272826682500e+00
7.493855387253501021e+01,5.729799118953240011e+00
7.495855958845385203e+01,4.711624298947029388e+00
7.497856530437267963e+01,5.051140122923742481e+00
7.499857102029152145e+01,5.136170203159459824e+00
7.501857673621034905e+01,5.364328098330620520e+00
7.503858245212917666e+01,4.912878941562750512e+00
7.505858816804801847e+01,4.916137681361530731e+00
7.507859388396684608e+01,5.904185696604443478e+00
7.509859959988568789e+01,5.476545869809401168e+00
7.511860531580451550e+01,4.952347083511329018e+00
7.513861103172335731e+01,4.476735872212578293e+00
7.515861674764218492e+01,5.223523552927460400e+00
7.517862246356102673e+01,5.632266179651406190e+00
7.519862817947985434e+01,5.204326743226731722e+00
7.521863389539868194e+01,5.148131055810678092e+00
7.523863961131752376e+01,4.292430214252452636e+00
7.525864532723635136e+01,5.183149230953102204e+00
7.527865104315519318e+01,4.715621583135788164e+00
7.529865675907402078e+01,4.861477270471213252e+00
7.531866247499286260e+01,5.252455657015670631e+00
7.533866819091169020e+01,3.810769722132630211e+00
7.535867390683053202e+01,5.088153322398839329e+00
7.537867962274935962e+01,5.526726381451288361e+00
7.539868533866820144e+01,4.725332271473071444e+00
7.541869105458702904e+01,4.850527440502093057e+00
7.543869677050585665e+01,4.313626970969107077e+00
7.545870248642469846e+01,4.774418526043509914e+00
7.547870820234352607e+01,4.779379508641006247e+00
7.549871391826236788e+01,4.636343426557372638e+00
7.551871963418119549e+01,5.187493610561775270e+00
7.553872535010003730e+01,5.123892455223093556e+00
7.555873106601886491e+01,5.050523279263594567e+00
7.557873678193770672e+01,5.158490280646132575e+00
7.559874249785653433e+01,4.749975425384081795e+00
7.561874821377536193e+01,5.609220352282187960e+00
7.563875392969420375e+01,5.547563061652812877e+00
7.565875964561303135e+01,5.915472408610437327e+00
7.567876536153187317e+01,5.632744637581123648e+00
7.569877107745070077e+01,6.180621655125720260e+00
7.571877679336954259e+01,6.084084330289631026e+00
7.573878250928837019e+01,5.345522174928333037e+00
7.575878822520721201e+01,5.565854199920131862e+00
7.577879394112603961e+01,6.669296112588337877e+00
7.579879965704486722e+01,6.173168615358775035e+00
7.581880537296370903e+01,6.178156162158002118e+00
7.583881108888253664e+01,6.104843483743936261e+00
7.585881680480137845e+01,6.567841567637676015e+00
7.587882252072020606e+01,6.892011407634860198e+00
7.589882823663904787e+01,5.961257983071517330e+00
7.591883395255787548e+01,6.247034506251091912e+00
7.593883966847671729e+01,7.026656919415470881e+00
7.595884538439554490e+01,7.177663671080159347e+00
7.597885110031437250e+01,7.030831349016718690e+00
7.599885681623321432e+01,6.492114693548149518e+00
7.601886253215204192e+01,6.470285036874608764e+00
7.603886824807088374e+01,7.123786689487003443e+00
7.605887396398971134e+01,6.701335616306494103e+00
7.607887967990855316e+01,6.627586446869287329e+00
7.609888539582738076e+01,6.367707683813869757e+00
7.611889111174622258e+01,7.027699347516863426e+00
7.613889682766505018e+01,6.270229828094157298e+00
7.615890254358387779e+01,5.668422384747755061e+00
7.617890825950271960e+01,6.285434747427760094e+00
7.619891397542154721e+01,6.109489766311899217e+00
7.621891969134038902e+01,5.383801710308357968e+00
7.623892540725921663e+01,5.929421151288245539e+00
7.625893112317805844e+01,6.681488781989839865e+00
7.627893683909688605e+01,6.803827370798641638e+00
7.629894255501572786e+01,6.018147788895669592e+00
7.631894827093455547e+01,5.853999271454551234e+00
7.633895398685339728e+01,6.758216266515324477e+00
7.635895970277222489e+01,6.094220678782807710e+00
7.637896541869105249e+01,6.511805444881549221e+00
7.639897113460989431e+01,6.603488138237290528e+00
7.641897685052872191e+01,7.023364529366054043e+00
7.643898256644756373e+01,5.827474413227216488e+00
7.645898828236639133e+01,7.232327500293230571e+00
7.647899399828523315e+01,7.083698540036048819e+00
7.649899971420406075e+01,7.447206546253942960e+00
7.651900543012290257e+01,6.980340886536970046e+00
7.653901114604173017e+01,6.663979815545642005e+00
7.655901686196055778e+01,5.926228512811093196e+00
7.657902257787939959e+01,6.056595196420451188e+00
7.659902829379822720e+01,6.793619861074862598e+00
7.661903400971706901e+01,6.197535390820982926e+00
7.663903972563589662e+01,6.176020763364400423e+00
7.665904544155473843e+01,6.364182290660815866e+00
7.667905115747356604e+01,5.977856154530911681e+00
7.669905687339240785e+01,5.841656789864528854e+00
7.671906258931123546e+01,5.431714557522301590e+00
7.673906830523006306e+01,6.024186844423166320e+00
7.675907402114890488e+01,6.099371280423052433e+00
7.677907973706773248e+01,5.281492376042265846e+00
7.679908545298657430e+01,5.569210969851569715e+00
7.681909116890540190e+01,5.338349471976791882e+00
7.683909688482424372e+01,4.792875415705218245e+00
7.685910260074307132e+01,4.779329203137622883e+00
7.687910831666191314e+01,5.240810839984593628e+00
7.689911403258074074e+01,5.923329303531186696e+00
7.691911974849956835e+01,5.782841239984617410e+00
7.693912546441841016e+01,5.414998363542512294e+00
7.695913118033723777e+01,5.045356094016867132e+00
7.697913689625607958e+01,5.794109159966384759e+00
7.699914261217490719e+01,5.425188155537218115e+00
7.701914832809374900e+01,5.690727387911227453e+00
7.703915404401257661e+01,5.518143401527655811e+00
7.705915975993141842e+01,4.656646278332443600e+00
7.707916547585024603e+01,4.492701690906583778e+00
7.709917119176907363e+01,4.132195924296659051e+00
7.711917690768791545e+01,4.911461766590116795e+00
7.713918262360674305e+01,4.241888408135976007e+00
7.715918833952558487e+01,4.011371073534740539e+00
7.717919405544441247e+01,4.117853733277871520e+00
7.719919977136325429e+01,4.705256754516015327e+00
7.721920548728208189e+01,4.238984654192548440e+00
7.723921120320092371e+01,5.082306219985831319e+00
7.725921691911975131e+01,5.114874829088631003e+00
7.727922263503859313e+01,5.107807177435612189e+00
7.729922835095742073e+01,4.056869518365391336e+00
7.731923406687624833e+01,4.996577240835454958e+00
7.733923978279509015e+01,4.682558182272985370e+00
7.735924549871391775e+01,5.175325862827007128e+00
7.737925121463275957e+01,4.972048882108930812e+00
7.739925693055158717e+01,4.620342185629000120e+00
7.741926264647042899e+01,4.316700542805938845e+00
7.743926836238925659e+01,4.324817745503681365e+00
7.745927407830809841e+01,4.459833333416198364e+00
7.747927979422692601e+01,4.892248622749298725e+00
7.749928551014575362e+01,4.568926432450317598e+00
7.751929122606459543e+01,3.727143083216748476e+00
7.753929694198342304e+01,4.042607179433428399e+00
7.755930265790226485e+01,4.442369527481932145e+00
7.757930837382109246e+01,4.269926007954842007e+00
7.759931408973993427e+01,4.115627424527651179e+00
7.761931980565876188e+01,3.732119900092270015e+00
7.763932552157760369e+01,4.664946008603870098e+00
7.765933123749643130e+01,5.174032655139165549e+00
7.767933695341525890e+01,4.601523215447352655e+00
7.769934266933410072e+01,4.394904839823836618e+00
7.771934838525292832e+01,4.533573954664028349e+00
7.773935410117177014e+01,4.702806511411565360e+00
7.775935981709059774e+01,4.757815408981662664e+00
7.777936553300943956e+01,3.985781327440604649e+00
7.779937124892826716e+01,3.986259122662560550e+00
7.781937696484710898e+01,4.381144477766872214e+00
7.783938268076593658e+01,4.575401293525524160e+00
7.785938839668476419e+01,4.269052672817798211e+00
7.787939411260360600e+01,4.977412808726644045e+00
7.789939982852243361e+01,4.059274559446460096e+00
7.791940554444127542e+01,4.619736377659617865e+00
7.793941126036010303e+01,4.165890266277749276e+00
7.795941697627894484e+01,3.784147300728081031e+00
7.797942269219777245e+01,4.807178244200636996e+00
7.799942840811661426e+01,4.423373333651681172e+00
7.801943412403544187e+01,3.797679708534940080e+00
7.803943983995426947e+01,4.691618317112579817e+00
7.805944555587311129e+01,4.178423550707182521e+00
7.807945127179193889e+01,4.547696900124311270e+00
7.809945698771078071e+01,3.895436914942675966e+00
7.811946270362960831e+01,4.297270938679808694e+00
7.813946841954845013e+01,3.800865416676817432e+00
7.815947413546727773e+01,4.225870998847277349e+00
7.817947985138611955e+01,4.363565253364777519e+00
7.819948556730494715e+01,4.243828879367635309e+00
7.821949128322378897e+01,4.298690446471768567e+00
7.823949699914261657e+01,3.939935880312350758e+00
7.825950271506144418e+01,4.493273580663475819e+00
7.827950843098028599e+01,4.612490625052824811e+00
7.829951414689911360e+01,4.379411325117981590e+00
7.831951986281795541e+01,5.017173198818994706e+00
7.833952557873678302e+01,5.025659625594112612e+00
7.835953129465562483e+01,4.813902408229123964e+00
7.837953701057445244e+01,4.527146069503435122e+00
7.839954272649329425e+01,4.027199417597680409e+00
7.841954844241212186e+01,4.480758222117932732e+00
7.843955415833094946e+01,5.123632906900158268e+00
7.845955987424979128e+01,5.270598938080540918e+00
7.847956559016861888e+01,4.918846700219005719e+00
7.849957130608746070e+01,5.044926642690115592e+00
7.851957702200628830e+01,5.637628045445543634e+00
7.853958273792513012e+01,5.004483808039976722e+00
7.855958845384395772e+01,5.637231060320726961e+00
7.857959416976279954e+01,5.216866619372510172e+00
7.859959988568162714e+01,5.099403552290013408e+00
7.861960560160045475e+01,5.347202554984656686e+00
7.863961131751929656e+01,4.811650248522386875e+00
7.865961703343812417e+01,5.784621291038082092e+00
7.867962274935696598e+01,5.270817764159701824e+00
7.869962846527579359e+01,5.421952254839293772e+00
7.871963418119463540e+01,5.288100700934228904e+00
7.873963989711346301e+01,5.410629615483313337e+00
7.875964561303230482e+01,5.285726086420447167e+00
7.877965132895113243e+01,5.645721964236226853e+00
7.879965704486996003e+01,5.610367084220643008e+00
7.881966276078880185e+01,5.342511814706056406e+00
7.883966847670762945e+01,4.206483056086685046e+00
7.885967419262647127e+01,4.927495561915181455e+00
7.887967990854529887e+01,4.731542165700115987e+00
7.889968562446414069e+01,5.194253257896138010e+00
7.891969134038296829e+01,4.448217190158246126e+00
7.893969705630181011e+01,4.632155298987861158e+00
7.895970277222063771e+01,4.587886986725776772e+00
7.897970848813946532e+01,4.096067827571510556e+00
7.899971420405830713e+01,4.284613096357057671e+00
7.901971991997713474e+01,4.536690376605385211e+00
7.903972563589597655e+01,3.923629419281408293e+00
7.905973135181480416e+01,3.946717971934745606e+00
7.907973706773364597e+01,4.116739519599736497e+00
7.909974278365247358e+01,4.415704521205349842e+00
7.911974849957131539e+01,4.762263722134889576e+00
7.913975421549014300e+01,4.125198469176215355e+00
7.915975993140898481e+01,4.551873154185461345e+00
7.917976564732781242e+01,5.092819298169243503e+00
7.919977136324664002e+01,4.728697377060064433e+00
7.921977707916548184e+01,4.461708608502628515e+00
7.923978279508430944e+01,4.658833922204424383e+00
7.925978851100315126e+01,4.155458000636000016e+00
7.927979422692197886e+01,4.600292284442309310e+00
7.929979994284082068e+01,4.805475722306422171e+00
7.931980565875964828e+01,4.724114851704058538e+00
7.933981137467849010e+01,5.824397007392428272e+00
7.935981709059731770e+01,4.645980802486213257e+00
7.937982280651614531e+01,5.305883538602227389e+00
7.939982852243498712e+01,4.854886328128390716e+00
7.941983423835381473e+01,5.320363624933664326e+00
7.943983995427265654e+01,5.025994002450349107e+00
7.945984567019148415e+01,5.226824643699773176e+00
7.947985138611032596e+01,5.388656712139192173e+00
7.949985710202915357e+01,4.375821235939403309e+00
7.951986281794799538e+01,4.940938194926212113e+00
7.953986853386682299e+01,5.301986963009177600e+00
7.955987424978565059e+01,4.745118619670996019e+00
7.957987996570449241e+01,4.906864070584123994e+00
7.959988568162332001e+01,5.343834398276591457e+00
7.961989139754216183e+01,4.867429789306280341e+00
7.963989711346098943e+01,5.501045613294059500e+00
7.965990282937983125e+01,4.709192029962287585e+00
7.967990854529865885e+01,4.825381451349141315e+00
7.969991426121750067e+01,4.260673497505584884e+00
7.971991997713632827e+01,4.116702798547320796e+00
7.973992569305515588e+01,4.310118439062955886e+00
7.975993140897399769e+01,5.044202381115020728e+00
7.977993712489282530e+01,3.763785229845930225e+00
7.979994284081166711e+01,4.082925226740787394e+00
7.981994855673049472e+01,3.647403451169310973e+00
7.983995427264933653e+01,4.367570039946722105e+00
7.985995998856816414e+01,3.892940601291680736e+00
7.987996570448700595e+01,3.997401680398227519e+00
7.989997142040583356e+01,4.606030521931561594e+00
7.991997713632466116e+01,3.355897448530721139e+00
7.993998285224350298e+01,3.997813425209527427e+00
7.995998856816233058e+01,4.255362626019084438e+00
7.997999428408117240e+01,4.647365045571193676e+00
8.000000000000000000e+01,3.485819796282663141e+00
