angle,intensity
1.000000000000000000e+01,6.404068274386240489e+00
1.002000571591883471e+01,1.417823083158557651e+01
1.004001143183766764e+01,1.444084890959901557e+01
1.006001714775650235e+01,1.448208496857909822e+01
1.008002286367533529e+01,1.375846727066892505e+01
1.010002857959417000e+01,1.382033511076770793e+01
1.012003429551300293e+01,1.471388775648243019e+01
1.014004001143183764e+01,1.527698940953685280e+01
1.016004572735067235e+01,1.467348686386738521e+01
1.018005144326950528e+01,1.432537025336766412e+01
1.020005715918833999e+01,1.531305805273202836e+01
1.022006287510717293e+01,1.504828573358257060e+01
1.024006859102600764e+01,1.411203382111026094e+01
1.026007430694484057e+01,1.441871679052251309e+01
1.028008002286367528e+01,1.499579847143723299e+01
1.030008573878250999e+01,1.461008227238272816e+01
1.032009145470134293e+01,1.492673426411238502e+01
1.034009717062017764e+01,1.498289926234959424e+01
1.036010288653901057e+01,1.501275502266327955e+01
1.038010860245784528e+01,1.472802526832819936e+01
1.040011431837667999e+01,1.441487615264104782e+01
1.042012003429551292e+01,1.436627082980377068e+01
1.044012575021434763e+01,1.412435702470520837e+01
1.046013146613318057e+01,1.362516888419695604e+01
1.048013718205201528e+01,1.372456235159757298e+01
1.050014289797084821e+01,1.426237497133891097e+01
1.052014861388968292e+01,1.323804299519510863e+01
1.054015432980851585e+01,1.379889417853811118e+01
1.056016004572735056e+01,1.352848460621253501e+01
1.058016576164618527e+01,1.414908782964478817e+01
1.060017147756501821e+01,1.402363940408451448e+01
1.062017719348385292e+01,1.325264690220231856e+01
1.064018290940268585e+01,1.431802523877881583e+01
1.066018862532152056e+01,1.377218373327536582e+01
1.068019434124035527e+01,1.320013879739978968e+01
1.070020005715918820e+01,1.427234320703087711e+01
1.072020577307802292e+01,1.341976896702883693e+01
1.074021148899685585e+01,1.326415631939800477e+01
1.076021720491569056e+01,1.311720422510013861e+01
1.078022292083452349e+01,1.274572629168845417e+01
1.080022863675335820e+01,1.209943397147896782e+01
1.082023435267219291e+01,1.145884321326125388e+01
1.084024006859102585e+01,1.186960344989509686e+01
1.086024578450986056e+01,1.149639148194639837e+01
1.088025150042869349e+01,1.086027790091297973e+01
1.090025721634752820e+01,9.486690979625539200e+00
1.092026293226636113e+01,9.238978747639148281e+00
1.094026864818519584e+01,9.152345837617357205e+00
1.096027436410403055e+01,8.614063346170556912e+00
1.098028008002286349e+01,7.064219575423649644e+00
1.100028579594169820e+01,7.272184613672040498e+00
1.102029151186053113e+01,7.082486058848258992e+00
1.104029722777936584e+01,6.549949657970342898e+00
1.106030294369819877e+01,5.455719981652361383e+00
1.108030865961703348e+01,5.510153667277709388e+00
1.110031437553586819e+01,4.921922278768235515e+00
1.112032009145470113e+01,4.543541080867548487e+00
1.114032580737353584e+01,4.564939425317918520e+00
1.116033152329236877e+01,4.664293997954330528e+00
1.118033723921120348e+01,4.784129619655516308e+00
1.120034295513003642e+01,3.723448768941848286e+00
1.122034867104887113e+01,3.982146493411883093e+00
1.124035438696770584e+01,3.869737469554507481e+00
1.126036010288653877e+01,4.229011842918902531e+00
1.128036581880537348e+01,3.594833089071803656e+00
1.130037153472420641e+01,3.437266555038333671e+00
1.132037725064304112e+01,4.067296850000711395e+00
1.134038296656187583e+01,3.854850013614510296e+00
1.136038868248070877e+01,4.267081353356913631e+00
1.138039439839954348e+01,4.216761840741048317e+00
1.140040011431837641e+01,3.962632418831806280e+00
1.142040583023721112e+01,4.155133753343378089e+00
1.144041154615604405e+01,3.503846046062048636e+00
1.146041726207487876e+01,3.303659791988317274e+00
1.148042297799371170e+01,3.219043481307032550e+00
1.150042869391254641e+01,3.856603805977516508e+00
1.152043440983138112e+01,4.494671718589412279e+00
1.154044012575021405e+01,2.879213192036540470e+00
1.156044584166904876e+01,3.103701607051913669e+00
1.158045155758788169e+01,3.456888030724029726e+00
1.160045727350671640e+01,3.118488051241596892e+00
1.162046298942555111e+01,3.645979933506418025e+00
1.164046870534438405e+01,4.163819192516694301e+00
1.166047442126321876e+01,3.642525901921973563e+00
1.168048013718205169e+01,3.962583775206565573e+00
1.170048585310088640e+01,4.036175329190117012e+00
1.172049156901971934e+01,3.344075482054698067e+00
1.174049728493855405e+01,3.767195060251312011e+00
1.176050300085738698e+01,3.831194524830760617e+00
1.178050871677622169e+01,3.424120412992619045e+00
1.180051443269505640e+01,2.881170282946236227e+00
1.182052014861388933e+01,4.048003168947827746e+00
1.184052586453272404e+01,3.778320963349217187e+00
1.186053158045155698e+01,3.500703158780768653e+00
1.188053729637039169e+01,3.869341854652353696e+00
1.190054301228922640e+01,3.428272779709689910e+00
1.192054872820805933e+01,3.687009361805468011e+00
1.194055444412689404e+01,3.335032582596417328e+00
1.196056016004572697e+01,3.720390664907159195e+00
1.198056587596456168e+01,3.620928259436496432e+00
1.200057159188339639e+01,4.271080053797719600e+00
1.202057730780222933e+01,3.217337046376177234e+00
1.204058302372106226e+01,4.036637635984878791e+00
1.206058873963989697e+01,3.747138895072324338e+00
1.208059445555873168e+01,3.771846989573867326e+00
1.210060017147756461e+01,4.334511973171774279e+00
1.212060588739639932e+01,4.079703729714953653e+00
1.214061160331523226e+01,3.745804501158640942e+00
1.216061731923406697e+01,3.606440776388587732e+00
1.218062303515290168e+01,3.735717703005924761e+00
1.220062875107173461e+01,4.189390143339910999e+00
1.222063446699056932e+01,3.503176187836779754e+00
1.224064018290940226e+01,3.314505041506405014e+00
1.226064589882823697e+01,2.986430590724372003e+00
1.228065161474707168e+01,3.499748699728548296e+00
1.230065733066590461e+01,2.735533762773464161e+00
1.232066304658473754e+01,4.309473286877508080e+00
1.234066876250357225e+01,2.990354642362124338e+00
1.236067447842240696e+01,3.826903406701276822e+00
1.238068019434123990e+01,4.391132418119502390e+00
1.240068591026007461e+01,2.876355768293994863e+00
1.242069162617890754e+01,3.186966521425214527e+00
1.244069734209774225e+01,3.363865736442330334e+00
1.246070305801657696e+01,3.428914338447478727e+00
1.248070877393540989e+01,3.666156840206164613e+00
1.250071448985424460e+01,3.147779561645481117e+00
1.252072020577307754e+01,3.263891696987422542e+00
1.254072592169191225e+01,3.681611546810793278e+00
1.256073163761074696e+01,3.863552687228783089e+00
1.258073735352957989e+01,3.155589032356535206e+00
1.260074306944841460e+01,4.280035505464996781e+00
1.262074878536724754e+01,3.639830563470625613e+00
1.264075450128608225e+01,3.328917948314469744e+00
1.266076021720491518e+01,3.078944586499654079e+00
1.268076593312374989e+01,4.242439904126149131e+00
1.270077164904258282e+01,2.968370997750303886e+00
1.272077736496141753e+01,4.026582744286899995e+00
1.274078308088025224e+01,3.390460645217024727e+00
1.276078879679908518e+01,4.058071301213021620e+00
1.278079451271791989e+01,2.832451915514678564e+00
1.280080022863675282e+01,3.892585870171932250e+00
1.282080594455558753e+01,3.494872676456845184e+00
1.284081166047442224e+01,3.185843835151717318e+00
1.286081737639325517e+01,4.000285459280262579e+00
1.288082309231208988e+01,2.918272335822221564e+00
1.290082880823092282e+01,3.825210935610039442e+00
1.292083452414975753e+01,3.551256835448709293e+00
1.294084024006859224e+01,3.601821101959957527e+00
1.296084595598742517e+01,3.450628961569035091e+00
1.298085167190625810e+01,4.168030696063669716e+00
1.300085738782509281e+01,4.146798707150759711e+00
1.302086310374392752e+01,3.398174767180872635e+00
1.304086881966276046e+01,3.108892387902138843e+00
1.306087453558159517e+01,3.459745188339019339e+00
1.308088025150042810e+01,3.598104457019826619e+00
1.310088596741926281e+01,3.155781220145779997e+00
1.312089168333809752e+01,3.545926039266373841e+00
1.314089739925693046e+01,4.118022212594482312e+00
1.316090311517576517e+01,4.066625007481096787e+00
1.318090883109459810e+01,3.145292019840373321e+00
1.320091454701343281e+01,3.569207280195160870e+00
1.322092026293226752e+01,2.754985885863687756e+00
1.324092597885110045e+01,3.623207887533091309e+00
1.326093169476993339e+01,3.501506618165119100e+00
1.328093741068876810e+01,3.593063988283232923e+00
1.330094312660760281e+01,3.851020524453230287e+00
1.332094884252643574e+01,2.818232275861102920e+00
1.334095455844527045e+01,3.282043196896452741e+00
1.336096027436410338e+01,2.929322878789034856e+00
1.338096599028293809e+01,2.909714142826122618e+00
1.340097170620177280e+01,3.192315213050344713e+00
1.342097742212060574e+01,3.602911841300382889e+00
1.344098313803944045e+01,3.359711743147610896e+00
1.346098885395827338e+01,2.941426361771464215e+00
1.348099456987710809e+01,3.383930674836827190e+00
1.350100028579594280e+01,3.745058080654701804e+00
1.352100600171477573e+01,3.428953979589783430e+00
1.354101171763361044e+01,3.318212589987904693e+00
1.356101743355244338e+01,3.589327613560732821e+00
1.358102314947127809e+01,3.189837613868271582e+00
1.360102886539011102e+01,3.322552753029376138e+00
1.362103458130894573e+01,3.670599971598174083e+00
1.364104029722777867e+01,3.722212201937479925e+00
1.366104601314661338e+01,3.510532770259668034e+00
1.368105172906544809e+01,3.049904659659659956e+00
1.370105744498428102e+01,3.533660410829935650e+00
1.372106316090311573e+01,3.585614482269402270e+00
1.374106887682194866e+01,3.574222561564985856e+00
1.376107459274078337e+01,3.810636368968096654e+00
1.378108030865961808e+01,3.435276220925580937e+00
1.380108602457845102e+01,3.110062625019430982e+00
1.382109174049728573e+01,3.133407851222625773e+00
1.384109745641611866e+01,3.884807158689139506e+00
1.386110317233495337e+01,3.176679448192292199e+00
1.388110888825378808e+01,3.849373179607241902e+00
1.390111460417262101e+01,2.991312064035712037e+00
1.392112032009145395e+01,3.361284853315646082e+00
1.394112603601028866e+01,4.111115282615309674e+00
1.396113175192912337e+01,3.958441826063012314e+00
1.398113746784795630e+01,4.166031760475667589e+00
1.400114318376679101e+01,3.447718723969140697e+00
1.402114889968562395e+01,3.943504201038713131e+00
1.404115461560445866e+01,4.187483147842812059e+00
1.406116033152329337e+01,3.020831364877411218e+00
1.408116604744212630e+01,4.182076794487654681e+00
1.410117176336095923e+01,3.812238574926435142e+00
1.412117747927979394e+01,4.121908355606553442e+00
1.414118319519862865e+01,3.373989018766436310e+00
1.416118891111746336e+01,3.696687245171909275e+00
1.418119462703629630e+01,3.882636721152167958e+00
1.420120034295512923e+01,4.189399919381338044e+00
1.422120605887396394e+01,4.111418114438897042e+00
1.424121177479279865e+01,3.335136519713105763e+00
1.426121749071163336e+01,4.296771606007458999e+00
1.428122320663046629e+01,4.511507527973668275e+00
1.430122892254929923e+01,3.511003900827867064e+00
1.432123463846813394e+01,3.603919337726492422e+00
1.434124035438696865e+01,3.994736245244395967e+00
1.436124607030580158e+01,3.343478010540974488e+00
1.438125178622463629e+01,3.177116485368098431e+00
1.440125750214346922e+01,3.553006553723202732e+00
1.442126321806230393e+01,3.995751933134322975e+00
1.444126893398113864e+01,3.579686100212823519e+00
1.446127464989997158e+01,4.408739086870941293e+00
1.448128036581880451e+01,4.300667583872735733e+00
1.450128608173763922e+01,3.234393438904741735e+00
1.452129179765647393e+01,3.545212801043627238e+00
1.454129751357530864e+01,3.166763465998613469e+00
1.456130322949414158e+01,3.620602662646387415e+00
1.458130894541297451e+01,4.455838317128776538e+00
1.460131466133180922e+01,3.934153306781897896e+00
1.462132037725064393e+01,4.695017956567229866e+00
1.464132609316947686e+01,4.831307201095571990e+00
1.466133180908831157e+01,3.725958974519671507e+00
1.468133752500714451e+01,3.971688912392671078e+00
1.470134324092597922e+01,3.766687872968642825e+00
1.472134895684481393e+01,4.588286585250595628e+00
1.474135467276364686e+01,4.531323374169673457e+00
1.476136038868247979e+01,4.146357409134139083e+00
1.478136610460131450e+01,3.872209413331739292e+00
1.480137182052014921e+01,3.499309121859435212e+00
1.482137753643898392e+01,4.555432147248104968e+00
1.484138325235781686e+01,4.105856714178843347e+00
1.486138896827664979e+01,4.390486289811815546e+00
1.488139468419548450e+01,3.964092595619010062e+00
1.490140040011431921e+01,4.084017303571904733e+00
1.492140611603315392e+01,4.147175636051033010e+00
1.494141183195198685e+01,4.132295110165464358e+00
1.496141754787081979e+01,4.893602725094174488e+00
1.498142326378965450e+01,4.276389214549608297e+00
1.500142897970848921e+01,4.182719960292383021e+00
1.502143469562732214e+01,4.199874145644517220e+00
1.504144041154615508e+01,4.641537415588288695e+00
1.506144612746498979e+01,5.035642223274845897e+00
1.508145184338382450e+01,4.632103620812099365e+00
1.510145755930265921e+01,4.930422557670151917e+00
1.512146327522149214e+01,4.258281636448056240e+00
1.514146899114032507e+01,4.129009960057210549e+00
1.516147470705915978e+01,4.241442555351238042e+00
1.518148042297799449e+01,4.612575799151673372e+00
1.520148613889682920e+01,3.898275270432953743e+00
1.522149185481566214e+01,4.803649306883863268e+00
1.524149757073449507e+01,4.504834302288670322e+00
1.526150328665332978e+01,4.159436017956771536e+00
1.528150900257216449e+01,4.425750446890638123e+00
1.530151471849099742e+01,4.099782228324025724e+00
1.532152043440983036e+01,3.932145455633315301e+00
1.534152615032866507e+01,4.487535515386431584e+00
1.536153186624749978e+01,4.861868498176133535e+00
1.538153758216633449e+01,3.873237862049276004e+00
1.540154329808516742e+01,4.135754936472309851e+00
1.542154901400400036e+01,3.664654618040942502e+00
1.544155472992283507e+01,3.934841425632632728e+00
1.546156044584166978e+01,4.198272305200948296e+00
1.548156616176050449e+01,3.075149066126310782e+00
1.550157187767933742e+01,4.057949738581651644e+00
1.552157759359817035e+01,4.119474937709561857e+00
1.554158330951700506e+01,3.498085604920720737e+00
1.556158902543583977e+01,3.745538624918268944e+00
1.558159474135467271e+01,3.239154278072239990e+00
1.560160045727350742e+01,4.192443350019623871e+00
1.562160617319234035e+01,4.341266200321620694e+00
1.564161188911117506e+01,3.556273883515283618e+00
1.566161760503000977e+01,3.853361053954545312e+00
1.568162332094884270e+01,3.622620317720746996e+00
1.570162903686767564e+01,4.052864071670446933e+00
1.572163475278651035e+01,3.605853047360181307e+00
1.574164046870534506e+01,3.006867923173956569e+00
1.576164618462417977e+01,3.603556694548690764e+00
1.578165190054301270e+01,2.984854440346143889e+00
1.580165761646184563e+01,4.221470766586659096e+00
1.582166333238068034e+01,4.064474696777096163e+00
1.584166904829951505e+01,3.530406109754206767e+00
1.586167476421834799e+01,3.933821234817175494e+00
1.588168048013718270e+01,3.233435807693438413e+00
1.590168619605601563e+01,3.600195132493536398e+00
1.592169191197485034e+01,3.483575542468768660e+00
1.594169762789368505e+01,3.763397909463688684e+00
1.596170334381251799e+01,3.945411175268835002e+00
1.598170905973135092e+01,3.363347223958208954e+00
1.600171477565018563e+01,3.845306122568119100e+00
1.602172049156902034e+01,3.437779380798106743e+00
1.604172620748785505e+01,4.227347590851998405e+00
1.606173192340668976e+01,4.374281247560291241e+00
1.608173763932552092e+01,3.701459262318446797e+00
1.610174335524435563e+01,3.801586840526904432e+00
1.612174907116319034e+01,4.027071720765341922e+00
1.614175478708202505e+01,3.806868309281117302e+00
1.616176050300085620e+01,3.743898830865878935e+00
1.618176621891969091e+01,3.568041995359156004e+00
1.620177193483852562e+01,3.243243017316305377e+00
1.622177765075736033e+01,4.230860523205331347e+00
1.624178336667619504e+01,3.334442096241388320e+00
1.626178908259502620e+01,3.787674224145257007e+00
1.628179479851386091e+01,4.272338958935648634e+00
1.630180051443269562e+01,3.299145529367163654e+00
1.632180623035153033e+01,3.871255730750069013e+00
1.634181194627036149e+01,4.046901197579597209e+00
1.636181766218919620e+01,3.270174106692456562e+00
1.638182337810803091e+01,3.674825304559227845e+00
1.640182909402686562e+01,4.000590365386951675e+00
1.642183480994570033e+01,3.769341767859105907e+00
1.644184052586453504e+01,4.227527978449181489e+00
1.646184624178336620e+01,4.263770704587196647e+00
1.648185195770220091e+01,4.124641903293710499e+00
1.650185767362103562e+01,3.965004961817305329e+00
1.652186338953986677e+01,3.940584910298722932e+00
1.654186910545870148e+01,3.585336164887650501e+00
1.656187482137753619e+01,4.645371538729023975e+00
1.658188053729637090e+01,3.746116289596833404e+00
1.660188625321520561e+01,3.712825107947270720e+00
1.662189196913404032e+01,4.408573761604932528e+00
1.664189768505287148e+01,4.204728262430576180e+00
1.666190340097170619e+01,4.328579430998763300e+00
1.668190911689054090e+01,3.601433611888191333e+00
1.670191483280937561e+01,4.204947214390533539e+00
1.672192054872820677e+01,4.094924292756115136e+00
1.674192626464704148e+01,4.548517363718586282e+00
1.676193198056587619e+01,4.366895162374540895e+00
1.678193769648471090e+01,4.697639504217001161e+00
1.680194341240354561e+01,4.427968883909639608e+00
1.682194912832238032e+01,5.543608768302628498e+00
1.684195484424121148e+01,4.784465551744924383e+00
1.686196056016004619e+01,4.752419487252684149e+00
1.688196627607888090e+01,4.228281379242525340e+00
1.690197199199771205e+01,4.921133954509699038e+00
1.692197770791654676e+01,5.490385576354801955e+00
1.694198342383538147e+01,5.472439766510703407e+00
1.696198913975421618e+01,5.273260350660178730e+00
1.698199485567305089e+01,4.935609649971842039e+00
1.700200057159188560e+01,5.445773301143061573e+00
1.702200628751071676e+01,6.133893713791127134e+00
1.704201200342955147e+01,5.857612955704786906e+00
1.706201771934838618e+01,5.643287274530522701e+00
1.708202343526722089e+01,5.674779828795459835e+00
1.710202915118605205e+01,5.662647802499039429e+00
1.712203486710488676e+01,6.459045661293036922e+00
1.714204058302372147e+01,6.572853041039775412e+00
1.716204629894255618e+01,6.849477382989990204e+00
1.718205201486139089e+01,6.443590416090004602e+00
1.720205773078022204e+01,6.956906119228104757e+00
1.722206344669905675e+01,6.498687257487603119e+00
1.724206916261789146e+01,7.157257869737133404e+00
1.726207487853672617e+01,7.276235206027756419e+00
1.728208059445555733e+01,7.032735273520712482e+00
1.730208631037439204e+01,7.497378167722126285e+00
1.732209202629322675e+01,7.406834993801341582e+00
1.734209774221206146e+01,7.776605233266474571e+00
1.736210345813089617e+01,7.093894642014629603e+00
1.738210917404973088e+01,8.238345795411749606e+00
1.740211488996856204e+01,8.117421741695011406e+00
1.742212060588739675e+01,8.607736605504287652e+00
1.744212632180623146e+01,9.259807607215648773e+00
1.746213203772506262e+01,8.518242646177352384e+00
1.748213775364389733e+01,8.600772486615881007e+00
1.750214346956273204e+01,9.830358809767972161e+00
1.752214918548156675e+01,1.019653458809799140e+01
1.754215490140040146e+01,9.285157556848776750e+00
1.756216061731923617e+01,1.049055891681234698e+01
1.758216633323806732e+01,1.080469313006790344e+01
1.760217204915690203e+01,1.096008059990174921e+01
1.762217776507573674e+01,1.167224901011283578e+01
1.764218348099457145e+01,1.086678252679330470e+01
1.766218919691340261e+01,1.086313928708934817e+01
1.768219491283223732e+01,1.150127649171057520e+01
1.770220062875107203e+01,1.199806711862593467e+01
1.772220634466990674e+01,1.223412753428624100e+01
1.774221206058874145e+01,1.183340081346486627e+01
1.776221777650757616e+01,1.321524034685391236e+01
1.778222349242640732e+01,1.237029622043527510e+01
1.780222920834524203e+01,1.290007283157535944e+01
1.782223492426407674e+01,1.281246852423893579e+01
1.784224064018290790e+01,1.257805256775512426e+01
1.786224635610174261e+01,1.304169078730418541e+01
1.788225207202057732e+01,1.253712859772070054e+01
1.790225778793941203e+01,1.231944253004956735e+01
1.792226350385824674e+01,1.336255479520233891e+01
1.794226921977708145e+01,1.303827253550872101e+01
1.796227493569591260e+01,1.247633181407811165e+01
1.798228065161474731e+01,1.282560439098290317e+01
1.800228636753358202e+01,1.272616163094701491e+01
1.802229208345241318e+01,1.310921705758917533e+01
1.804229779937124789e+01,1.266483931255496742e+01
1.806230351529008260e+01,1.240567986499284281e+01
1.808230923120891731e+01,1.352022521152358081e+01
1.810231494712775202e+01,1.204112075595118547e+01
1.812232066304658673e+01,1.320438077530440069e+01
1.814232637896542144e+01,1.304373302272776058e+01
1.816233209488425260e+01,1.285977019957248935e+01
1.818233781080308731e+01,1.284273185342390988e+01
1.820234352672191847e+01,1.319989797697209255e+01
1.822234924264075318e+01,1.432020674904233459e+01
1.824235495855958789e+01,1.366076106717974703e+01
1.826236067447842260e+01,1.443849163312113859e+01
1.828236639039725731e+01,1.403916031901106543e+01
1.830237210631609202e+01,1.475884247366454005e+01
1.832237782223492673e+01,1.476865982692359403e+01
1.834238353815375788e+01,1.405798827103519244e+01
1.836238925407259259e+01,1.455371003096447780e+01
1.838239496999142730e+01,1.411875126612665809e+01
1.840240068591025846e+01,1.386395234162120360e+01
1.842240640182909317e+01,1.438167693700270888e+01
1.844241211774792788e+01,1.418168399247331379e+01
1.846241783366676259e+01,1.391511671781768378e+01
1.848242354958559730e+01,1.407552188849067143e+01
1.850242926550443201e+01,1.436142906389822471e+01
1.852243498142326672e+01,1.393659331177803651e+01
1.854244069734209788e+01,1.363985158817315835e+01
1.856244641326093259e+01,1.301807984057827738e+01
1.858245212917976374e+01,1.337720375011752161e+01
1.860245784509859845e+01,1.315200631772313322e+01
1.862246356101743316e+01,1.302820844835025227e+01
1.864246927693626787e+01,1.363918698740166491e+01
1.866247499285510258e+01,1.348905283864395344e+01
1.868248070877393729e+01,1.258568282019026086e+01
1.870248642469277200e+01,1.274213008066709207e+01
1.872249214061160316e+01,1.337152734753675709e+01
1.874249785653043787e+01,1.354973779166692971e+01
1.876250357244927258e+01,1.260351428648278826e+01
1.878250928836810374e+01,1.254924989293955484e+01
1.880251500428693845e+01,1.215023168617203808e+01
1.882252072020577316e+01,1.245016986812303728e+01
1.884252643612460787e+01,1.213655207885937948e+01
1.886253215204344258e+01,1.217189517099829033e+01
1.888253786796227729e+01,1.069227853396027683e+01
1.890254358388111200e+01,1.057437245699241224e+01
1.892254929979994316e+01,9.871569115860181043e+00
1.894255501571877787e+01,8.643398342290389280e+00
1.896256073163760902e+01,8.759094221599948327e+00
1.898256644755644373e+01,8.111759928598990754e+00
1.900257216347527844e+01,7.609342897828600627e+00
1.902257787939411315e+01,7.216564656612464823e+00
1.904258359531294786e+01,6.396517040421905165e+00
1.906258931123178257e+01,6.784917702567483389e+00
1.908259502715061728e+01,6.363393196866871548e+00
1.910260074306944844e+01,5.506272579478577178e+00
1.912260645898828315e+01,4.475277340957784844e+00
1.914261217490711431e+01,4.967131707121147599e+00
1.916261789082594902e+01,5.432352195269118944e+00
1.918262360674478373e+01,4.895328125551247744e+00
1.920262932266361844e+01,4.459541952585206914e+00
1.922263503858245315e+01,4.418426491564213521e+00
1.924264075450128786e+01,4.617592374208530082e+00
1.926264647042012257e+01,3.620452942612588210e+00
1.928265218633895373e+01,3.927476388948918817e+00
1.930265790225778844e+01,4.543251748646442323e+00
1.932266361817662315e+01,4.468094545996054379e+00
1.934266933409545430e+01,4.415249033776279752e+00
1.936267505001428901e+01,4.246302095228196904e+00
1.938268076593312372e+01,3.355922216004269210e+00
1.940268648185195843e+01,3.803006519533069785e+00
1.942269219777079314e+01,4.049645674393474337e+00
1.944269791368962785e+01,4.064098077551042465e+00
1.946270362960846256e+01,4.279526617057753057e+00
1.948270934552729372e+01,3.974690069653399327e+00
1.950271506144612843e+01,4.431306288993310361e+00
1.952272077736495959e+01,3.602536362945124360e+00
1.954272649328379430e+01,4.913913312917708609e+00
1.956273220920262901e+01,4.322844698211621761e+00
1.958273792512146372e+01,4.122313518304663305e+00
1.960274364104029843e+01,4.430026552533221640e+00
1.962274935695913314e+01,4.338698855033959134e+00
1.964275507287796785e+01,4.756873465492857278e+00
1.966276078879679901e+01,3.847197501201069514e+00
1.968276650471563372e+01,3.843205899202178699e+00
1.970277222063446487e+01,4.344002230896322203e+00
1.972277793655329958e+01,4.700110164106714450e+00
1.974278365247213429e+01,4.437216372058228053e+00
1.976278936839096900e+01,4.340761335028213708e+00
1.978279508430980371e+01,5.565798687290989477e+00
1.980280080022863842e+01,5.055056854303753511e+00
1.982280651614747313e+01,5.545611862611639964e+00
1.984281223206630784e+01,4.875316306826709578e+00
1.986281794798513900e+01,5.732132562052273173e+00
1.988282366390397371e+01,5.112989070673089387e+00
1.990282937982280487e+01,4.763158807395431182e+00
1.992283509574163958e+01,4.311199009082889333e+00
1.994284081166047429e+01,5.448721060554150952e+00
1.996284652757930900e+01,5.215082143786123225e+00
1.998285224349814371e+01,5.524516916689170998e+00
2.000285795941697842e+01,6.399648498840894817e+00
2.002286367533581313e+01,6.214692692202429924e+00
2.004286939125464428e+01,5.890281820440781857e+00
2.006287510717347899e+01,5.445958716101424457e+00
2.008288082309231015e+01,6.258673376272611222e+00
2.010288653901114486e+01,6.234308059772533994e+00
2.012289225492997957e+01,5.954684261879480189e+00
2.014289797084881428e+01,6.497904314992091201e+00
2.016290368676764899e+01,6.159648013187297266e+00
2.018290940268648370e+01,6.401313486790762397e+00
2.020291511860531841e+01,7.054500964120269835e+00
2.022292083452414957e+01,6.596009060522336931e+00
2.024292655044298428e+01,6.695091704814971401e+00
2.026293226636181899e+01,7.647357585979168704e+00
2.028293798228065015e+01,7.330228971084093992e+00
2.030294369819948486e+01,7.469011922090749600e+00
2.032294941411831957e+01,8.069114781645499335e+00
2.034295513003715428e+01,7.860372709508990141e+00
2.036296084595598899e+01,7.621182439694351274e+00
2.038296656187482370e+01,7.773233261973556907e+00
2.040297227779365841e+01,7.894032699216392501e+00
2.042297799371248956e+01,8.365883767286272032e+00
2.044298370963132427e+01,8.212929123495133155e+00
2.046298942555015543e+01,8.545990227203491330e+00
2.048299514146899014e+01,7.893962696067624130e+00
2.050300085738782485e+01,8.619211267102524943e+00
2.052300657330665956e+01,9.125141431651154988e+00
2.054301228922549427e+01,8.379374538028134367e+00
2.056301800514432898e+01,8.729275185161167627e+00
2.058302372106316369e+01,8.585886703267323838e+00
2.060302943698199485e+01,8.762444895553212376e+00
2.062303515290082956e+01,8.586781020425584998e+00
2.064304086881966072e+01,8.829760966704757408e+00
2.066304658473849543e+01,8.294269579226805078e+00
2.068305230065733014e+01,7.683055877640050824e+00
2.070305801657616485e+01,8.701998934467166436e+00
2.072306373249499956e+01,7.795194746168190747e+00
2.074306944841383427e+01,7.572875081367980599e+00
2.076307516433266898e+01,6.829974795445994395e+00
2.078308088025150369e+01,6.612328167387813593e+00
2.080308659617033484e+01,6.831373548085765357e+00
2.082309231208916955e+01,5.809147584462328595e+00
2.084309802800800071e+01,6.291710392845802247e+00
2.086310374392683542e+01,5.198842993316137751e+00
2.088310945984567013e+01,5.359190510064880897e+00
2.090311517576450484e+01,4.714487687857634945e+00
2.092312089168333955e+01,5.227360345278184717e+00
2.094312660760217426e+01,4.806390681933854658e+00
2.096313232352100897e+01,4.813890208125290116e+00
2.098313803943984013e+01,4.286809440643449598e+00
2.100314375535867484e+01,4.340073269526241617e+00
2.102314947127750600e+01,4.269156623346768598e+00
2.104315518719634071e+01,4.028401014341479680e+00
2.106316090311517542e+01,4.627000001052063993e+00
2.108316661903401013e+01,4.020638248096030765e+00
2.110317233495284484e+01,4.670768155377434283e+00
2.112317805087167955e+01,4.742189537268648003e+00
2.114318376679051426e+01,4.630248633229707700e+00
2.116318948270934541e+01,3.557871395782888690e+00
2.118319519862818012e+01,4.083628530662164025e+00
2.120320091454701483e+01,3.876477392726648485e+00
2.122320663046584599e+01,3.922780543598456404e+00
2.124321234638468070e+01,4.262706374647272867e+00
2.126321806230351541e+01,4.854250351268502683e+00
2.128322377822235012e+01,4.931456068764179079e+00
2.130322949414118483e+01,4.087987562809092701e+00
2.132323521006001954e+01,4.158933350929766348e+00
2.134324092597885425e+01,4.724621199940216343e+00
2.136324664189768541e+01,4.067371574867766348e+00
2.138325235781652012e+01,3.876610153722658936e+00
2.140325807373535127e+01,4.053484088990173539e+00
2.142326378965418598e+01,4.630356499113957192e+00
2.144326950557302069e+01,5.408992242357694380e+00
2.146327522149185540e+01,4.466801161437834899e+00
2.148328093741069011e+01,4.135452845733395222e+00
2.150328665332952482e+01,4.613539210827815928e+00
2.152329236924835953e+01,5.265757014616863962e+00
2.154329808516719069e+01,5.048220725307128731e+00
2.156330380108602540e+01,4.098163415324448167e+00
2.158330951700485656e+01,4.885523058285798470e+00
2.160331523292369127e+01,4.599414331572077685e+00
2.162332094884252598e+01,4.796876794241808462e+00
2.164332666476136069e+01,4.836375916161072652e+00
2.166333238068019540e+01,4.954890041433520409e+00
2.168333809659903011e+01,5.050074871050051151e+00
2.170334381251786482e+01,5.484961753493569958e+00
2.172334952843669598e+01,4.524675107784625006e+00
2.174335524435553069e+01,4.355498179090477429e+00
2.176336096027436540e+01,4.981322947265454104e+00
2.178336667619319655e+01,4.851135018959379153e+00
2.180337239211203126e+01,4.679126944472869809e+00
2.182337810803086597e+01,5.310925759073295893e+00
2.184338382394970068e+01,4.470086767853333143e+00
2.186338953986853539e+01,4.918969802879684217e+00
2.188339525578737010e+01,3.843935288314697107e+00
2.190340097170620481e+01,3.582018771049341410e+00
2.192340668762503597e+01,3.750903540669177083e+00
2.194341240354387068e+01,4.548050352615006453e+00
2.196341811946270184e+01,3.764219432242772889e+00
2.198342383538153655e+01,3.522672412891516558e+00
2.200342955130037126e+01,4.333373033838037180e+00
2.202343526721920597e+01,3.360701123777775745e+00
2.204344098313804068e+01,3.827112887478709702e+00
2.206344669905687539e+01,4.285695174511067407e+00
2.208345241497571010e+01,4.347409430633733862e+00
2.210345813089454126e+01,4.251518743798976985e+00
2.212346384681337597e+01,4.015569364142850262e+00
2.214346956273221068e+01,4.259385784053145940e+00
2.216347527865104183e+01,3.789034202572746146e+00
2.218348099456987654e+01,3.861199110510129096e+00
2.220348671048871125e+01,4.072199804543168433e+00
2.222349242640754596e+01,4.003749026708502967e+00
2.224349814232638067e+01,3.695708629554440350e+00
2.226350385824521538e+01,3.711720578572700546e+00
2.228350957416405009e+01,3.541606553939727675e+00
2.230351529008288125e+01,4.044438372311111252e+00
2.232352100600171596e+01,3.867014749127954065e+00
2.234352672192054712e+01,3.951110676426706547e+00
2.236353243783938183e+01,4.595147495115394776e+00
2.238353815375821654e+01,4.236583947828274077e+00
2.240354386967705125e+01,3.615765410372140387e+00
2.242354958559588596e+01,4.142608541494814389e+00
2.244355530151472067e+01,4.883820744177796769e+00
2.246356101743355538e+01,4.720365956419724007e+00
2.248356673335238654e+01,4.454831778701639600e+00
2.250357244927122125e+01,5.235743126653426671e+00
2.252357816519005240e+01,4.353331127312660698e+00
2.254358388110888711e+01,4.124744316748798489e+00
2.256358959702772182e+01,5.116563113789748485e+00
2.258359531294655653e+01,5.079781174173815472e+00
2.260360102886539124e+01,5.496571292690536126e+00
2.262360674478422595e+01,4.961873563434664014e+00
2.264361246070306066e+01,4.732321499923997088e+00
2.266361817662189182e+01,4.862327296186543357e+00
2.268362389254072653e+01,5.893306917867612960e+00
2.270362960845956124e+01,6.341912435533906489e+00
2.272363532437839240e+01,6.273968725966936333e+00
2.274364104029722711e+01,5.983640318615344178e+00
2.276364675621606182e+01,5.481103957685142802e+00
2.278365247213489653e+01,6.217362009082291863e+00
2.280365818805373124e+01,6.593968137812759700e+00
2.282366390397256595e+01,6.665104973977879155e+00
2.284366961989140066e+01,7.185057036793898178e+00
2.286367533581023181e+01,7.714751734135402828e+00
2.288368105172906652e+01,7.426826687737282384e+00
2.290368676764789768e+01,7.791584621477891659e+00
2.292369248356673239e+01,7.330510546830276475e+00
2.294369819948556710e+01,7.591481414389968485e+00
2.296370391540440181e+01,7.844023308393843763e+00
2.298370963132323652e+01,8.433831884324117567e+00
2.300371534724207123e+01,9.056780653180860341e+00
2.302372106316090594e+01,9.629361454500539708e+00
2.304372677907973710e+01,9.142442707993970075e+00
2.306373249499857181e+01,9.573868023641406211e+00
2.308373821091740652e+01,9.239548738292970853e+00
2.310374392683623768e+01,9.453184771130057840e+00
2.312374964275507239e+01,1.058891802770347113e+01
2.314375535867390710e+01,1.056957265073502050e+01
2.316376107459274181e+01,1.093061432177316483e+01
2.318376679051157652e+01,1.206653794677377078e+01
2.320377250643041123e+01,1.263155324396928236e+01
2.322377822234924594e+01,1.214138456331677851e+01
2.324378393826807709e+01,1.291205928172189665e+01
2.326378965418691180e+01,1.377133163184521436e+01
2.328379537010574296e+01,1.409201765412235829e+01
2.330380108602457767e+01,1.424117665674596900e+01
2.332380680194341238e+01,1.508125063921838205e+01
2.334381251786224709e+01,1.463045964298094859e+01
2.336381823378108180e+01,1.538222580701387088e+01
2.338382394969991651e+01,1.504350940277288551e+01
2.340382966561875122e+01,1.562808900233378750e+01
2.342383538153758238e+01,1.582510167131076706e+01
2.344384109745641709e+01,1.613428183317368436e+01
2.346384681337524825e+01,1.613673433857737649e+01
2.348385252929408296e+01,1.642189182504791489e+01
2.350385824521291767e+01,1.525647893555887435e+01
2.352386396113175238e+01,1.619050255871464472e+01
2.354386967705058709e+01,1.504716752364609000e+01
2.356387539296942180e+01,1.452296412609376652e+01
2.358388110888825651e+01,1.339841286605169479e+01
2.360388682480708766e+01,1.427267020115940355e+01
2.362389254072592237e+01,1.266686136669349949e+01
2.364389825664475708e+01,1.207893854137955181e+01
2.366390397256358824e+01,1.233100208233879869e+01
2.368390968848242295e+01,1.084077687928900247e+01
2.370391540440125766e+01,1.064894496858808637e+01
2.372392112032009237e+01,1.043484304103255234e+01
2.374392683623892708e+01,9.341149317915366623e+00
2.376393255215776179e+01,9.453517667102238065e+00
2.378393826807659650e+01,8.459504913109407553e+00
2.380394398399542766e+01,9.263951320389399058e+00
2.382394969991426237e+01,8.478389875744401394e+00
2.384395541583309353e+01,8.395886376647222704e+00
2.386396113175192824e+01,9.227557689188550683e+00
2.388396684767076295e+01,8.646753183908732154e+00
2.390397256358959766e+01,9.131344795496744382e+00
2.392397827950843237e+01,9.062688911093029986e+00
2.394398399542726708e+01,9.463338084618374779e+00
2.396398971134610179e+01,9.776209580207854799e+00
2.398399542726493294e+01,9.831410893463242928e+00
2.400400114318376765e+01,9.878236361487973127e+00
2.402400685910260236e+01,1.068209063143026327e+01
2.404401257502143352e+01,1.061966998288951203e+01
2.406401829094026823e+01,1.033988136580750705e+01
2.408402400685910294e+01,1.135105748435890938e+01
2.410402972277793765e+01,1.211314856726669298e+01
2.412403543869677236e+01,1.170002927156967765e+01
2.414404115461560707e+01,1.194155895562636260e+01
2.416404687053444178e+01,1.262231603092251220e+01
2.418405258645327294e+01,1.293167657387465219e+01
2.420405830237210765e+01,1.232765518124856818e+01
2.422406401829093880e+01,1.280513016482308686e+01
2.424406973420977351e+01,1.368601573960098250e+01
2.426407545012860822e+01,1.364790315191942227e+01
2.428408116604744293e+01,1.421398971231437436e+01
2.430408688196627764e+01,1.411648130537079382e+01
2.432409259788511235e+01,1.415868131570156763e+01
2.434409831380394706e+01,1.387068800869581686e+01
2.436410402972277822e+01,1.400863697350424530e+01
2.438410974564161293e+01,1.372160906812171177e+01
2.440411546156044409e+01,1.397746357136841056e+01
2.442412117747927880e+01,1.378772230092735640e+01
2.444412689339811351e+01,1.215127204771136959e+01
2.446413260931694822e+01,1.195848999961674153e+01
2.448413832523578293e+01,1.178461928670169812e+01
2.450414404115461764e+01,1.105387197925013254e+01
2.452414975707345235e+01,1.091141777310651939e+01
2.454415547299228351e+01,9.512873994853144666e+00
2.456416118891111822e+01,9.296167049679640471e+00
2.458416690482995293e+01,9.324599685331037335e+00
2.460417262074878408e+01,9.014025756687274793e+00
2.462417833666761879e+01,7.815194613404635504e+00
2.464418405258645350e+01,7.795548550164807189e+00
2.466418976850528821e+01,8.123616277120902396e+00
2.468419548442412292e+01,7.678194943136849915e+00
2.470420120034295763e+01,6.696151638468182732e+00
2.472420691626179234e+01,7.674690776706960094e+00
2.474421263218062350e+01,7.400928246587239911e+00
2.476421834809945821e+01,7.947157243636280732e+00
2.478422406401828937e+01,8.333268256823643583e+00
2.480422977993712408e+01,8.719324546995991909e+00
2.482423549585595879e+01,8.902105946424160976e+00
2.484424121177479350e+01,9.085912783092696898e+00
2.486424692769362821e+01,9.314511732658516507e+00
2.488425264361246292e+01,1.015669922642348411e+01
2.490425835953129763e+01,1.089908014111974133e+01
2.492426407545012879e+01,1.061393549358932198e+01
2.494426979136896350e+01,1.177001220974627671e+01
2.496427550728779821e+01,1.138059967071770373e+01
2.498428122320662936e+01,1.317597054439677251e+01
2.500428693912546407e+01,1.345940222136376718e+01
2.502429265504429878e+01,1.348245045213486470e+01
2.504429837096313349e+01,1.408413805499939109e+01
2.506430408688196820e+01,1.461267369720000175e+01
2.508430980280080291e+01,1.560459265578584009e+01
2.510431551871963762e+01,1.744636760103574602e+01
2.512432123463846878e+01,1.734941473024701608e+01
2.514432695055730349e+01,1.894089811576288085e+01
2.516433266647613465e+01,1.947488909788575384e+01
2.518433838239496936e+01,2.023522218068701051e+01
2.520434409831380407e+01,2.184808553341714088e+01
2.522434981423263878e+01,2.283614719252953407e+01
2.524435553015147349e+01,2.316982348733387909e+01
2.526436124607030820e+01,2.525874040902840889e+01
2.528436696198914291e+01,2.600884860098187445e+01
2.530437267790797407e+01,2.678678003016641540e+01
2.532437839382680878e+01,2.832074689097899167e+01
2.534438410974563993e+01,3.027481271664548501e+01
2.536438982566447464e+01,3.148440930050780295e+01
2.538439554158330935e+01,3.389205794702567687e+01
2.540440125750214406e+01,3.496890549032765705e+01
2.542440697342097877e+01,3.608604062301639459e+01
2.544441268933981348e+01,3.856637266975012324e+01
2.546441840525864819e+01,4.045621832992505063e+01
2.548442412117747935e+01,4.101128818235844875e+01
2.550442983709631406e+01,4.313446171045911370e+01
2.552443555301514877e+01,4.502394404676685014e+01
2.554444126893397993e+01,4.663445511261804199e+01
2.556444698485281464e+01,4.762918024355020208e+01
2.558445270077164935e+01,4.991111947247004110e+01
2.560445841669048406e+01,4.978579286119816771e+01
2.562446413260931877e+01,5.182717993919854393e+01
2.564446984852815348e+01,5.177770436950800814e+01
2.566447556444698819e+01,5.241671573299651499e+01
2.568448128036581934e+01,5.263833948401639162e+01
2.570448699628465405e+01,5.159386306354394947e+01
2.572449271220348521e+01,5.153499194815486817e+01
2.574449842812231992e+01,4.884124040167021263e+01
2.576450414404115463e+01,4.762521946931104111e+01
2.578450985995998934e+01,4.585057367259677363e+01
2.580451557587882405e+01,4.350129863774043315e+01
2.582452129179765876e+01,3.983846489187629913e+01
2.584452700771649347e+01,3.675249480493685894e+01
2.586453272363532463e+01,3.269707108579622457e+01
2.588453843955415934e+01,2.970982590284355496e+01
2.590454415547299405e+01,2.713401027680531286e+01
2.592454987139182521e+01,2.428077011382404038e+01
2.594455558731065992e+01,2.102032199482418662e+01
2.596456130322949463e+01,1.792672594276312736e+01
2.598456701914832934e+01,1.625359101017809138e+01
2.600457273506716405e+01,1.405078290153968723e+01
2.602457845098599520e+01,1.182647054990868085e+01
2.604458416690482991e+01,1.097694910792103684e+01
2.606458988282366462e+01,1.037381901827320796e+01
2.608459559874249933e+01,9.120220975454403245e+00
2.610460131466133404e+01,7.887711967663944890e+00
2.612460703058016520e+01,7.985454168184580759e+00
2.614461274649899991e+01,6.628455156496771750e+00
2.616461846241783462e+01,6.520366239328794222e+00
2.618462417833666933e+01,6.431687760284273914e+00
2.620462989425550404e+01,6.239017376773365875e+00
2.622463561017433520e+01,5.155019038709017565e+00
2.624464132609316991e+01,5.096621237426761653e+00
2.626464704201200462e+01,5.545678250450382762e+00
2.628465275793083933e+01,4.859833869996791123e+00
2.630465847384967049e+01,4.653585415278138626e+00
2.632466418976850520e+01,4.839715485418086161e+00
2.634466990568733991e+01,5.788298284378881498e+00
2.636467562160617462e+01,4.901134649923559294e+00
2.638468133752500933e+01,5.308996136730117499e+00
2.640468705344384048e+01,5.462763084904290523e+00
2.642469276936267519e+01,4.770050359677534324e+00
2.644469848528150990e+01,4.612390266158788776e+00
2.646470420120034461e+01,5.159082640166298361e+00
2.648470991711917932e+01,5.053287000432397313e+00
2.650471563303801048e+01,4.577539340838915116e+00
2.652472134895684519e+01,5.130544326017901113e+00
2.654472706487567990e+01,5.384416916186015811e+00
2.656473278079451461e+01,5.022712623669737475e+00
2.658473849671334932e+01,4.934364203430672724e+00
2.660474421263218048e+01,5.509797910019844203e+00
2.662474992855101519e+01,5.296634339957271287e+00
2.664475564446984990e+01,5.923310939305944878e+00
2.666476136038868461e+01,5.479338735278796335e+00
2.668476707630751577e+01,5.343899716404918898e+00
2.670477279222635048e+01,6.068285493332812308e+00
2.672477850814518519e+01,5.505266746921014587e+00
2.674478422406401990e+01,5.451878746544418064e+00
2.676478993998285461e+01,5.155468053073938073e+00
2.678479565590168576e+01,6.565126977880904491e+00
2.680480137182052047e+01,5.593897102177129099e+00
2.682480708773935518e+01,6.131554998910161203e+00
2.684481280365818989e+01,6.160848516045672518e+00
2.686481851957702460e+01,5.638392956620612573e+00
2.688482423549585576e+01,7.132186522587814714e+00
2.690482995141469047e+01,6.968900823478208828e+00
2.692483566733352518e+01,7.588221413370987989e+00
2.694484138325235989e+01,6.931329685722620759e+00
2.696484709917119105e+01,7.929781212906746646e+00
2.698485281509002576e+01,7.399320939483208903e+00
2.700485853100886047e+01,7.623753759084221926e+00
2.702486424692769518e+01,8.682188770297816660e+00
2.704486996284652989e+01,8.227349926885928255e+00
2.706487567876536104e+01,8.873625673322763419e+00
2.708488139468419575e+01,8.795923543924146770e+00
2.710488711060303046e+01,9.054402133921797713e+00
2.712489282652186517e+01,9.604856488066372933e+00
2.714489854244069988e+01,9.354549543949728374e+00
2.716490425835953104e+01,9.869815002202734888e+00
2.718490997427836575e+01,1.082654870783631651e+01
2.720491569019720046e+01,1.029895381825452816e+01
2.722492140611603517e+01,1.002844016012131867e+01
2.724492712203486633e+01,1.123723908176621222e+01
2.726493283795370104e+01,1.186246947321554046e+01
2.728493855387253575e+01,1.127572559776679739e+01
2.730494426979137046e+01,1.173228076737692760e+01
2.732494998571020517e+01,1.209039981917013229e+01
2.734495570162903633e+01,1.221198360957705198e+01
2.736496141754787104e+01,1.163922371725898230e+01
2.738496713346670575e+01,1.282266298552874062e+01
2.740497284938554046e+01,1.257682726157186792e+01
2.742497856530437517e+01,1.325822986130237346e+01
2.744498428122320632e+01,1.207768222890038956e+01
2.746498999714204103e+01,1.200722116947207851e+01
2.748499571306087574e+01,1.151537061077605806e+01
2.750500142897971045e+01,1.166405403466828972e+01
2.752500714489854516e+01,1.046656278613525437e+01
2.754501286081737632e+01,1.067434072296427416e+01
2.756501857673621103e+01,9.786038668260994555e+00
2.758502429265504574e+01,9.663381440443224335e+00
2.760503000857388045e+01,8.671233369307529415e+00
2.762503572449271161e+01,7.742141052255686162e+00
2.764504144041154632e+01,7.854248735434819828e+00
2.766504715633038103e+01,7.717198794973734621e+00
2.768505287224921574e+01,6.936760684203022720e+00
2.770505858816805045e+01,6.629836059564759410e+00
2.772506430408688161e+01,6.546719981579396830e+00
2.774507002000571632e+01,6.419466145314109085e+00
2.776507573592455103e+01,5.846006753881141549e+00
2.778508145184338574e+01,6.072072000913363965e+00
2.780508716776222045e+01,5.023530861980471940e+00
2.782509288368105160e+01,4.675854051857768034e+00
2.784509859959988631e+01,5.208225659678880071e+00
2.786510431551872102e+01,5.242779458842510287e+00
2.788511003143755573e+01,4.994173108002559758e+00
2.790511574735638689e+01,5.050873817855095815e+00
2.792512146327522160e+01,4.690468765574935972e+00
2.794512717919405631e+01,6.034768874513494197e+00
2.796513289511289102e+01,5.625421198550165869e+00
2.798513861103172573e+01,5.063023145492748789e+00
2.800514432695055689e+01,5.836578271306466448e+00
2.802515004286939160e+01,6.674805646336476883e+00
2.804515575878822631e+01,6.077901999510851638e+00
2.806516147470706102e+01,5.841449067774620474e+00
2.808516719062589573e+01,6.953648041632630061e+00
2.810517290654472689e+01,7.636289844398964632e+00
2.812517862246356160e+01,7.715351486259724112e+00
2.814518433838239631e+01,7.916091913416018144e+00
2.816519005430123102e+01,8.927127276787095056e+00
2.818519577022006217e+01,8.707701310270937967e+00
2.820520148613889688e+01,9.067054857133499013e+00
2.822520720205773159e+01,1.025455062795263217e+01
2.824521291797656630e+01,1.099667734510904182e+01
2.826521863389540101e+01,1.134426742527553600e+01
2.828522434981423217e+01,1.167939771855646924e+01
2.830523006573306688e+01,1.266770483098311217e+01
2.832523578165190159e+01,1.333232495994162647e+01
2.834524149757073630e+01,1.351282071599761281e+01
2.836524721348957101e+01,1.425543973696698252e+01
2.838525292940840217e+01,1.458054734723891599e+01
2.840525864532723688e+01,1.645691591759674210e+01
2.842526436124607159e+01,1.815920767780160361e+01
2.844527007716490630e+01,1.843091156846517009e+01
2.846527579308374101e+01,1.892038904793780318e+01
2.848528150900257216e+01,2.100894469029110567e+01
2.850528722492140687e+01,2.278355385202079475e+01
2.852529294084024158e+01,2.362629350410167817e+01
2.854529865675907629e+01,2.489481816115478097e+01
2.856530437267790745e+01,2.580950543135335096e+01
2.858531008859674216e+01,2.725473870893392458e+01
2.860531580451557687e+01,2.964144542481798084e+01
2.862532152043441158e+01,3.063979467885563324e+01
2.864532723635324629e+01,3.315793359215211922e+01
2.866533295227207745e+01,3.410788729334736757e+01
2.868533866819091216e+01,3.582767024127444699e+01
2.870534438410974687e+01,3.712871712227504872e+01
2.872535010002858158e+01,3.967518357131528717e+01
2.874535581594741629e+01,4.112199624255614339e+01
2.876536153186624745e+01,4.275658062283651617e+01
2.878536724778508216e+01,4.542741212902026149e+01
2.880537296370391687e+01,4.604405755312352255e+01
2.882537867962275158e+01,4.891975224799583088e+01
2.884538439554158273e+01,4.886674666240183740e+01
2.886539011146041744e+01,4.985854456679400926e+01
2.888539582737925215e+01,5.080595263427397867e+01
2.890540154329808686e+01,5.159818700090791310e+01
2.892540725921692157e+01,5.098566791401164267e+01
2.894541297513575273e+01,5.104971640338916217e+01
2.896541869105458744e+01,4.955254112432688629e+01
2.898542440697342215e+01,4.778887008276551285e+01
2.900543012289225686e+01,4.599700648441462647e+01
2.902543583881109157e+01,4.444475825263450730e+01
2.904544155472992273e+01,4.187681471382470022e+01
2.906544727064875744e+01,3.877580549255047515e+01
2.908545298656759215e+01,3.607244611308969695e+01
2.910545870248642686e+01,3.295907374997547379e+01
2.912546441840525802e+01,2.994517979508641048e+01
2.914547013432409273e+01,2.672372611882628490e+01
2.916547585024292744e+01,2.356747801460254621e+01
2.918548156616176215e+01,2.074370396861531418e+01
2.920548728208059686e+01,1.812585804295751757e+01
2.922549299799942801e+01,1.689372343149323896e+01
2.924549871391826272e+01,1.487236017209358963e+01
2.926550442983709743e+01,1.273178043723441277e+01
2.928551014575593214e+01,1.110186573413467137e+01
2.930551586167476685e+01,1.025126285192461673e+01
2.932552157759359801e+01,8.467275064888127645e+00
2.934552729351243272e+01,9.047735048562016047e+00
2.936553300943126743e+01,7.616030381346757139e+00
2.938553872535010214e+01,7.127461358142922698e+00
2.940554444126893330e+01,7.152545060463691762e+00
2.942555015718776801e+01,6.622098631263812152e+00
2.944555587310660272e+01,5.459214810728461487e+00
2.946556158902543743e+01,6.357480851104334363e+00
2.948556730494427214e+01,5.521784289931087386e+00
2.950557302086310330e+01,6.208978812846781992e+00
2.952557873678193801e+01,5.294836395377096494e+00
2.954558445270077272e+01,5.519405764434283768e+00
2.956559016861960743e+01,5.391006483115468484e+00
2.958559588453844214e+01,4.808770688970172458e+00
2.960560160045727329e+01,5.042923510744545368e+00
2.962560731637610800e+01,4.477870268269913190e+00
2.964561303229494271e+01,4.791744746127005072e+00
2.966561874821377742e+01,4.860782733476216144e+00
2.968562446413261213e+01,5.920385656968390364e+00
2.970563018005144329e+01,4.510699174457062810e+00
2.972563589597027800e+01,5.668806985919088604e+00
2.974564161188911271e+01,5.541906744773939408e+00
2.976564732780794742e+01,5.322211091544073014e+00
2.978565304372677858e+01,5.829947174853272074e+00
2.980565875964561329e+01,5.271990912670133866e+00
2.982566447556444800e+01,5.755272363946010827e+00
2.984567019148328271e+01,5.600586312818982115e+00
2.986567590740211742e+01,5.673924716874481966e+00
2.988568162332094857e+01,5.966895390543466071e+00
2.990568733923978328e+01,6.369547747506522306e+00
2.992569305515861799e+01,6.078163818345121427e+00
2.994569877107745270e+01,6.867903531948718054e+00
2.996570448699628741e+01,6.304714571451587091e+00
2.998571020291511857e+01,8.033612116247700996e+00
3.000571591883395328e+01,7.539446388268670418e+00
3.002572163475278799e+01,8.295276199071782486e+00
3.004572735067162270e+01,8.540158956372254195e+00
3.006573306659045386e+01,8.150754346206973366e+00
3.008573878250928857e+01,8.408278926059551850e+00
3.010574449842812328e+01,9.040200273607867487e+00
3.012575021434695799e+01,9.151155950730672117e+00
3.014575593026579270e+01,9.917327398614713019e+00
3.016576164618462386e+01,1.049317227774761641e+01
3.018576736210345857e+01,1.103548186859900326e+01
3.020577307802229328e+01,1.154613105682169660e+01
3.022577879394112799e+01,1.250315046527131635e+01
3.024578450985996270e+01,1.270663924397058153e+01
3.026579022577879385e+01,1.293612021272126889e+01
3.028579594169762856e+01,1.444636362563819709e+01
3.030580165761646327e+01,1.542028422347205918e+01
3.032580737353529798e+01,1.656903025104204374e+01
3.034581308945412914e+01,1.678624486876405442e+01
3.036581880537296385e+01,1.741821382539833607e+01
3.038582452129179856e+01,1.909343768794722962e+01
3.040583023721063327e+01,1.937294287595929632e+01
3.042583595312946798e+01,2.041189823974284323e+01
3.044584166904829914e+01,2.078929500543938858e+01
3.046584738496713385e+01,2.290638786088276291e+01
3.048585310088596856e+01,2.285426463169704547e+01
3.050585881680480327e+01,2.398540319657082520e+01
3.052586453272363798e+01,2.424156747194181349e+01
3.054587024864246914e+01,2.472197438072687348e+01
3.056587596456130385e+01,2.484619185433866306e+01
3.058588168048013856e+01,2.653073982602170844e+01
3.060588739639897327e+01,2.532042943089305354e+01
3.062589311231780798e+01,2.544088129161136536e+01
3.064589882823663913e+01,2.599015108807266827e+01
3.066590454415547384e+01,2.433959197316688261e+01
3.068591026007430855e+01,2.426509169301508351e+01
3.070591597599314326e+01,2.395489088156462998e+01
3.072592169191197442e+01,2.212667399791935452e+01
3.074592740783080913e+01,2.199582761433750022e+01
3.076593312374964384e+01,2.083648093818224822e+01
3.078593883966847855e+01,1.878363031423929641e+01
3.080594455558731326e+01,1.852642640820005937e+01
3.082595027150614442e+01,1.790447763063997400e+01
3.084595598742497913e+01,1.763672613961417568e+01
3.086596170334381384e+01,1.664922096721741696e+01
3.088596741926264855e+01,1.603720029957648308e+01
3.090597313518148326e+01,1.445806853712363704e+01
3.092597885110031442e+01,1.467457080909104761e+01
3.094598456701914913e+01,1.471524677596841357e+01
3.096599028293798384e+01,1.428185703314966126e+01
3.098599599885681855e+01,1.481177828308104694e+01
3.100600171477564970e+01,1.445392018036189619e+01
3.102600743069448441e+01,1.383370910723849434e+01
3.104601314661331912e+01,1.454281004404633038e+01
3.106601886253215383e+01,1.410145110775513011e+01
3.108602457845098854e+01,1.404243987834293783e+01
3.110603029436981970e+01,1.360587572255727729e+01
3.112603601028865441e+01,1.393784092058632140e+01
3.114604172620748912e+01,1.340088834207361046e+01
3.116604744212632383e+01,1.494261549315853266e+01
3.118605315804515854e+01,1.429688176818805090e+01
3.120605887396398970e+01,1.477558809883620050e+01
3.122606458988282441e+01,1.519313584710904586e+01
3.124607030580165912e+01,1.441635944050699791e+01
3.126607602172049383e+01,1.442176419514592212e+01
3.128608173763932498e+01,1.535337026683350459e+01
3.130608745355815969e+01,1.581254846684350390e+01
3.132609316947699440e+01,1.556621972200441206e+01
3.134609888539582911e+01,1.528640082535491374e+01
3.136610460131466382e+01,1.674785560208395196e+01
3.138611031723349498e+01,1.632444422146528495e+01
3.140611603315232969e+01,1.585023717925585984e+01
3.142612174907116440e+01,1.630724884039851474e+01
3.144612746498999911e+01,1.716193610617630938e+01
3.146613318090883382e+01,1.629669900537703953e+01
3.148613889682766498e+01,1.639043511293441568e+01
3.150614461274649969e+01,1.596788263776144490e+01
3.152615032866533440e+01,1.644328166117518819e+01
3.154615604458416911e+01,1.481687764821715625e+01
3.156616176050300382e+01,1.506233596451724033e+01
3.158616747642183498e+01,1.501468969600924552e+01
3.160617319234066969e+01,1.467601189197776179e+01
3.162617890825950440e+01,1.340205819432037337e+01
3.164618462417833911e+01,1.385299608854581521e+01
3.166619034009717026e+01,1.219818649146577627e+01
3.168619605601600497e+01,1.211328394742434611e+01
3.170620177193483968e+01,1.148336525890819182e+01
3.172620748785367439e+01,1.165203040232682241e+01
3.174621320377250910e+01,1.107680137700081069e+01
3.176621891969134026e+01,1.114543839133459358e+01
3.178622463561017497e+01,1.056779435180412641e+01
3.180623035152900968e+01,1.047470819240710327e+01
3.182623606744784439e+01,1.017181672707331686e+01
3.184624178336667910e+01,1.086744163318485334e+01
3.186624749928551026e+01,1.164447798737746709e+01
3.188625321520434497e+01,1.161125469538411181e+01
3.190625893112317968e+01,1.216342948630095933e+01
3.192626464704201439e+01,1.281644662462043627e+01
3.194627036296084555e+01,1.303941593918488095e+01
3.196627607887968026e+01,1.377913103311588117e+01
3.198628179479851497e+01,1.411770305394118452e+01
3.200628751071734968e+01,1.522547062317618760e+01
3.202629322663618439e+01,1.667723450694920828e+01
3.204629894255501199e+01,1.720118117806552505e+01
3.206630465847385381e+01,1.818005454223305506e+01
3.208631037439268141e+01,1.937807631789209850e+01
3.210631609031152323e+01,2.047293011466175017e+01
3.212632180623035083e+01,2.126122875013009406e+01
3.214632752214918554e+01,2.207389507067118117e+01
3.216633323806802025e+01,2.438171237489488163e+01
3.218633895398685496e+01,2.517943962408773118e+01
3.220634466990568967e+01,2.626438138122190935e+01
3.222635038582451728e+01,2.793141869804982491e+01
3.224635610174335909e+01,2.845351388421353889e+01
3.226636181766218670e+01,2.901718221845280965e+01
3.228636753358102851e+01,3.010337128292537301e+01
3.230637324949985612e+01,3.159511887254925711e+01
3.232637896541869083e+01,3.157083952126212267e+01
3.234638468133752554e+01,3.212867754842149992e+01
3.236639039725636025e+01,3.234283402240085081e+01
3.238639611317519496e+01,3.157262879427489466e+01
3.240640182909402967e+01,3.049172005780545547e+01
3.242640754501286438e+01,3.026021515423962072e+01
3.244641326093169198e+01,2.811180026255212283e+01
3.246641897685053380e+01,2.672194438803292371e+01
3.248642469276936140e+01,2.466261908842453110e+01
3.250643040868819611e+01,2.381692522336005169e+01
3.252643612460703082e+01,2.085465274064392460e+01
3.254644184052586553e+01,1.925122839190788682e+01
3.256644755644470024e+01,1.751969472357495050e+01
3.258645327236353495e+01,1.588220898855664487e+01
3.260645898828236966e+01,1.406336050313217001e+01
3.262646470420119726e+01,1.269350966948706727e+01
3.264647042012003908e+01,1.158586392321088887e+01
3.266647613603886668e+01,9.910491901712578766e+00
3.268648185195770850e+01,9.596018504900927226e+00
3.270648756787653610e+01,8.331956493233166228e+00
3.272649328379537081e+01,8.032267589151929954e+00
3.274649899971420552e+01,8.050287514689001611e+00
3.276650471563304023e+01,7.597285427195412666e+00
3.278651043155187494e+01,7.550623663167590927e+00
3.280651614747070255e+01,6.804319263398037165e+00
3.282652186338954436e+01,6.842474106453929394e+00
3.284652757930837197e+01,6.736206159661777271e+00
3.286653329522721378e+01,7.457051368705506000e+00
3.288653901114604139e+01,6.647017786051290678e+00
3.290654472706487610e+01,6.595971979540221852e+00
3.292655044298371081e+01,6.243970779213591449e+00
3.294655615890254552e+01,7.019379478146100304e+00
3.296656187482138023e+01,6.774174678528106064e+00
3.298656759074020783e+01,6.390973844188677866e+00
3.300657330665904965e+01,5.942795639475513703e+00
3.302657902257787725e+01,6.637133181538292348e+00
3.304658473849671907e+01,5.996277613667848172e+00
3.306659045441554667e+01,5.980583079563956517e+00
3.308659617033438138e+01,5.606426233963281547e+00
3.310660188625321609e+01,5.722902598915963424e+00
3.312660760217205080e+01,5.856589367607878849e+00
3.314661331809088551e+01,5.660730145165806526e+00
3.316661903400971312e+01,4.410436655577932186e+00
3.318662474992855493e+01,4.839366402644935228e+00
3.320663046584738254e+01,4.843496267665191368e+00
3.322663618176622435e+01,3.908836664586784693e+00
3.324664189768505196e+01,3.762577905528997846e+00
3.326664761360388667e+01,5.248117614191899705e+00
3.328665332952272138e+01,3.430700371701533413e+00
3.330665904544155609e+01,4.431811670715019247e+00
3.332666476136039080e+01,4.450664816980173022e+00
3.334667047727922551e+01,4.531883950165739527e+00
3.336667619319806022e+01,3.327428112502339275e+00
3.338668190911688782e+01,3.266891834556426844e+00
3.340668762503572964e+01,4.207940566389141601e+00
3.342669334095455724e+01,3.502033049294396516e+00
3.344669905687339195e+01,3.749415293547460060e+00
3.346670477279222666e+01,4.101685707004802950e+00
3.348671048871106137e+01,4.345877796453335051e+00
3.350671620462989608e+01,3.821716803994770650e+00
3.352672192054873079e+01,4.153916651071459576e+00
3.354672763646756550e+01,3.553306839880556289e+00
3.356673335238639311e+01,3.368357348914361005e+00
3.358673906830523492e+01,3.745681448042811557e+00
3.360674478422406253e+01,4.461720496076145182e+00
3.362675050014290434e+01,3.928649010059155344e+00
3.364675621606173195e+01,4.323997667304654513e+00
3.366676193198056666e+01,4.903973249202743467e+00
3.368676764789940137e+01,3.687178739561040253e+00
3.370677336381823608e+01,3.870598040114518135e+00
3.372677907973707079e+01,4.281837451877102296e+00
3.374678479565589839e+01,4.545081182897205530e+00
3.376679051157474021e+01,4.458201954913372234e+00
3.378679622749356781e+01,4.570800785243493536e+00
3.380680194341240963e+01,4.242749963604181218e+00
3.382680765933123723e+01,3.629625810757940663e+00
3.384681337525007194e+01,3.285569896955061964e+00
3.386681909116890665e+01,4.465336301131023866e+00
3.388682480708774136e+01,3.667982443907761514e+00
3.390683052300657607e+01,4.527318391252355134e+00
3.392683623892540368e+01,4.609537444155771269e+00
3.394684195484424549e+01,4.329235706448542054e+00
3.396684767076307310e+01,4.525202939584413109e+00
3.398685338668191491e+01,4.666809807517560138e+00
3.400685910260074252e+01,4.650317916304899768e+00
3.402686481851957723e+01,3.970548086893036288e+00
3.404687053443841194e+01,4.870926414053553088e+00
3.406687625035724665e+01,4.329358530545425410e+00
3.408688196627608136e+01,4.528476050634663963e+00
3.410688768219490896e+01,5.478362374900971332e+00
3.412689339811375078e+01,5.474656526458602457e+00
3.414689911403257838e+01,5.857301535324469732e+00
3.416690482995142020e+01,5.706624273947475956e+00
3.418691054587024780e+01,5.586836559997946594e+00
3.420691626178908251e+01,6.591845256131051656e+00
3.422692197770791722e+01,6.755269228967504702e+00
3.424692769362675193e+01,6.740081995487678057e+00
3.426693340954558664e+01,7.551210136710889032e+00
3.428693912546442135e+01,8.100008165680723238e+00
3.430694484138325606e+01,8.170204484815029033e+00
3.432695055730208367e+01,8.838971524319463313e+00
3.434695627322092548e+01,9.037860942829563982e+00
3.436696198913975309e+01,9.466019515337377399e+00
3.438696770505858780e+01,1.057684179569950800e+01
3.440697342097742251e+01,1.079204933522516185e+01
3.442697913689625722e+01,1.128588501115522291e+01
3.444698485281509193e+01,1.232649565085083410e+01
3.446699056873392664e+01,1.325137416780222210e+01
3.448699628465276135e+01,1.374342643947233711e+01
3.450700200057158895e+01,1.427393238623731264e+01
3.452700771649043077e+01,1.528744265757556420e+01
3.454701343240925837e+01,1.643741751845742982e+01
3.456701914832810019e+01,1.733864562960037503e+01
3.458702486424692779e+01,1.809056619174149105e+01
3.460703058016576250e+01,1.950451440099002554e+01
3.462703629608459721e+01,2.082577496285514229e+01
3.464704201200343192e+01,2.158275869272262781e+01
3.466704772792226663e+01,2.297645833206264143e+01
3.468705344384109424e+01,2.303374668428818239e+01
3.470705915975993605e+01,2.424480039264265585e+01
3.472706487567876366e+01,2.439479428589038434e+01
3.474707059159760547e+01,2.551237036241437295e+01
3.476707630751643308e+01,2.650228668443740077e+01
3.478708202343526779e+01,2.605905705718769383e+01
3.480708773935410250e+01,2.643183103320495064e+01
3.482709345527293721e+01,2.675674324149584749e+01
3.484709917119177192e+01,2.581147125521649599e+01
3.486710488711059952e+01,2.532546602739439834e+01
3.488711060302944134e+01,2.426606589842199924e+01
3.490711631894826894e+01,2.370957145711441427e+01
3.492712203486711076e+01,2.317661919226046763e+01
3.494712775078593836e+01,2.146485918641658941e+01
3.496713346670477307e+01,1.938477370825899371e+01
3.498713918262360778e+01,1.850575308540093644e+01
3.500714489854244249e+01,1.784087730003479422e+01
3.502715061446127720e+01,1.595496725038104202e+01
3.504715633038010481e+01,1.473872220466830996e+01
3.506716204629894662e+01,1.377256019853871294e+01
3.508716776221777423e+01,1.317361966446648402e+01
3.510717347813661604e+01,1.168706041229077108e+01
3.512717919405544365e+01,1.056037079324416084e+01
3.514718490997427836e+01,1.014917290937025030e+01
3.516719062589311307e+01,8.890206806786984828e+00
3.518719634181194778e+01,8.350958025736400003e+00
3.520720205773078249e+01,8.604021127493648891e+00
3.522720777364961720e+01,8.449544003583152829e+00
3.524721348956845191e+01,7.093562363816102945e+00
3.526721920548727951e+01,7.056579251456657431e+00
3.528722492140612133e+01,7.449866901509899719e+00
3.530723063732494893e+01,7.264568552481962982e+00
3.532723635324378364e+01,6.654184917915968001e+00
3.534724206916261835e+01,7.183064365551345531e+00
3.536724778508145306e+01,7.333636902826857096e+00
3.538725350100028777e+01,7.453564617978235773e+00
3.540725921691912248e+01,7.130105194648930222e+00
3.542726493283795719e+01,8.106986871427356078e+00
3.544727064875678479e+01,8.343908834723851697e+00
3.546727636467562661e+01,9.271242488791971326e+00
3.548728208059445421e+01,8.950318428783237579e+00
3.550728779651329603e+01,9.949859715240359392e+00
3.552729351243212363e+01,9.848353342829714308e+00
3.554729922835095834e+01,1.042105264053226676e+01
3.556730494426979305e+01,1.153426075269587869e+01
3.558731066018862776e+01,1.216706662387334603e+01
3.560731637610746247e+01,1.307565756097083565e+01
3.562732209202629008e+01,1.405113789287761961e+01
3.564732780794513189e+01,1.461861273003768424e+01
3.566733352386395950e+01,1.562645537963679487e+01
3.568733923978280131e+01,1.674020358288550980e+01
3.570734495570162892e+01,1.742796920650922488e+01
3.572735067162046363e+01,1.860234527947114103e+01
3.574735638753929834e+01,2.000325274619841309e+01
3.576736210345813305e+01,2.075584699931057386e+01
3.578736781937696776e+01,2.190901431581900027e+01
3.580737353529579536e+01,2.416417245283274084e+01
3.582737925121463718e+01,2.450448705842211794e+01
3.584738496713346478e+01,2.693763685608661973e+01
3.586739068305230660e+01,2.836770109293606268e+01
3.588739639897113420e+01,3.092341956781356060e+01
3.590740211488996891e+01,3.264180559975670803e+01
3.592740783080880362e+01,3.522741064877747874e+01
3.594741354672763833e+01,3.629119096065939942e+01
3.596741926264647304e+01,3.904850584211446574e+01
3.598742497856530065e+01,4.023208082070654257e+01
3.600743069448414246e+01,4.274341764233027874e+01
3.602743641040297007e+01,4.466901422371127239e+01
3.604744212632181188e+01,4.657061628339636883e+01
3.606744784224063949e+01,4.863855446662837068e+01
3.608745355815947420e+01,4.969268190017339748e+01
3.610745927407830891e+01,5.065594066892969494e+01
3.612746498999714362e+01,5.151433136241835342e+01
3.614747070591597833e+01,5.136612743016151938e+01
3.616747642183481304e+01,5.048973069653968082e+01
3.618748213775364775e+01,5.010914089176927178e+01
3.620748785367247535e+01,4.891225491806716263e+01
3.622749356959131717e+01,4.706544624823489897e+01
3.624749928551014477e+01,4.527663957807036610e+01
3.626750500142897948e+01,4.189787248365863093e+01
3.628751071734781419e+01,3.973298693176276686e+01
3.630751643326664890e+01,3.626478621209193420e+01
3.632752214918548361e+01,3.328772141537700691e+01
3.634752786510431832e+01,3.012361770614739243e+01
3.636753358102315303e+01,2.775824139980554150e+01
3.638753929694198064e+01,2.482215248271188202e+01
3.640754501286082245e+01,2.188637133993331929e+01
3.642755072877965006e+01,1.989175023278764343e+01
3.644755644469849187e+01,1.745067459905911278e+01
3.646756216061731948e+01,1.682773048227002732e+01
3.648756787653615419e+01,1.528119876813540223e+01
3.650757359245498890e+01,1.305017904730719458e+01
3.652757930837382361e+01,1.242802467252944965e+01
3.654758502429265832e+01,1.153505210633976219e+01
3.656759074021148592e+01,1.080176654458293406e+01
3.658759645613032774e+01,1.081309396097331366e+01
3.660760217204915534e+01,1.040784619767957508e+01
3.662760788796799716e+01,9.826345940800713663e+00
3.664761360388682476e+01,9.806156429911119687e+00
3.666761931980565947e+01,1.009320324040491812e+01
3.668762503572449418e+01,9.726931471033612553e+00
3.670763075164332889e+01,9.307487151524032498e+00
3.672763646756216360e+01,9.738971370804907934e+00
3.674764218348099121e+01,1.047730473089931813e+01
3.676764789939983302e+01,1.008875804535209397e+01
3.678765361531866063e+01,1.031658991749979570e+01
3.680765933123750244e+01,1.041775920613647877e+01
3.682766504715633005e+01,1.128284496147734295e+01
3.684767076307516476e+01,1.171579694507444458e+01
3.686767647899399947e+01,1.147043851575015871e+01
3.688768219491283418e+01,1.324648693990279646e+01
3.690768791083166889e+01,1.367846720304596175e+01
3.692769362675049649e+01,1.393116201282808930e+01
3.694769934266933831e+01,1.555315126693264816e+01
3.696770505858816591e+01,1.589963000577952812e+01
3.698771077450700773e+01,1.721415310656840703e+01
3.700771649042583533e+01,1.785988038797994903e+01
3.702772220634467004e+01,1.939670418735705937e+01
3.704772792226350475e+01,2.044917457715716225e+01
3.706773363818233946e+01,2.177505370149604147e+01
3.708773935410117417e+01,2.287106776952232678e+01
3.710774507002000888e+01,2.361118114441933358e+01
3.712775078593884359e+01,2.466149199412685178e+01
3.714775650185767120e+01,2.577206345438263568e+01
3.716776221777651301e+01,2.602294404813992301e+01
3.718776793369534062e+01,2.722008525203655083e+01
3.720777364961417533e+01,2.762281195484283813e+01
3.722777936553301004e+01,2.752019407662210071e+01
3.724778508145184475e+01,2.796220737739634998e+01
3.726779079737067946e+01,2.763060346428452974e+01
3.728779651328951417e+01,2.864517203918020272e+01
3.730780222920834888e+01,2.768764953571052345e+01
3.732780794512717648e+01,2.732743003887406985e+01
3.734781366104601830e+01,2.675228709714509279e+01
3.736781937696484590e+01,2.654603168890324483e+01
3.738782509288368772e+01,2.634140152766673282e+01
3.740783080880251532e+01,2.524530030255833069e+01
3.742783652472135003e+01,2.530247388358596794e+01
3.744784224064018474e+01,2.587256371441650060e+01
3.746784795655901945e+01,2.575707498611265578e+01
3.748785367247785416e+01,2.577135007133363587e+01
3.750785938839668177e+01,2.567503693736003711e+01
3.752786510431552358e+01,2.629911192736523162e+01
3.754787082023435119e+01,2.713532301831675397e+01
3.756787653615319300e+01,2.744474256217809582e+01
3.758788225207202061e+01,2.828111516724950647e+01
3.760788796799085532e+01,2.892382824967972965e+01
3.762789368390969003e+01,2.958205604265930688e+01
3.764789939982852474e+01,2.986325601070614155e+01
3.766790511574735945e+01,2.987219467021643737e+01
3.768791083166618705e+01,3.005616915614039186e+01
3.770791654758502887e+01,3.029742729739574969e+01
3.772792226350385647e+01,2.896849597064102255e+01
3.774792797942269829e+01,2.873137660416125527e+01
3.776793369534152589e+01,2.833308910791395263e+01
3.778793941126036060e+01,2.639418441802388315e+01
3.780794512717919531e+01,2.498228541576495232e+01
3.782795084309803002e+01,2.487538659223865167e+01
3.784795655901686473e+01,2.340962663892555895e+01
3.786796227493569234e+01,2.040471698314491888e+01
3.788796799085453415e+01,1.971729347843670865e+01
3.790797370677336176e+01,1.866697054520620114e+01
3.792797942269220357e+01,1.628249476628461068e+01
3.794798513861103118e+01,1.501591905653965142e+01
3.796799085452986589e+01,1.383202196752656654e+01
3.798799657044870060e+01,1.243501733391064157e+01
3.800800228636753531e+01,1.075805318214167805e+01
3.802800800228637002e+01,9.957092530142155340e+00
3.804801371820520473e+01,9.566665368942395276e+00
3.806801943412403944e+01,9.176574074690790894e+00
3.808802515004286704e+01,7.466422265758135168e+00
3.810803086596170886e+01,8.430343987901316893e+00
3.812803658188053646e+01,7.064797399148998736e+00
3.814804229779937117e+01,7.066781473648392264e+00
3.816804801371820588e+01,6.994637589513304832e+00
3.818805372963704059e+01,6.570542460947136121e+00
3.820805944555587530e+01,6.551763306001275211e+00
3.822806516147471001e+01,5.533871370184144212e+00
3.824807087739354472e+01,6.367910818191833577e+00
3.826807659331237232e+01,6.281820051520549342e+00
3.828808230923121414e+01,5.216284364804733897e+00
3.830808802515004174e+01,5.646194684829715982e+00
3.832809374106888356e+01,4.871923476701098821e+00
3.834809945698771116e+01,4.894750409005964364e+00
3.836810517290654587e+01,5.113061605677687638e+00
3.838811088882538058e+01,5.040234777807794941e+00
3.840811660474421529e+01,4.620700923027408535e+00
3.842812232066305000e+01,5.024618033059564226e+00
3.844812803658187761e+01,4.478024502987779876e+00
3.846813375250071942e+01,4.594098526000980343e+00
3.848813946841954703e+01,4.848636037826874023e+00
3.850814518433838884e+01,4.651986476638748869e+00
3.852815090025721645e+01,4.424314499891068841e+00
3.854815661617605116e+01,4.321959356126515495e+00
3.856816233209488587e+01,4.440580208789696393e+00
3.858816804801372058e+01,4.131542495519855862e+00
3.860817376393255529e+01,4.675725189211592081e+00
3.862817947985138289e+01,3.870645709417996905e+00
3.864818519577022471e+01,4.781893645279105876e+00
3.866819091168905231e+01,3.818767565945533793e+00
3.868819662760789413e+01,4.273301570634748359e+00
3.870820234352672173e+01,3.452660611277062586e+00
3.872820805944555644e+01,3.906833667861116854e+00
3.874821377536439115e+01,4.063832803398970128e+00
3.876821949128322586e+01,4.704923152511767626e+00
3.878822520720206057e+01,3.813916856731709437e+00
3.880823092312088818e+01,3.862827493435264437e+00
3.882823663903972999e+01,4.240679593391264213e+00
3.884824235495855760e+01,3.838594793782704073e+00
3.886824807087739941e+01,3.912836183880266994e+00
3.888825378679622702e+01,3.151140073263411612e+00
3.890825950271506173e+01,3.117886046215203599e+00
3.892826521863389644e+01,4.048448423269155327e+00
3.894827093455273115e+01,4.645367855818006042e+00
3.896827665047156586e+01,3.745915547971625514e+00
3.898828236639040057e+01,4.250766531577163221e+00
3.900828808230923528e+01,4.386228375419374714e+00
3.902829379822806288e+01,3.960114478568650842e+00
3.904829951414690470e+01,3.903908464583443205e+00
3.906830523006573230e+01,3.514184016890815165e+00
3.908831094598456701e+01,3.489499005608684534e+00
3.910831666190340172e+01,4.830900970151617457e+00
3.912832237782223643e+01,4.451755797377323631e+00
3.914832809374107114e+01,3.634212154408234863e+00
3.916833380965990585e+01,3.862597676232029542e+00
3.918833952557874056e+01,4.097024694465867256e+00
3.920834524149756817e+01,4.755685560796246492e+00
3.922835095741640998e+01,5.059612966844015958e+00
3.924835667333523759e+01,4.802253554432033944e+00
3.926836238925407940e+01,4.458855054523488626e+00
3.928836810517290701e+01,5.147251148731442072e+00
3.930837382109174172e+01,5.107980469138348134e+00
3.932837953701057643e+01,4.738437889105155953e+00
3.934838525292941114e+01,5.039481161186996516e+00
3.936839096884824585e+01,4.592418807866200048e+00
3.938839668476707345e+01,5.726313102309680048e+00
3.940840240068591527e+01,5.333245546747455101e+00
3.942840811660474287e+01,5.640629396838719778e+00
3.944841383252358469e+01,5.617504292933617194e+00
3.946841954844241229e+01,5.518376145011440137e+00
3.948842526436124700e+01,5.446264348641973285e+00
3.950843098028008171e+01,6.403065795132594218e+00
3.952843669619891642e+01,6.588537240453225863e+00
3.954844241211775113e+01,6.013067558169399085e+00
3.956844812803657874e+01,6.424262681345126680e+00
3.958845384395542055e+01,6.839480708174310308e+00
3.960845955987424816e+01,7.107325234039082673e+00
3.962846527579308997e+01,6.781092779801260129e+00
3.964847099171191758e+01,7.189364204509194778e+00
3.966847670763075229e+01,7.160035762479147081e+00
3.968848242354958700e+01,8.069378649642818147e+00
3.970848813946842171e+01,7.300987737208661343e+00
3.972849385538725642e+01,8.305043908784035978e+00
3.974849957130608402e+01,7.927754548051871630e+00
3.976850528722492584e+01,8.481039934294869909e+00
3.978851100314375344e+01,7.634338078775196657e+00
3.980851671906259526e+01,9.240699504383472984e+00
3.982852243498142286e+01,8.827385876439308277e+00
3.984852815090025757e+01,9.270547199160574792e+00
3.986853386681909228e+01,8.168234710471118376e+00
3.988853958273792699e+01,8.457117714679442955e+00
3.990854529865676170e+01,9.175188192840018075e+00
3.992855101457559641e+01,8.695265313833598242e+00
3.994855673049443112e+01,6.531630114827058797e+00
3.996856244641325873e+01,8.061337332678544243e+00
3.998856816233210054e+01,8.035213142976337153e+00
4.000857387825092815e+01,7.006742349039772222e+00
4.002857959416976286e+01,5.947746349464038573e+00
4.004858531008859757e+01,6.581208887303636956e+00
4.006859102600743228e+01,6.763502270888398726e+00
4.008859674192626699e+01,6.117655451509394382e+00
4.010860245784510170e+01,5.261989214937200288e+00
4.012860817376393641e+01,5.181976650477389867e+00
4.014861388968276401e+01,4.633533687101108356e+00
4.016861960560160583e+01,5.313817021146712172e+00
4.018862532152043343e+01,4.892680752883985740e+00
4.020863103743927525e+01,5.483855728619814407e+00
4.022863675335810285e+01,4.373928466294674244e+00
4.024864246927693756e+01,5.516317964879129399e+00
4.026864818519577227e+01,5.429846789289605624e+00
4.028865390111460698e+01,5.060379838518269224e+00
4.030865961703344169e+01,4.911382041882271565e+00
4.032866533295226930e+01,5.408105692292743072e+00
4.034867104887111111e+01,5.588350149280515211e+00
4.036867676478993872e+01,6.176096428367984892e+00
4.038868248070878053e+01,5.635589185916131783e+00
4.040868819662760814e+01,6.128784626423696480e+00
4.042869391254644285e+01,6.594875401148064142e+00
4.044869962846527756e+01,6.844557058461766985e+00
4.046870534438411227e+01,7.785468950192136361e+00
4.048871106030294698e+01,7.500627944567902716e+00
4.050871677622177458e+01,8.040526199730720691e+00
4.052872249214061640e+01,8.574699913124304018e+00
4.054872820805944400e+01,9.061822759323442611e+00
4.056873392397828582e+01,9.874436536668756759e+00
4.058873963989711342e+01,1.091504184297180124e+01
4.060874535581594813e+01,1.119611512430120293e+01
4.062875107173478284e+01,1.158861097658000539e+01
4.064875678765361755e+01,1.302568143692192493e+01
4.066876250357245226e+01,1.271577532559754431e+01
4.068876821949127986e+01,1.406245043457377086e+01
4.070877393541012168e+01,1.472822040353949369e+01
4.072877965132894929e+01,1.518139691851008344e+01
4.074878536724779110e+01,1.630613525592620050e+01
4.076879108316661871e+01,1.648359453247453388e+01
4.078879679908545342e+01,1.806258023695948367e+01
4.080880251500428813e+01,1.766057709007516507e+01
4.082880823092312284e+01,1.718400275114789721e+01
4.084881394684195755e+01,1.835042085354735519e+01
4.086881966276079226e+01,1.775758599467194188e+01
4.088882537867962697e+01,1.752368829482672652e+01
4.090883109459845457e+01,1.773405331729039247e+01
4.092883681051729639e+01,1.660353732575057961e+01
4.094884252643612399e+01,1.674785500375949709e+01
4.096884824235495870e+01,1.743303858508334514e+01
4.098885395827379341e+01,1.637203252187377345e+01
4.100885967419262812e+01,1.586397797984458791e+01
4.102886539011146283e+01,1.577536907960806190e+01
4.104887110603029754e+01,1.487977739273685351e+01
4.106887682194913225e+01,1.434970045922255366e+01
4.108888253786795985e+01,1.378026896336569962e+01
4.110888825378680167e+01,1.413906226798946619e+01
4.112889396970562927e+01,1.359111694031808426e+01
4.114889968562447109e+01,1.393918372804078132e+01
4.116890540154329869e+01,1.297920390411998426e+01
4.118891111746213340e+01,1.338083654088781316e+01
4.120891683338096811e+01,1.426740204040305926e+01
4.122892254929980282e+01,1.404399268774744236e+01
4.124892826521863753e+01,1.534240264463516112e+01
4.126893398113746514e+01,1.613799697352002838e+01
4.128893969705630695e+01,1.699563863237575134e+01
4.130894541297513456e+01,1.887292618822399604e+01
4.132895112889397637e+01,2.041130883691925391e+01
4.134895684481280398e+01,2.178814305299712828e+01
4.136896256073163869e+01,2.260260627441893533e+01
4.138896827665047340e+01,2.353199614040035925e+01
4.140897399256930811e+01,2.488075279632010961e+01
4.142897970848814282e+01,2.736614083290668376e+01
4.144898542440697042e+01,2.848144407865191141e+01
4.146899114032581224e+01,3.077404055203972533e+01
4.148899685624463984e+01,3.225120846868649238e+01
4.150900257216348166e+01,3.224336806809113654e+01
4.152900828808230926e+01,3.446883737502522393e+01
4.154901400400114397e+01,3.438366835856274406e+01
4.156901971991997868e+01,3.460952793857099152e+01
4.158902543583881339e+01,3.552055991728697393e+01
4.160903115175764810e+01,3.378460224673995071e+01
4.162903686767647571e+01,3.298598715515909419e+01
4.164904258359531752e+01,3.229031322713827024e+01
4.166904829951414513e+01,3.120769401809955923e+01
4.168905401543298694e+01,2.904175052832426474e+01
4.170905973135181455e+01,2.700334205980624347e+01
4.172906544727064926e+01,2.575483593833475027e+01
4.174907116318948397e+01,2.378579823313499020e+01
4.176907687910831868e+01,2.158715907386813626e+01
4.178908259502715339e+01,1.874311762564144956e+01
4.180908831094598810e+01,1.723882936535676436e+01
4.182909402686482281e+01,1.582539798151540289e+01
4.184909974278365041e+01,1.410422452821908479e+01
4.186910545870249223e+01,1.302769730076889942e+01
4.188911117462131983e+01,1.151638139469637778e+01
4.190911689054015454e+01,1.110262095074959632e+01
4.192912260645898925e+01,1.004225722549577782e+01
4.194912832237782396e+01,9.536341841404270880e+00
4.196913403829665867e+01,8.884434708882075427e+00
4.198913975421549338e+01,9.188733491009163146e+00
4.200914547013432809e+01,8.228882711582597764e+00
4.202915118605316280e+01,7.807388520300515999e+00
4.204915690197199041e+01,7.988989037654323333e+00
4.206916261789082512e+01,6.866688462676436622e+00
4.208916833380965983e+01,7.773038034494117454e+00
4.210917404972849454e+01,6.985987443317123180e+00
4.212917976564732925e+01,7.511480360619010810e+00
4.214918548156616396e+01,7.049870483829153933e+00
4.216919119748499867e+01,5.706134190166299192e+00
4.218919691340383338e+01,5.663087038015790498e+00
4.220920262932266809e+01,6.439607305533893822e+00
4.222920834524150280e+01,6.212143560069321779e+00
4.224921406116033040e+01,6.549730469078387074e+00
4.226921977707916511e+01,5.288457965274199424e+00
4.228922549299799982e+01,5.059863815731593384e+00
4.230923120891683453e+01,6.091773822846837660e+00
4.232923692483566924e+01,4.984312434611786635e+00
4.234924264075450395e+01,4.651674467102836275e+00
4.236924835667333866e+01,4.342265833598283109e+00
4.238925407259217337e+01,5.128429479458088025e+00
4.240925978851100808e+01,4.826744983462296190e+00
4.242926550442983569e+01,4.523365264167184208e+00
4.244927122034867040e+01,4.617612933974935885e+00
4.246927693626750511e+01,4.411421527881513427e+00
4.248928265218633982e+01,4.028888905135630694e+00
4.250928836810517453e+01,3.887622800789551469e+00
4.252929408402400924e+01,4.671282623030724501e+00
4.254929979994284395e+01,4.150041855648524347e+00
4.256930551586167866e+01,4.501551743044810650e+00
4.258931123178051337e+01,4.783307591943115611e+00
4.260931694769934097e+01,4.861098037599098198e+00
4.262932266361817568e+01,4.332543185107780914e+00
4.264932837953701039e+01,4.573465683712324648e+00
4.266933409545584510e+01,5.193958446651422811e+00
4.268933981137467981e+01,5.386718229442974959e+00
4.270934552729351452e+01,5.952328887882611497e+00
4.272935124321234923e+01,6.004334145342853368e+00
4.274935695913118394e+01,5.349588021436876062e+00
4.276936267505001865e+01,5.092373890674514847e+00
4.278936839096885336e+01,5.634510659282645051e+00
4.280937410688768097e+01,6.389229791265550240e+00
4.282937982280651568e+01,6.465924113882225654e+00
4.284938553872535039e+01,7.327637462989276429e+00
4.286939125464418510e+01,6.887055337923378318e+00
4.288939697056301981e+01,7.038166304971351650e+00
4.290940268648185452e+01,7.359798694101031380e+00
4.292940840240068923e+01,7.104408426630481443e+00
4.294941411831952394e+01,7.118332332578853006e+00
4.296941983423835865e+01,7.204798959334346442e+00
4.298942555015718625e+01,7.020151034152458891e+00
4.300943126607602096e+01,7.781315571679144227e+00
4.302943698199485567e+01,7.553651791332139709e+00
4.304944269791369038e+01,6.923103567551024184e+00
4.306944841383252509e+01,7.000834575357279377e+00
4.308945412975135980e+01,6.260827196352993340e+00
4.310945984567019451e+01,6.197581577684587728e+00
4.312946556158902922e+01,6.096796408117339361e+00
4.314947127750786393e+01,5.743030565467615034e+00
4.316947699342669864e+01,5.384716480374795111e+00
4.318948270934552625e+01,5.121297124686301494e+00
4.320948842526436096e+01,5.348005980568466100e+00
4.322949414118319567e+01,4.891597287719445575e+00
4.324949985710203038e+01,5.042669303433717332e+00
4.326950557302086509e+01,3.856000048524357737e+00
4.328951128893969980e+01,4.523241680749110039e+00
4.330951700485853451e+01,4.512151161704680113e+00
4.332952272077736922e+01,4.319259683448175124e+00
4.334952843669620393e+01,4.637156493509980493e+00
4.336953415261503153e+01,3.435789482546207640e+00
4.338953986853386624e+01,4.245042044946339743e+00
4.340954558445270095e+01,3.530360655618394183e+00
4.342955130037153566e+01,3.907524269002847550e+00
4.344955701629037037e+01,3.888437952501040407e+00
4.346956273220920508e+01,3.915867680140264984e+00
4.348956844812803979e+01,3.452888897024838588e+00
4.350957416404687450e+01,4.398250412771843365e+00
4.352957987996570921e+01,4.124246539435067582e+00
4.354958559588453681e+01,3.627979360984484369e+00
4.356959131180337153e+01,3.889027455276575118e+00
4.358959702772220624e+01,3.711024025359498157e+00
4.360960274364104095e+01,4.060900067979531514e+00
4.362960845955987566e+01,3.534952443864011862e+00
4.364961417547871037e+01,4.475242971519832302e+00
4.366961989139754508e+01,4.137282374131993734e+00
4.368962560731637979e+01,3.240026465970328395e+00
4.370963132323521450e+01,4.205276658822110214e+00
4.372963703915404921e+01,4.129302840838654731e+00
4.374964275507287681e+01,3.884862600892397211e+00
4.376964847099171152e+01,3.553311878184913564e+00
4.378965418691054623e+01,3.909216139813049384e+00
4.380965990282938094e+01,3.210129294221603313e+00
4.382966561874821565e+01,3.515147192124906894e+00
4.384967133466705036e+01,3.317009339037260141e+00
4.386967705058588507e+01,4.533047613245252627e+00
4.388968276650471978e+01,3.696552001069862481e+00
4.390968848242355449e+01,3.470960357426118748e+00
4.392969419834238209e+01,4.095523684014574783e+00
4.394969991426121680e+01,3.599161247222857796e+00
4.396970563018005151e+01,3.673161353254931427e+00
4.398971134609888622e+01,4.456539290323291880e+00
4.400971706201772093e+01,3.617047260513512441e+00
4.402972277793655564e+01,4.174707227904677964e+00
4.404972849385539035e+01,4.121186005420393705e+00
4.406973420977422506e+01,4.496200011956321241e+00
4.408973992569305977e+01,4.751700007522176250e+00
4.410974564161189448e+01,4.182127017191084484e+00
4.412975135753072209e+01,5.246685911694879856e+00
4.414975707344955680e+01,5.027270096076606798e+00
4.416976278936839151e+01,5.316956884659997939e+00
4.418976850528722622e+01,4.724254832629111611e+00
4.420977422120606093e+01,4.832308294366130852e+00
4.422977993712489564e+01,5.182793676401734828e+00
4.424978565304373035e+01,5.850575261912108083e+00
4.426979136896256506e+01,5.142137240901558215e+00
4.428979708488139977e+01,4.957015053739230126e+00
4.430980280080022737e+01,5.509618807836719867e+00
4.432980851671906208e+01,6.004918202726008403e+00
4.434981423263789679e+01,4.897845898741220338e+00
4.436981994855673150e+01,6.088333470193843411e+00
4.438982566447556621e+01,5.540281351769877460e+00
4.440983138039440092e+01,5.630499178424483553e+00
4.442983709631323563e+01,5.576127763131801807e+00
4.444984281223207034e+01,5.969607032133799507e+00
4.446984852815090505e+01,5.220274606792830951e+00
4.448985424406973266e+01,5.742510143863251315e+00
4.450985995998856737e+01,6.040130486855171732e+00
4.452986567590740208e+01,6.309360374354014311e+00
4.454987139182623679e+01,6.853280138299234991e+00
4.456987710774507150e+01,6.290279322080739810e+00
4.458988282366390621e+01,6.631789568702725290e+00
4.460988853958274092e+01,6.872210290888289386e+00
4.462989425550157563e+01,7.346525930788198266e+00
4.464989997142041034e+01,8.447957432758745000e+00
4.466990568733924505e+01,8.054759917120600576e+00
4.468991140325807265e+01,8.623188547333942466e+00
4.470991711917690736e+01,8.785171993498426701e+00
4.472992283509574207e+01,9.018347475473712294e+00
4.474992855101457678e+01,9.422612495989788783e+00
4.476993426693341149e+01,9.471322204884256024e+00
4.478993998285224620e+01,1.043855419354300729e+01
4.480994569877108091e+01,1.045954555476255265e+01
4.482995141468991562e+01,1.061135055394169413e+01
4.484995713060875033e+01,1.097042745442752576e+01
4.486996284652757794e+01,1.114592602314825953e+01
4.488996856244641265e+01,1.147181147153087721e+01
4.490997427836524736e+01,1.051523020386318485e+01
4.492997999428408207e+01,1.011336327230051246e+01
4.494998571020291678e+01,1.099593681431743875e+01
4.496999142612175149e+01,9.968222686504912389e+00
4.498999714204058620e+01,9.957055673978146615e+00
4.501000285795942091e+01,9.597880890278892352e+00
4.503000857387825562e+01,9.622384057694581827e+00
4.505001428979709033e+01,8.951641822619702538e+00
4.507002000571591793e+01,8.329585606085425198e+00
4.509002572163475264e+01,7.671970678775947405e+00
4.511003143755358735e+01,7.502644928095865140e+00
4.513003715347242206e+01,7.106360165282836761e+00
4.515004286939125677e+01,7.121968349615847238e+00
4.517004858531009148e+01,6.524101790235667053e+00
4.519005430122892619e+01,5.907945596282756284e+00
4.521006001714776090e+01,5.369819943934958317e+00
4.523006573306659561e+01,5.754883746782976317e+00
4.525007144898542322e+01,5.033601327383986579e+00
4.527007716490425793e+01,4.789679067510576260e+00
4.529008288082309264e+01,4.242528733446451206e+00
4.531008859674192735e+01,4.540361248900877555e+00
4.533009431266076206e+01,4.319936036846035776e+00
4.535010002857959677e+01,4.410096435564984318e+00
4.537010574449843148e+01,4.545434921694622155e+00
4.539011146041726619e+01,4.623002754423819027e+00
4.541011717633610090e+01,5.095062084835904059e+00
4.543012289225492850e+01,5.080289849314852724e+00
4.545012860817376321e+01,4.407640316313528928e+00
4.547013432409259792e+01,4.265506986067325812e+00
4.549014004001143263e+01,4.721935997137261865e+00
4.551014575593026734e+01,5.139738176299093020e+00
4.553015147184910205e+01,5.096635632888079748e+00
4.555015718776793676e+01,4.458610672441317035e+00
4.557016290368677147e+01,4.631154522455013023e+00
4.559016861960560618e+01,5.208506211983856105e+00
4.561017433552444089e+01,6.000386652059462200e+00
4.563018005144326850e+01,5.590290144956621354e+00
4.565018576736210321e+01,5.746207014080491504e+00
4.567019148328093792e+01,5.477391940903460821e+00
4.569019719919977263e+01,5.365240865306986962e+00
4.571020291511860734e+01,6.232092313823501151e+00
4.573020863103744205e+01,5.880112807668471220e+00
4.575021434695627676e+01,6.496857582644580908e+00
4.577022006287511147e+01,7.248122461670092775e+00
4.579022577879394618e+01,6.843271251824972978e+00
4.581023149471277378e+01,6.789844026700754043e+00
4.583023721063160849e+01,7.682785333913177084e+00
4.585024292655044320e+01,8.094308565480043072e+00
4.587024864246927791e+01,7.482700715542638825e+00
4.589025435838811262e+01,7.756531463362872358e+00
4.591026007430694733e+01,8.131152008004319143e+00
4.593026579022578204e+01,8.823571900558080827e+00
4.595027150614461675e+01,7.948861027347837727e+00
4.597027722206345146e+01,7.792015977737429822e+00
4.599028293798228617e+01,7.854861412210023985e+00
4.601028865390111378e+01,8.086152532528785741e+00
4.603029436981994849e+01,7.842877624204942499e+00
4.605030008573878320e+01,7.307728281814254601e+00
4.607030580165761791e+01,7.461470912734177396e+00
4.609031151757645262e+01,7.700316915939624529e+00
4.611031723349528733e+01,6.253003254209336781e+00
4.613032294941412204e+01,6.325776557191732152e+00
4.615032866533295675e+01,5.573634888915788288e+00
4.617033438125179146e+01,6.092295167669949052e+00
4.619034009717061906e+01,5.871918708492898986e+00
4.621034581308945377e+01,6.119395591178344418e+00
4.623035152900828848e+01,5.987327099597234081e+00
4.625035724492712319e+01,5.299771702193767808e+00
4.627036296084595790e+01,4.660761696622029326e+00
4.629036867676479261e+01,5.271335606701421206e+00
4.631037439268362732e+01,5.199087223488407794e+00
4.633038010860246203e+01,4.586171242676850390e+00
4.635038582452129674e+01,4.485009597175772633e+00
4.637039154044012434e+01,4.294617990456172762e+00
4.639039725635895905e+01,4.591602067558223865e+00
4.641040297227779376e+01,3.831828948677982183e+00
4.643040868819662847e+01,4.023562753649468249e+00
4.645041440411546319e+01,4.005029006341139564e+00
4.647042012003429790e+01,3.749222642999238353e+00
4.649042583595313261e+01,3.698074933680222554e+00
4.651043155187196732e+01,3.185508038964318889e+00
4.653043726779080203e+01,3.880237098217858005e+00
4.655044298370963674e+01,3.796321619001622238e+00
4.657044869962846434e+01,4.266831413500176140e+00
4.659045441554729905e+01,4.429436913838468826e+00
4.661046013146613376e+01,4.042100478146246623e+00
4.663046584738496847e+01,4.829320965893134421e+00
4.665047156330380318e+01,3.958696092731420091e+00
4.667047727922263789e+01,4.396643422388507361e+00
4.669048299514147260e+01,4.353242096673755057e+00
4.671048871106030731e+01,3.870929092739372912e+00
4.673049442697914202e+01,3.571958399704862064e+00
4.675050014289796962e+01,4.561381412364599264e+00
4.677050585881680433e+01,4.871711644045700673e+00
4.679051157473563904e+01,4.624127733210935176e+00
4.681051729065447375e+01,4.549970845302360622e+00
4.683052300657330846e+01,4.529425963385762088e+00
4.685052872249214317e+01,4.729449946223732937e+00
4.687053443841097788e+01,5.571872586883722889e+00
4.689054015432981259e+01,5.781763313250924519e+00
4.691054587024864730e+01,5.423176774186146076e+00
4.693055158616748201e+01,6.002819433346571643e+00
4.695055730208630962e+01,6.615849204739720157e+00
4.697056301800514433e+01,7.665674175193760931e+00
4.699056873392397904e+01,7.614248258768988364e+00
4.701057444984281375e+01,8.563704481756641229e+00
4.703058016576164846e+01,9.120426461689485009e+00
4.705058588168048317e+01,8.393660664039966690e+00
4.707059159759931788e+01,1.022797701457798425e+01
4.709059731351815259e+01,1.060261353433613429e+01
4.711060302943698730e+01,1.147682298066801465e+01
4.713060874535581490e+01,1.146270294306996895e+01
4.715061446127464961e+01,1.247148923867388781e+01
4.717062017719348432e+01,1.282272422160029812e+01
4.719062589311231903e+01,1.393539278263606995e+01
4.721063160903115374e+01,1.486823027749531789e+01
4.723063732494998845e+01,1.490016860119235709e+01
4.725064304086882316e+01,1.588210743720477325e+01
4.727064875678765787e+01,1.597472187274169642e+01
4.729065447270649258e+01,1.539314459433738413e+01
4.731066018862532019e+01,1.544366834436231883e+01
4.733066590454415490e+01,1.520443136172890064e+01
4.735067162046298961e+01,1.472692046871811833e+01
4.737067733638182432e+01,1.470782238468419756e+01
4.739068305230065903e+01,1.533213167420297651e+01
4.741068876821949374e+01,1.386877521240139899e+01
4.743069448413832845e+01,1.417264052784123862e+01
4.745070020005716316e+01,1.347653188401632818e+01
4.747070591597599787e+01,1.298070176002500631e+01
4.749071163189483258e+01,1.243584761170367159e+01
4.751071734781366018e+01,1.156310046128000835e+01
4.753072306373249489e+01,1.103359045039004016e+01
4.755072877965132960e+01,9.865066655980635701e+00
4.757073449557016431e+01,8.933952282334090000e+00
4.759074021148899902e+01,9.356174307925080313e+00
4.761074592740783373e+01,8.484619931437991980e+00
4.763075164332666844e+01,8.073053530030950498e+00
4.765075735924550315e+01,7.585549528591418955e+00
4.767076307516433786e+01,7.917773398208157509e+00
4.769076879108316547e+01,8.079805194602448282e+00
4.771077450700200018e+01,8.535501326203181804e+00
4.773078022292083489e+01,9.137057570474603096e+00
4.775078593883966960e+01,9.523781687725508149e+00
4.777079165475850431e+01,1.030852709680910095e+01
4.779079737067733902e+01,1.068300744253891565e+01
4.781080308659617373e+01,1.147347309264970860e+01
4.783080880251500844e+01,1.232394416379028890e+01
4.785081451843384315e+01,1.375094642622627994e+01
4.787082023435267075e+01,1.400044283159321878e+01
4.789082595027150546e+01,1.502069150884405602e+01
4.791083166619034017e+01,1.668631056458634632e+01
4.793083738210917488e+01,1.784490024330916924e+01
4.795084309802800959e+01,1.939450045959961244e+01
4.797084881394684430e+01,1.994878554645373825e+01
4.799085452986567901e+01,2.119843887405012595e+01
4.801086024578451372e+01,2.281027494495241470e+01
4.803086596170334843e+01,2.312698558964569528e+01
4.805087167762218314e+01,2.379662987806388230e+01
4.807087739354101075e+01,2.522387852247601359e+01
4.809088310945984546e+01,2.511138698173800421e+01
4.811088882537868017e+01,2.587050423073195304e+01
4.813089454129751488e+01,2.602998497802406064e+01
4.815090025721634959e+01,2.533657628959975838e+01
4.817090597313518430e+01,2.492519766249678170e+01
4.819091168905401901e+01,2.475328799619488507e+01
4.821091740497285372e+01,2.386365871564096253e+01
4.823092312089168843e+01,2.375851060316955454e+01
4.825092883681051603e+01,2.188328622262169176e+01
4.827093455272935074e+01,2.194201764814089728e+01
4.829094026864818545e+01,2.111407069250716972e+01
4.831094598456702016e+01,2.035889502479075830e+01
4.833095170048585487e+01,2.050052668839951764e+01
4.835095741640468958e+01,1.884525898350799977e+01
4.837096313232352429e+01,1.828011116680277226e+01
4.839096884824235900e+01,1.877545313543663497e+01
4.841097456416119371e+01,1.805559348454057655e+01
4.843098028008002842e+01,1.943393479044223682e+01
4.845098599599885603e+01,1.917583207206968865e+01
4.847099171191769074e+01,1.884801920036857936e+01
4.849099742783652545e+01,1.877654413001359757e+01
4.851100314375536016e+01,2.020803946628403480e+01
4.853100885967419487e+01,2.068925823221360005e+01
4.855101457559302958e+01,2.105292040619507077e+01
4.857102029151186429e+01,2.179773218246474897e+01
4.859102600743069900e+01,2.251843270528574692e+01
4.861103172334953371e+01,2.211049460101332897e+01
4.863103743926836131e+01,2.240110572422569390e+01
4.865104315518719602e+01,2.306970396700055659e+01
4.867104887110603073e+01,2.323686687435052534e+01
4.869105458702486544e+01,2.339692909813820165e+01
4.871106030294370015e+01,2.245626130530152409e+01
4.873106601886253486e+01,2.295104844425893376e+01
4.875107173478136957e+01,2.161998541183914568e+01
4.877107745070020428e+01,2.098494812524783271e+01
4.879108316661903899e+01,2.093614534967012375e+01
4.881108888253786660e+01,2.024580403879431856e+01
4.883109459845670131e+01,1.955617570630042223e+01
4.885110031437553602e+01,1.809564686131699673e+01
4.887110603029437073e+01,1.768819409791120734e+01
4.889111174621320544e+01,1.585399998638349928e+01
4.891111746213204015e+01,1.488356666649544380e+01
4.893112317805087486e+01,1.468929543595579901e+01
4.895112889396970957e+01,1.261740151832260537e+01
4.897113460988854428e+01,1.250742595926424272e+01
4.899114032580737899e+01,1.219021058002676305e+01
4.901114604172620659e+01,1.146299029097698075e+01
4.903115175764504130e+01,1.078415672542765336e+01
4.905115747356387601e+01,1.143257915295247784e+01
4.907116318948271072e+01,1.099776974956093767e+01
4.909116890540154543e+01,1.122795536868453681e+01
4.911117462132038014e+01,1.190736961053133314e+01
4.913118033723921485e+01,1.179184288131506619e+01
4.915118605315804956e+01,1.186504902232264413e+01
4.917119176907688427e+01,1.162444213657759562e+01
4.919119748499571187e+01,1.284066764169999963e+01
4.921120320091454658e+01,1.339395139895344400e+01
4.923120891683338129e+01,1.392664652917584966e+01
4.925121463275221600e+01,1.440503573458058462e+01
4.927122034867105071e+01,1.528160057007700701e+01
4.929122606458988542e+01,1.572139675715605378e+01
4.931123178050872014e+01,1.634660817107521069e+01
4.933123749642755485e+01,1.698119842228839360e+01
4.935124321234638956e+01,1.671950265890338727e+01
4.937124892826522427e+01,1.738550047383789021e+01
4.939125464418405187e+01,1.711793211091340083e+01
4.941126036010288658e+01,1.741138009513070983e+01
4.943126607602172129e+01,1.712348202370139205e+01
4.945127179194055600e+01,1.653957975297394611e+01
4.947127750785939071e+01,1.578046385682237762e+01
4.949128322377822542e+01,1.567402572889442247e+01
4.951128893969706013e+01,1.516010058933893134e+01
4.953129465561589484e+01,1.344715129297264156e+01
4.955130037153472955e+01,1.348454523001150562e+01
4.957130608745355715e+01,1.259773800728894955e+01
4.959131180337239186e+01,1.157558239189497229e+01
4.961131751929122657e+01,9.795994952827424385e+00
4.963132323521006128e+01,9.631743291665262774e+00
4.965132895112889599e+01,8.950752024008032492e+00
4.967133466704773070e+01,8.403110498147235319e+00
4.969134038296656541e+01,8.331698337343972582e+00
4.971134609888540012e+01,7.739655357115019285e+00
4.973135181480423483e+01,7.088566626389265046e+00
4.975135753072306244e+01,7.746322482693020817e+00
4.977136324664189715e+01,6.831901991172895094e+00
4.979136896256073186e+01,7.515419924219283843e+00
4.981137467847956657e+01,6.705255101647132676e+00
4.983138039439840128e+01,7.267848463987387930e+00
4.985138611031723599e+01,6.792101351179363533e+00
4.987139182623607070e+01,7.153103585803984643e+00
4.989139754215490541e+01,7.571089675445259459e+00
4.991140325807374012e+01,7.331108748946476794e+00
4.993140897399257483e+01,7.979280771995577837e+00
4.995141468991140243e+01,8.953973071757715729e+00
4.997142040583023714e+01,8.571796004149810244e+00
4.999142612174907185e+01,8.774122453200238425e+00
5.001143183766790656e+01,8.581042117794542179e+00
5.003143755358674127e+01,9.198178606652499312e+00
5.005144326950557598e+01,9.862421878735640135e+00
5.007144898542441069e+01,9.436465982278349429e+00
5.009145470134324540e+01,9.143286044166728743e+00
5.011146041726208011e+01,9.643456848560726158e+00
5.013146613318090772e+01,9.893392169572479133e+00
5.015147184909974243e+01,9.398315751308201627e+00
5.017147756501857714e+01,9.727835484878788463e+00
5.019148328093741185e+01,9.318559384337573803e+00
5.021148899685624656e+01,8.684384312320043264e+00
5.023149471277508127e+01,7.959689647251298794e+00
5.025150042869391598e+01,8.036878709570935087e+00
5.027150614461275069e+01,8.243514335289365391e+00
5.029151186053158540e+01,7.883347040407514328e+00
5.031151757645042011e+01,8.060959232276553976e+00
5.033152329236924771e+01,7.498511008114148169e+00
5.035152900828808242e+01,7.020425770052231229e+00
5.037153472420691713e+01,7.304844868900993049e+00
5.039154044012575184e+01,6.733141559742030324e+00
5.041154615604458655e+01,7.289650938033056526e+00
5.043155187196342126e+01,5.303256476058065161e+00
5.045155758788225597e+01,6.192361919222564737e+00
5.047156330380109068e+01,5.227593333013576427e+00
5.049156901971992539e+01,5.446342668360060202e+00
5.051157473563875300e+01,5.400445478492496676e+00
5.053158045155758771e+01,5.594807986999050797e+00
5.055158616747642242e+01,5.040240401453382368e+00
5.057159188339525713e+01,5.236832493420431334e+00
5.059159759931409184e+01,5.194888499409740845e+00
5.061160331523292655e+01,5.027191652136018263e+00
5.063160903115176126e+01,5.117086570747475527e+00
5.065161474707059597e+01,5.685962221493463531e+00
5.067162046298943068e+01,5.360476138550266612e+00
5.069162617890825828e+01,4.496631300574174261e+00
5.071163189482709299e+01,5.292136539289253427e+00
5.073163761074592770e+01,5.717720584288050745e+00
5.075164332666476241e+01,5.855605538020039802e+00
5.077164904258359712e+01,6.528765242134337399e+00
5.079165475850243183e+01,5.642672669597834201e+00
5.081166047442126654e+01,7.371676368370218668e+00
5.083166619034010125e+01,7.411130603745544221e+00
5.085167190625893596e+01,8.045743151746556521e+00
5.087167762217777067e+01,8.797981286570006887e+00
5.089168333809659828e+01,8.221285698774719819e+00
5.091168905401543299e+01,9.744326515500510766e+00
5.093169476993426770e+01,1.000685392827801223e+01
5.095170048585310241e+01,1.109774300763938371e+01
5.097170620177193712e+01,1.108170922066423003e+01
5.099171191769077183e+01,1.170003807510533989e+01
5.101171763360960654e+01,1.169455710865054421e+01
5.103172334952844125e+01,1.237675522743788648e+01
5.105172906544727596e+01,1.252835009172419944e+01
5.107173478136610356e+01,1.429717309252030333e+01
5.109174049728493827e+01,1.361421518809376252e+01
5.111174621320377298e+01,1.497264115996923195e+01
5.113175192912260769e+01,1.449202297996320254e+01
5.115175764504144240e+01,1.562982670859227596e+01
5.117176336096027711e+01,1.591715796620549028e+01
5.119176907687911182e+01,1.654035561297329693e+01
5.121177479279794653e+01,1.618924883418528893e+01
5.123178050871678124e+01,1.677522054080070291e+01
5.125178622463561595e+01,1.775350209678679292e+01
5.127179194055444356e+01,1.808667619171399465e+01
5.129179765647327827e+01,1.823281870949689676e+01
5.131180337239211298e+01,1.830026852866086529e+01
5.133180908831094769e+01,1.811804327047818930e+01
5.135181480422978240e+01,1.937050877979601893e+01
5.137182052014861711e+01,1.878201247354706283e+01
5.139182623606745182e+01,1.916357058398836699e+01
5.141183195198628653e+01,1.870833894706438727e+01
5.143183766790512124e+01,1.836752251169145822e+01
5.145184338382394884e+01,1.839937073240162135e+01
5.147184909974278355e+01,1.903140668795089141e+01
5.149185481566161826e+01,1.869921234415842548e+01
5.151186053158045297e+01,1.829114432704306381e+01
5.153186624749928768e+01,1.840870029028164723e+01
5.155187196341812239e+01,1.774157148270955275e+01
5.157187767933695710e+01,1.790247621262086142e+01
5.159188339525579181e+01,1.734018012625792338e+01
5.161188911117462652e+01,1.762203076921790057e+01
5.163189482709345413e+01,1.688276265638329932e+01
5.165190054301228884e+01,1.568499383393267088e+01
5.167190625893112355e+01,1.504513770889210278e+01
5.169191197484995826e+01,1.385284565011289892e+01
5.171191769076879297e+01,1.328670053197004819e+01
5.173192340668762768e+01,1.218401840478085063e+01
5.175192912260646239e+01,1.063671474052837951e+01
5.177193483852529710e+01,1.028815647476469763e+01
5.179194055444413181e+01,9.274172003166341938e+00
5.181194627036296652e+01,8.882490676305582866e+00
5.183195198628179412e+01,6.918425985020558500e+00
5.185195770220062883e+01,6.685886826912755154e+00
5.187196341811946354e+01,6.066105880685136675e+00
5.189196913403829825e+01,5.258606388021072497e+00
5.191197484995713296e+01,5.045609450471438606e+00
5.193198056587596767e+01,5.287646656950304447e+00
5.195198628179480238e+01,4.948990674655094679e+00
5.197199199771363709e+01,4.119424807822189116e+00
5.199199771363247180e+01,3.796308931550038235e+00
5.201200342955129940e+01,4.301093480181289230e+00
5.203200914547013411e+01,4.869635226183036458e+00
5.205201486138896882e+01,4.418648084314420466e+00
5.207202057730780353e+01,4.301036527411538302e+00
5.209202629322663824e+01,4.191166290910242509e+00
5.211203200914547295e+01,3.267603579821482640e+00
5.213203772506430766e+01,3.788182206542359154e+00
5.215204344098314237e+01,4.369224439848322206e+00
5.217204915690197708e+01,3.361234788884033264e+00
5.219205487282081180e+01,4.566856491137774476e+00
5.221206058873963940e+01,3.992880748805401225e+00
5.223206630465847411e+01,3.528362138580203311e+00
5.225207202057730882e+01,4.415682266844036974e+00
5.227207773649614353e+01,3.612507537450117212e+00
5.229208345241497824e+01,4.601395804223873398e+00
5.231208916833381295e+01,3.755469284851622458e+00
5.233209488425264766e+01,4.105102086453063848e+00
5.235210060017148237e+01,4.879856996509233547e+00
5.237210631609031708e+01,3.993036897180496592e+00
5.239211203200914468e+01,3.200994599828518083e+00
5.241211774792797939e+01,4.402970810237805566e+00
5.243212346384681410e+01,4.036873311581732793e+00
5.245212917976564881e+01,4.912812948506804389e+00
5.247213489568448352e+01,4.355804224751749665e+00
5.249214061160331823e+01,3.555359919394020629e+00
5.251214632752215294e+01,3.951692272617034263e+00
5.253215204344098765e+01,4.481825000877949883e+00
5.255215775935982236e+01,5.005328424521116482e+00
5.257216347527864997e+01,4.557713103174524605e+00
5.259216919119748468e+01,4.791561257094834936e+00
5.261217490711631939e+01,5.050924956910242791e+00
5.263218062303515410e+01,4.256734064601054968e+00
5.265218633895398881e+01,5.313853586999455203e+00
5.267219205487282352e+01,5.036277941482413034e+00
5.269219777079165823e+01,5.562732958190547805e+00
5.271220348671049294e+01,5.520932840432081434e+00
5.273220920262932765e+01,4.439031939683094841e+00
5.275221491854816236e+01,5.506592531187876283e+00
5.277222063446698996e+01,4.835856331447134338e+00
5.279222635038582467e+01,5.370277053427683356e+00
5.281223206630465938e+01,5.541564903689423005e+00
5.283223778222349409e+01,5.705474735562169997e+00
5.285224349814232880e+01,5.432593891948434006e+00
5.287224921406116351e+01,6.245405586857460278e+00
5.289225492997999822e+01,5.669081031642726032e+00
5.291226064589883293e+01,5.886763577303263162e+00
5.293226636181766764e+01,6.429058714215488912e+00
5.295227207773649525e+01,6.402620727985100402e+00
5.297227779365532996e+01,6.585757250373845295e+00
5.299228350957416467e+01,5.922229315789826032e+00
5.301228922549299938e+01,5.250784184833637624e+00
5.303229494141183409e+01,6.042673442087657776e+00
5.305230065733066880e+01,5.853042677006222938e+00
5.307230637324950351e+01,5.072677245331406404e+00
5.309231208916833822e+01,5.260541732785068092e+00
5.311231780508717293e+01,5.086941308462983535e+00
5.313232352100600764e+01,5.947402854808402139e+00
5.315232923692483524e+01,5.932858831244423925e+00
5.317233495284366995e+01,4.893136906158932042e+00
5.319234066876250466e+01,4.888091657974195314e+00
5.321234638468133937e+01,5.392836488613184542e+00
5.323235210060017408e+01,4.835591227837728212e+00
5.325235781651900879e+01,4.178262176563512398e+00
5.327236353243784350e+01,3.976647853948288791e+00
5.329236924835667821e+01,4.681114744146631423e+00
5.331237496427551292e+01,3.342773972807957961e+00
5.333238068019434053e+01,4.122812738051378822e+00
5.335238639611317524e+01,4.414904517951241836e+00
5.337239211203200995e+01,4.658124427111799193e+00
5.339239782795084466e+01,4.208995778681533295e+00
5.341240354386967937e+01,4.448604624856093537e+00
5.343240925978851408e+01,4.293696648101593460e+00
5.345241497570734879e+01,4.763545952079843104e+00
5.347242069162618350e+01,5.028340634064631942e+00
5.349242640754501821e+01,3.671773498710456884e+00
5.351243212346384581e+01,4.118907695661880197e+00
5.353243783938268052e+01,4.189704439980385331e+00
5.355244355530151523e+01,4.797567731478368458e+00
5.357244927122034994e+01,4.803145035572024213e+00
5.359245498713918465e+01,4.380384800288132041e+00
5.361246070305801936e+01,5.109378378436429280e+00
5.363246641897685407e+01,5.512043103818946577e+00
5.365247213489568878e+01,6.232969280946644375e+00
5.367247785081452349e+01,6.272085632703368496e+00
5.369248356673335820e+01,6.758805264209597041e+00
5.371248928265218581e+01,6.760383072810317806e+00
5.373249499857102052e+01,6.770024599325008552e+00
5.375250071448985523e+01,7.863892977698890618e+00
5.377250643040868994e+01,8.414926120051202219e+00
5.379251214632752465e+01,8.937626374046091726e+00
5.381251786224635936e+01,9.486967346358269992e+00
5.383252357816519407e+01,8.932250672721854912e+00
5.385252929408402878e+01,9.398556856239041579e+00
5.387253501000286349e+01,9.751851386787770082e+00
5.389254072592169109e+01,1.086739270143537439e+01
5.391254644184052580e+01,1.120072533479722132e+01
5.393255215775936051e+01,1.161273416093352218e+01
5.395255787367819522e+01,1.087910813077737515e+01
5.397256358959702993e+01,1.090951364040403782e+01
5.399256930551586464e+01,1.195766045664131738e+01
5.401257502143469935e+01,1.096500296922095430e+01
5.403258073735353406e+01,1.108851288476764374e+01
5.405258645327236877e+01,1.045202239195933558e+01
5.407259216919120348e+01,9.812318779808252955e+00
5.409259788511003109e+01,1.002677764222469747e+01
5.411260360102886580e+01,8.976773330018437136e+00
5.413260931694770051e+01,9.542572184582098771e+00
5.415261503286653522e+01,7.677854389685916381e+00
5.417262074878536993e+01,7.637985261037152362e+00
5.419262646470420464e+01,6.900179833188593292e+00
5.421263218062303935e+01,6.796308722056555673e+00
5.423263789654187406e+01,6.448858868392507659e+00
5.425264361246070877e+01,5.997288720362923264e+00
5.427264932837953637e+01,6.182833967387917795e+00
5.429265504429837108e+01,5.633167996213122919e+00
5.431266076021720579e+01,5.641448835729240940e+00
5.433266647613604050e+01,5.135477134384353270e+00
5.435267219205487521e+01,4.902769791365525265e+00
5.437267790797370992e+01,4.294610316044400022e+00
5.439268362389254463e+01,5.004280513382195039e+00
5.441268933981137934e+01,4.610292609316429591e+00
5.443269505573021405e+01,4.680800668174538437e+00
5.445270077164904166e+01,4.324473963934697629e+00
5.447270648756787637e+01,4.391371421419975718e+00
5.449271220348671108e+01,4.953912963700855876e+00
5.451271791940554579e+01,3.994669833286638827e+00
5.453272363532438050e+01,4.593975604294364246e+00
5.455272935124321521e+01,4.638981656707286128e+00
5.457273506716204992e+01,4.223636307343014096e+00
5.459274078308088463e+01,4.491945751979236512e+00
5.461274649899971934e+01,4.437878113749013309e+00
5.463275221491855405e+01,4.320923735573706459e+00
5.465275793083738165e+01,4.916185272660974270e+00
5.467276364675621636e+01,5.093707987679326088e+00
5.469276936267505107e+01,4.534932455588987388e+00
5.471277507859388578e+01,5.356380357900901501e+00
5.473278079451272049e+01,4.776995255868271784e+00
5.475278651043155520e+01,4.998888345541120160e+00
5.477279222635038991e+01,6.607511343548764238e+00
5.479279794226922462e+01,5.630566853252621407e+00
5.481280365818805933e+01,7.154816312019473656e+00
5.483280937410688693e+01,6.985431411441412664e+00
5.485281509002572164e+01,7.193289501716574108e+00
5.487282080594455635e+01,7.790307067358775761e+00
5.489282652186339106e+01,7.794857440798303116e+00
5.491283223778222577e+01,7.961325678857532395e+00
5.493283795370106048e+01,9.282891401819041377e+00
5.495284366961989519e+01,9.224286414958536184e+00
5.497284938553872990e+01,9.689764413509720953e+00
5.499285510145756461e+01,9.634786621985384159e+00
5.501286081737639222e+01,1.073482792467437363e+01
5.503286653329522693e+01,9.429917189674998923e+00
5.505287224921406164e+01,1.011816763509489370e+01
5.507287796513289635e+01,1.114391225981352207e+01
5.509288368105173106e+01,9.904808421042968547e+00
5.511288939697056577e+01,9.771278202865154583e+00
5.513289511288940048e+01,9.114655818835037948e+00
5.515290082880823519e+01,9.240489277543135316e+00
5.517290654472706990e+01,8.482460249631564864e+00
5.519291226064590461e+01,8.947521349675861657e+00
5.521291797656473221e+01,7.754015453272730340e+00
5.523292369248356692e+01,7.951808481433094933e+00
5.525292940840240163e+01,7.875974027596258864e+00
5.527293512432123634e+01,6.868431268184997052e+00
5.529294084024007105e+01,6.980777597605460905e+00
5.531294655615890576e+01,6.448897765305114937e+00
5.533295227207774047e+01,6.443004534973636233e+00
5.535295798799657518e+01,6.711530558235637045e+00
5.537296370391540989e+01,7.122374396738640812e+00
5.539296941983423750e+01,6.509689262537536436e+00
5.541297513575307221e+01,6.676648626445500057e+00
5.543298085167190692e+01,7.016122843910673978e+00
5.545298656759074163e+01,7.329640014426635375e+00
5.547299228350957634e+01,7.218997843695558636e+00
5.549299799942841105e+01,7.575540977686110011e+00
5.551300371534724576e+01,8.405112648348854520e+00
5.553300943126608047e+01,8.827056029781743973e+00
5.555301514718491518e+01,9.168554163015759428e+00
5.557302086310374989e+01,9.312390651514425244e+00
5.559302657902257749e+01,9.401990661644649805e+00
5.561303229494141220e+01,9.555166319273880049e+00
5.563303801086024691e+01,1.005370078127500122e+01
5.565304372677908162e+01,9.791516710373718624e+00
5.567304944269791633e+01,9.874388649601756995e+00
5.569305515861675104e+01,1.021751150926891505e+01
5.571306087453558575e+01,1.122496566703986431e+01
5.573306659045442046e+01,1.071390425747597419e+01
5.575307230637325517e+01,1.026922330316269871e+01
5.577307802229208278e+01,1.161808008988861118e+01
5.579308373821091749e+01,1.102482797894989375e+01
5.581308945412975220e+01,1.052430455537179199e+01
5.583309517004858691e+01,1.078163764410819603e+01
5.585310088596742162e+01,1.102314010742561656e+01
5.587310660188625633e+01,1.031194990024478564e+01
5.589311231780509104e+01,1.082768127003367198e+01
5.591311803372392575e+01,1.046437652346723013e+01
5.593312374964276046e+01,1.023295732337109776e+01
5.595312946556158806e+01,1.016917925012586466e+01
5.597313518148042277e+01,9.457274279005169149e+00
5.599314089739925748e+01,9.606351588364253402e+00
5.601314661331809219e+01,9.145574591938531839e+00
5.603315232923692690e+01,8.889366186892482702e+00
5.605315804515576161e+01,8.885622431082344619e+00
5.607316376107459632e+01,9.131131124035722024e+00
5.609316947699343103e+01,9.226878233871776303e+00
5.611317519291226574e+01,9.383995722689668639e+00
5.613318090883110045e+01,9.953962816353575604e+00
5.615318662474992806e+01,1.024223713831919547e+01
5.617319234066876277e+01,1.004426353795108184e+01
5.619319805658759748e+01,1.019330240013988664e+01
5.621320377250643219e+01,1.077831342140436632e+01
5.623320948842526690e+01,1.185249674808559206e+01
5.625321520434410161e+01,1.152794842563202948e+01
5.627322092026293632e+01,1.201045097887524804e+01
5.629322663618177103e+01,1.237813720895060143e+01
5.631323235210060574e+01,1.275219188688297578e+01
5.633323806801943334e+01,1.246468108529376906e+01
5.635324378393826805e+01,1.370189952403687528e+01
5.637324949985710276e+01,1.318391631913641859e+01
5.639325521577593747e+01,1.400566635573135699e+01
5.641326093169477218e+01,1.370398250839858001e+01
5.643326664761360689e+01,1.323557271332743035e+01
5.645327236353244160e+01,1.267514042756817361e+01
5.647327807945127631e+01,1.223741167964655396e+01
5.649328379537011102e+01,1.126082942731897418e+01
5.651328951128894573e+01,1.168906830036606337e+01
5.653329522720777334e+01,1.110279765690352960e+01
5.655330094312660805e+01,1.010226278610155504e+01
5.657330665904544276e+01,9.632490301378876296e+00
5.659331237496427747e+01,9.710447165981076267e+00
5.661331809088311218e+01,8.906945500850593334e+00
5.663332380680194689e+01,8.108293642385103084e+00
5.665332952272078160e+01,7.308472569241380334e+00
5.667333523863961631e+01,7.529264504464688201e+00
5.669334095455845102e+01,6.460917220185359966e+00
5.671334667047727862e+01,6.505572218326372891e+00
5.673335238639611333e+01,6.055425613684460195e+00
5.675335810231494804e+01,6.021782299110935988e+00
5.677336381823378275e+01,5.593878222974645986e+00
5.679336953415261746e+01,5.909695157302978785e+00
5.681337525007145217e+01,5.616867671064111889e+00
5.683338096599028688e+01,5.382554055227307899e+00
5.685338668190912159e+01,5.278101657803002666e+00
5.687339239782795630e+01,5.371428128487853115e+00
5.689339811374678391e+01,5.219923310345371270e+00
5.691340382966561862e+01,4.762033637771899919e+00
5.693340954558445333e+01,4.145580143478330370e+00
5.695341526150328804e+01,5.078618332595858931e+00
5.697342097742212275e+01,4.153114239911342764e+00
5.699342669334095746e+01,5.261704674729426046e+00
5.701343240925979217e+01,5.115653916781695898e+00
5.703343812517862688e+01,4.922289673797198617e+00
5.705344384109746159e+01,5.775420531719428929e+00
5.707344955701629630e+01,5.378616264772786870e+00
5.709345527293512390e+01,5.363232976326532508e+00
5.711346098885395861e+01,5.742754050503858565e+00
5.713346670477279332e+01,6.036772025772207506e+00
5.715347242069162803e+01,7.145154382297606688e+00
5.717347813661046274e+01,6.768650167994857192e+00
5.719348385252929745e+01,7.735429189753817880e+00
5.721348956844813216e+01,7.020779516828747013e+00
5.723349528436696687e+01,7.080542362129497391e+00
5.725350100028580158e+01,7.620835624319285628e+00
5.727350671620462919e+01,7.124280014102055247e+00
5.729351243212346390e+01,7.635240744061386309e+00
5.731351814804229861e+01,7.815427774866957833e+00
5.733352386396113332e+01,7.523063572473883909e+00
5.735352957987996803e+01,7.340463621841771591e+00
5.737353529579880274e+01,8.131603225729914897e+00
5.739354101171763745e+01,6.530836156841981044e+00
5.741354672763647216e+01,6.692659713829820056e+00
5.743355244355530687e+01,7.051572601013283759e+00
5.745355815947414158e+01,6.875776754416570213e+00
5.747356387539296918e+01,6.589915768037311494e+00
5.749356959131180389e+01,5.720671109846271918e+00
5.751357530723063860e+01,5.581306179055139260e+00
5.753358102314947331e+01,5.703709999650024898e+00
5.755358673906830802e+01,5.540184156433408447e+00
5.757359245498714273e+01,6.600810042822349288e+00
5.759359817090597744e+01,5.029149392765359217e+00
5.761360388682481215e+01,6.193411671325486978e+00
5.763360960274364686e+01,6.182296368465658887e+00
5.765361531866247446e+01,5.237533257324260560e+00
5.767362103458130917e+01,5.713789315305303873e+00
5.769362675050014388e+01,6.252469260054065892e+00
5.771363246641897859e+01,6.310914885375119354e+00
5.773363818233781330e+01,7.051230598425261675e+00
5.775364389825664801e+01,6.612543237822277931e+00
5.777364961417548272e+01,6.563679656151196085e+00
5.779365533009431743e+01,6.629664590437077010e+00
5.781366104601315214e+01,6.586575058772348612e+00
5.783366676193197975e+01,7.242495527857421678e+00
5.785367247785081446e+01,7.436211342728611839e+00
5.787367819376964917e+01,7.947156613761939603e+00
5.789368390968848388e+01,6.591936088838617813e+00
5.791368962560731859e+01,7.243009779949531435e+00
5.793369534152615330e+01,7.317132123571425950e+00
5.795370105744498801e+01,7.285860213511605288e+00
5.797370677336382272e+01,7.236384290731090019e+00
5.799371248928265743e+01,7.220709811703750702e+00
5.801371820520149214e+01,7.039473699281195707e+00
5.803372392112031974e+01,6.444801587249316732e+00
5.805372963703915445e+01,6.602850391059447155e+00
5.807373535295798916e+01,7.004006131705632576e+00
5.809374106887682387e+01,6.660784511532096275e+00
5.811374678479565858e+01,6.471225628161366927e+00
5.813375250071449329e+01,6.946944589260723113e+00
5.815375821663332800e+01,7.245982324159752075e+00
5.817376393255216271e+01,6.578104231432583937e+00
5.819376964847099742e+01,6.323194600464392856e+00
5.821377536438982503e+01,6.348284111044265821e+00
5.823378108030865974e+01,5.820137211811172051e+00
5.825378679622749445e+01,6.884241865630936985e+00
5.827379251214632916e+01,5.795941656491590876e+00
5.829379822806516387e+01,6.046348756236504585e+00
5.831380394398399858e+01,5.572612457173735656e+00
5.833380965990283329e+01,5.889618629207173939e+00
5.835381537582166800e+01,5.642315957178334784e+00
5.837382109174050271e+01,5.364079586813672584e+00
5.839382680765933742e+01,5.428557636766482730e+00
5.841383252357816502e+01,5.699711192570841689e+00
5.843383823949699973e+01,5.086498561074414226e+00
5.845384395541583444e+01,5.405275311209300604e+00
5.847384967133466915e+01,5.776397696536461623e+00
5.849385538725350386e+01,6.183678462037985213e+00
5.851386110317233857e+01,5.349087496771259609e+00
5.853386681909117328e+01,6.217540543165195110e+00
5.855387253501000799e+01,5.675292576326116389e+00
5.857387825092884270e+01,6.169583372402219545e+00
5.859388396684767031e+01,6.916104490858542064e+00
5.861388968276650502e+01,7.006450230713341831e+00
5.863389539868533973e+01,6.781154424055552354e+00
5.865390111460417444e+01,7.848783482699877467e+00
5.867390683052300915e+01,8.626390396507051861e+00
5.869391254644184386e+01,8.894192052542216231e+00
5.871391826236067857e+01,9.899341450254411257e+00
5.873392397827951328e+01,1.081154653214354688e+01
5.875392969419834799e+01,1.216246830745320118e+01
5.877393541011717559e+01,1.299244082178677573e+01
5.879394112603601030e+01,1.298771134483561696e+01
5.881394684195484501e+01,1.435362107301970447e+01
5.883395255787367972e+01,1.577375001578938019e+01
5.885395827379251443e+01,1.600371381112729452e+01
5.887396398971134914e+01,1.660871776732125937e+01
5.889396970563018385e+01,1.825365385312620248e+01
5.891397542154901856e+01,1.838218314836755596e+01
5.893398113746785327e+01,1.827317535078591249e+01
5.895398685338668798e+01,1.858128498809425011e+01
5.897399256930551559e+01,1.852239214318036176e+01
5.899399828522435030e+01,1.846249764656730363e+01
5.901400400114318501e+01,1.846041100422009862e+01
5.903400971706201972e+01,1.801510286513938652e+01
5.905401543298085443e+01,1.721371144339669357e+01
5.907402114889968914e+01,1.685690189282505003e+01
5.909402686481852385e+01,1.673746351451990932e+01
5.911403258073735856e+01,1.533076707356539004e+01
5.913403829665619327e+01,1.487480127323878065e+01
5.915404401257502087e+01,1.378817387273191919e+01
5.917404972849385558e+01,1.324906861376591749e+01
5.919405544441269029e+01,1.217514231846088535e+01
5.921406116033152500e+01,1.187587526420357875e+01
5.923406687625035971e+01,1.103229377035430403e+01
5.925407259216919442e+01,9.948666448010344610e+00
5.927407830808802913e+01,9.364042444933904363e+00
5.929408402400686384e+01,7.914147750091370170e+00
5.931408973992569855e+01,8.170455027428715766e+00
5.933409545584453326e+01,7.279315764134472566e+00
5.935410117176336087e+01,7.540624530476137011e+00
5.937410688768219558e+01,6.879195998090974484e+00
5.939411260360103029e+01,6.184185070977981979e+00
5.941411831951986500e+01,6.126823800985540913e+00
5.943412403543869971e+01,5.905411411406449318e+00
5.945412975135753442e+01,6.151906350724249961e+00
5.947413546727636913e+01,5.211241018942364356e+00
5.949414118319520384e+01,5.632812891781295406e+00
5.951414689911403855e+01,5.079875015378068071e+00
5.953415261503286615e+01,5.475580685356462141e+00
5.955415833095170086e+01,5.263734493666648362e+00
5.957416404687053557e+01,4.875892301399039397e+00
5.959416976278937028e+01,5.293076857737593954e+00
5.961417547870820499e+01,5.903174434821329974e+00
5.963418119462703970e+01,4.922539367548180778e+00
5.965418691054587441e+01,5.142774822381629640e+00
5.967419262646470912e+01,5.687786960602476682e+00
5.969419834238354383e+01,5.775402480675691841e+00
5.971420405830237144e+01,5.633608893438606380e+00
5.973420977422120615e+01,6.300193292888208063e+00
5.975421549014004086e+01,6.941638200228501532e+00
5.977422120605887557e+01,6.545878617842863179e+00
5.979422692197771028e+01,6.991908249300420763e+00
5.981423263789654499e+01,6.787371441068716926e+00
5.983423835381537970e+01,8.500398082420520751e+00
5.985424406973421441e+01,8.790132685391117917e+00
5.987424978565304912e+01,9.165226879061295406e+00
5.989425550157188383e+01,9.056849324527286527e+00
5.991426121749071143e+01,9.109382014435913888e+00
5.993426693340954614e+01,9.749699182439183431e+00
5.995427264932838085e+01,9.706298373079333075e+00
5.997427836524721556e+01,1.007118005318682563e+01
5.999428408116605027e+01,1.048463951528897553e+01
6.001428979708488498e+01,1.141638646382208222e+01
6.003429551300371969e+01,1.005776208845267661e+01
6.005430122892255440e+01,1.056335730031407394e+01
6.007430694484138911e+01,1.076580198739410221e+01
6.009431266076021672e+01,1.075925273349798950e+01
6.011431837667905143e+01,1.017526492329773902e+01
6.013432409259788614e+01,1.081260670362778420e+01
6.015432980851672085e+01,1.027120971004824845e+01
6.017433552443555556e+01,1.017721760685554599e+01
6.019434124035439027e+01,1.079642113724384345e+01
6.021434695627322498e+01,1.040975785194413206e+01
6.023435267219205969e+01,9.563144221143417667e+00
6.025435838811089440e+01,8.751070610382663872e+00
6.027436410402972911e+01,8.393798856049759394e+00
6.029436981994855671e+01,8.881224683689385557e+00
6.031437553586739142e+01,8.203605825001595520e+00
6.033438125178622613e+01,7.102498492236092531e+00
6.035438696770506084e+01,7.831885824735634216e+00
6.037439268362389555e+01,6.622627214048422140e+00
6.039439839954273026e+01,6.478238278517329363e+00
6.041440411546156497e+01,6.572911224601928559e+00
6.043440983138039968e+01,6.062548043907129980e+00
6.045441554729923439e+01,6.134791468059619390e+00
6.047442126321806199e+01,5.428200155018548578e+00
6.049442697913689670e+01,5.488151935525167779e+00
6.051443269505573141e+01,5.439546647814077041e+00
6.053443841097456612e+01,4.480766738545606032e+00
6.055444412689340083e+01,4.572010169488621045e+00
6.057444984281223554e+01,3.882392860401239432e+00
6.059445555873107025e+01,4.289574743384642730e+00
6.061446127464990496e+01,4.630028815651656693e+00
6.063446699056873967e+01,3.820578855145850827e+00
6.065447270648756728e+01,4.468207499918657177e+00
6.067447842240640199e+01,4.201082241128274219e+00
6.069448413832523670e+01,3.983692314932895773e+00
6.071448985424407141e+01,3.874781626744137952e+00
6.073449557016290612e+01,4.289227713831087030e+00
6.075450128608174083e+01,3.496747773594680808e+00
6.077450700200057554e+01,4.129802298310853992e+00
6.079451271791941025e+01,3.857238519481775540e+00
6.081451843383824496e+01,3.131786711543639967e+00
6.083452414975707967e+01,3.856696843902547300e+00
6.085452986567590727e+01,3.756414850476101908e+00
6.087453558159474198e+01,3.396108457671171976e+00
6.089454129751357669e+01,3.826254899021797939e+00
6.091454701343241140e+01,4.281560121255459705e+00
6.093455272935124611e+01,3.913739005744626187e+00
6.095455844527008082e+01,3.578127390708798483e+00
6.097456416118891553e+01,4.337053792318949164e+00
6.099456987710775024e+01,4.277245327302794387e+00
6.101457559302658495e+01,4.315074701451693251e+00
6.103458130894541256e+01,4.704274749647771259e+00
6.105458702486424727e+01,4.593866854374497599e+00
6.107459274078308198e+01,4.005946458691929557e+00
6.109459845670191669e+01,4.395164676767344680e+00
6.111460417262075140e+01,4.167232843388489982e+00
6.113460988853958611e+01,4.644938767102987143e+00
6.115461560445842082e+01,4.168907053244497618e+00
6.117462132037725553e+01,4.288186971391636071e+00
6.119462703629609024e+01,5.227866260600637638e+00
6.121463275221492495e+01,5.616925336882471420e+00
6.123463846813375255e+01,5.564205771114218990e+00
6.125464418405258726e+01,5.135789623330828668e+00
6.127464989997142197e+01,5.570880322088500591e+00
6.129465561589025668e+01,4.886855538177822922e+00
6.131466133180909139e+01,5.833443028939945485e+00
6.133466704772792610e+01,5.693611950591689563e+00
6.135467276364676081e+01,7.284517218584213083e+00
6.137467847956559552e+01,6.781729217843741608e+00
6.139468419548443023e+01,7.092527406048281691e+00
6.141468991140325784e+01,7.560927051895129480e+00
6.143469562732209255e+01,7.738696443894312438e+00
6.145470134324092726e+01,8.253008519952768296e+00
6.147470705915976197e+01,9.106326786167281639e+00
6.149471277507859668e+01,1.015066991822246401e+01
6.151471849099743139e+01,1.071365930085828744e+01
6.153472420691626610e+01,1.095036334222811902e+01
6.155472992283510081e+01,1.000556069175970464e+01
6.157473563875393552e+01,1.093847767578814789e+01
6.159474135467276312e+01,1.126814436293629917e+01
6.161474707059159783e+01,1.060633096055753910e+01
6.163475278651043254e+01,1.028481046263874177e+01
6.165475850242926725e+01,1.065385916894185669e+01
6.167476421834810196e+01,9.993957963991281446e+00
6.169476993426693667e+01,9.852330369307292557e+00
6.171477565018577138e+01,9.508084649347756212e+00
6.173478136610460609e+01,9.079389247882181380e+00
6.175478708202344080e+01,8.228537113146407123e+00
6.177479279794227551e+01,8.008764829699236643e+00
6.179479851386110312e+01,6.740117557421294592e+00
6.181480422977993783e+01,6.983290066451987244e+00
6.183480994569877254e+01,5.848649829478322459e+00
6.185481566161760725e+01,5.295917854765299637e+00
6.187482137753644196e+01,5.502817119963332892e+00
6.189482709345527667e+01,4.759706012642300976e+00
6.191483280937411138e+01,4.741378956579224813e+00
6.193483852529294609e+01,4.643150824832428469e+00
6.195484424121178080e+01,4.562788612338102290e+00
6.197484995713060840e+01,4.307782725477470542e+00
6.199485567304944311e+01,4.823121172001261669e+00
6.201486138896827782e+01,4.045548498349225142e+00
6.203486710488711253e+01,4.114483463408609154e+00
6.205487282080594724e+01,4.248437600568535366e+00
6.207487853672478195e+01,4.483084159369624011e+00
6.209488425264361666e+01,4.239262379430059013e+00
6.211488996856245137e+01,4.305431848223204128e+00
6.213489568448128608e+01,3.520909927086381952e+00
6.215490140040011369e+01,4.011034233506094893e+00
6.217490711631894840e+01,4.460268196991078682e+00
6.219491283223778311e+01,3.929307763121731689e+00
6.221491854815661782e+01,4.111244480518337241e+00
6.223492426407545253e+01,4.465090170411263770e+00
6.225492997999428724e+01,3.772478789891256845e+00
6.227493569591312195e+01,4.407420532807660329e+00
6.229494141183195666e+01,3.555592254395733232e+00
6.231494712775079137e+01,3.788603219436025071e+00
6.233495284366962608e+01,3.351524298669663615e+00
6.235495855958845368e+01,4.126569085570919171e+00
6.237496427550728839e+01,4.004138245426172027e+00
6.239496999142612310e+01,4.117676070662414922e+00
6.241497570734495781e+01,4.129557735092369342e+00
6.243498142326379252e+01,3.439322332673608429e+00
6.245498713918262723e+01,4.252168337270957998e+00
6.247499285510146194e+01,3.429121441719047869e+00
6.249499857102029665e+01,4.042355266907887490e+00
6.251500428693913136e+01,3.344920965923971146e+00
6.253501000285795897e+01,4.522438917256358160e+00
6.255501571877679368e+01,4.025267114531156487e+00
6.257502143469562839e+01,4.725390787837167039e+00
6.259502715061446310e+01,4.171384443300016009e+00
6.261503286653329781e+01,3.891721367497586570e+00
6.263503858245213252e+01,4.973139164462952344e+00
6.265504429837096723e+01,5.023605590958361233e+00
6.267505001428980194e+01,4.942537873470981502e+00
6.269505573020863665e+01,4.917935037921146169e+00
6.271506144612747136e+01,4.270722872649740154e+00
6.273506716204629896e+01,4.787646497364313802e+00
6.275507287796513367e+01,5.053767572005888553e+00
6.277507859388396838e+01,4.540904645010424900e+00
6.279508430980280309e+01,5.224057622464851391e+00
6.281509002572163780e+01,4.419679573890019419e+00
6.283509574164047251e+01,4.951891377290129626e+00
6.285510145755930722e+01,4.960525103466547847e+00
6.287510717347814193e+01,5.658106883964299172e+00
6.289511288939697664e+01,4.914974335194274069e+00
6.291511860531580425e+01,5.239333713387876124e+00
6.293512432123463896e+01,4.922120707141055540e+00
6.295513003715347367e+01,5.192321163024788078e+00
6.297513575307230838e+01,5.032579736097173573e+00
6.299514146899114309e+01,5.120001921816690782e+00
6.301514718490997780e+01,4.086222655241694923e+00
6.303515290082881251e+01,4.972909643203841767e+00
6.305515861674764722e+01,4.235227112869971222e+00
6.307516433266648193e+01,4.244008260011827183e+00
6.309517004858530953e+01,5.025764167983126640e+00
6.311517576450414424e+01,4.358389168809040370e+00
6.313518148042297895e+01,4.106554685616364608e+00
6.315518719634181366e+01,3.863409769098455904e+00
6.317519291226064837e+01,4.885568362536783837e+00
6.319519862817948308e+01,4.705952196238155416e+00
6.321520434409831779e+01,4.398336793163116099e+00
6.323521006001715250e+01,4.193133936925027783e+00
6.325521577593598721e+01,4.403432413741010798e+00
6.327522149185482192e+01,4.688054022364157802e+00
6.329522720777364952e+01,4.812844452159447783e+00
6.331523292369248423e+01,5.020671748390221900e+00
6.333523863961131894e+01,5.032339099884294953e+00
6.335524435553015365e+01,5.481153213153891812e+00
6.337525007144898836e+01,4.937541544417101136e+00
6.339525578736782307e+01,5.943017024677025972e+00
6.341526150328665778e+01,6.382383125696748039e+00
6.343526721920549249e+01,5.999413311687886718e+00
6.345527293512432720e+01,6.909641194528562735e+00
6.347527865104315481e+01,6.278101942159709736e+00
6.349528436696198952e+01,7.462259704102452318e+00
6.351529008288082423e+01,6.743788521858101959e+00
6.353529579879965894e+01,8.132948247765387606e+00
6.355530151471849365e+01,7.147188901089423396e+00
6.357530723063732836e+01,8.511325146960045274e+00
6.359531294655616307e+01,7.840278763537622098e+00
6.361531866247499778e+01,8.804175256986701115e+00
6.363532437839383249e+01,8.966569236927416142e+00
6.365533009431266720e+01,8.870787244484814593e+00
6.367533581023149480e+01,9.088753816424858911e+00
6.369534152615032951e+01,8.899387976291833979e+00
6.371534724206916422e+01,9.473456233700243700e+00
6.373535295798799893e+01,9.135508240162090843e+00
6.375535867390683364e+01,9.199161678772526329e+00
6.377536438982566835e+01,8.541809603752623659e+00
6.379537010574450306e+01,8.616099505416460858e+00
6.381537582166333777e+01,9.785379166439625465e+00
6.383538153758217248e+01,9.475492442238207857e+00
6.385538725350100009e+01,8.364585702368065867e+00
6.387539296941983480e+01,8.499814581120672230e+00
6.389539868533866951e+01,7.755692184175522641e+00
6.391540440125750422e+01,7.775518522457915083e+00
6.393541011717633893e+01,7.535731543005386612e+00
6.395541583309517364e+01,6.887322500787235846e+00
6.397542154901400835e+01,6.689638261366248173e+00
6.399542726493284306e+01,5.612894580085256990e+00
6.401543298085167066e+01,5.652905078023310104e+00
6.403543869677051248e+01,5.002377934682179728e+00
6.405544441268934008e+01,5.443600544663489416e+00
6.407545012860816769e+01,4.754031417114523705e+00
6.409545584452700950e+01,4.867954001483763449e+00
6.411546156044585132e+01,4.078924521175812501e+00
6.413546727636467892e+01,4.854350554161168674e+00
6.415547299228350653e+01,4.307515034152052280e+00
6.417547870820234834e+01,4.337329409670764413e+00
6.419548442412119016e+01,3.843198426434843995e+00
6.421549014004001776e+01,4.132266313839372707e+00
6.423549585595884537e+01,4.567385845433364011e+00
6.425550157187768718e+01,4.297204220892057336e+00
6.427550728779651479e+01,4.082217671331009434e+00
6.429551300371534239e+01,4.858924724840183451e+00
6.431551871963418421e+01,4.057753100162057258e+00
6.433552443555302602e+01,3.880552647709528014e+00
6.435553015147185363e+01,3.972627082002184729e+00
6.437553586739068123e+01,3.933764236827838712e+00
6.439554158330952305e+01,4.210614409953143067e+00
6.441554729922835065e+01,4.272671080768619234e+00
6.443555301514717826e+01,4.939860098865792359e+00
6.445555873106602007e+01,5.424956559364559894e+00
6.447556444698486189e+01,4.562951335080994042e+00
6.449557016290368949e+01,5.631268363229879448e+00
6.451557587882251710e+01,5.016108767312092986e+00
6.453558159474135891e+01,5.584796067264164776e+00
6.455558731066020073e+01,6.553176980786608929e+00
6.457559302657902833e+01,6.899580796908958646e+00
6.459559874249785594e+01,6.886393121458796784e+00
6.461560445841669775e+01,7.274532412847280582e+00
6.463561017433552536e+01,8.448830121507727497e+00
6.465561589025435296e+01,8.547670579573804162e+00
6.467562160617319478e+01,9.159962697118269048e+00
6.469562732209203659e+01,8.953584592855101221e+00
6.471563303801086420e+01,9.399348401780953211e+00
6.473563875392969180e+01,8.513397442741421628e+00
6.475564446984853362e+01,9.225273118770086711e+00
6.477565018576737543e+01,8.814606966987623693e+00
6.479565590168618883e+01,9.501690438946713613e+00
6.481566161760503064e+01,9.476157180585232709e+00
6.483566733352387246e+01,9.037305336133051981e+00
6.485567304944270006e+01,8.725016936362287368e+00
6.487567876536152767e+01,8.726633943010275729e+00
6.489568448128036948e+01,8.880150583305779222e+00
6.491569019719921130e+01,8.421106597260390458e+00
6.493569591311803890e+01,7.576708931246172618e+00
6.495570162903686651e+01,7.093486672519633274e+00
6.497570734495570832e+01,7.291535132457662272e+00
6.499571306087453593e+01,6.496317267681712693e+00
6.501571877679336353e+01,6.622182350784755478e+00
6.503572449271220535e+01,6.124516852502848607e+00
6.505573020863104716e+01,6.822808932889820710e+00
6.507573592454987477e+01,4.999468984189821441e+00
6.509574164046870237e+01,5.655247403294263897e+00
6.511574735638754419e+01,5.317380017944401516e+00
6.513575307230638600e+01,6.022907990966861469e+00
6.515575878822521361e+01,5.495848220034212694e+00
6.517576450414404121e+01,4.880760134220861524e+00
6.519577022006288303e+01,5.041002785856082191e+00
6.521577593598171063e+01,5.508812401249024937e+00
6.523578165190053824e+01,4.541889250984954884e+00
6.525578736781938005e+01,4.630516113437885828e+00
6.527579308373822187e+01,5.755661160040988378e+00
6.529579879965704947e+01,4.292618459551678534e+00
6.531580451557587708e+01,4.425637323445838156e+00
6.533581023149471889e+01,4.165313801124781889e+00
6.535581594741354650e+01,4.809110067168255398e+00
6.537582166333237410e+01,5.147317774188000961e+00
6.539582737925121592e+01,4.687090671733085578e+00
6.541583309517005773e+01,5.126987759227738195e+00
6.543583881108888534e+01,5.102778026520056187e+00
6.545584452700771294e+01,4.310298162154562185e+00
6.547585024292655476e+01,5.101414252345284339e+00
6.549585595884539657e+01,5.625150707765460112e+00
6.551586167476422418e+01,5.149841754968548457e+00
6.553586739068305178e+01,5.396935134522449218e+00
6.555587310660189360e+01,4.809716833858007412e+00
6.557587882252072120e+01,5.860628311043338812e+00
6.559588453843954881e+01,5.635926286043465794e+00
6.561589025435839062e+01,5.338047547630908163e+00
6.563589597027723244e+01,5.729767871608675733e+00
6.565590168619606004e+01,7.239194189370724786e+00
6.567590740211488765e+01,6.706642404781396394e+00
6.569591311803372946e+01,6.653956862762296254e+00
6.571591883395257128e+01,7.115813608599770745e+00
6.573592454987138467e+01,7.834998503490204769e+00
6.575593026579022649e+01,7.816415404654662780e+00
6.577593598170906830e+01,8.126668200107477702e+00
6.579594169762789591e+01,8.354619466687337237e+00
6.581594741354672351e+01,7.790759417210121107e+00
6.583595312946556533e+01,9.095951028488631351e+00
6.585595884538440714e+01,9.100742088492932425e+00
6.587596456130323475e+01,8.687192653067315362e+00
6.589597027722206235e+01,9.378089667988271927e+00
6.591597599314090417e+01,8.268853409999383786e+00
6.593598170905973177e+01,8.956891175785882453e+00
6.595598742497855937e+01,8.788653337690496059e+00
6.597599314089740119e+01,8.286018474210854023e+00
6.599599885681624301e+01,8.175238604255874009e+00
6.601600457273507061e+01,8.848853032824441911e+00
6.603601028865389821e+01,8.109647592404492400e+00
6.605601600457274003e+01,9.001496853474240112e+00
6.607602172049158185e+01,8.293651045406063460e+00
6.609602743641040945e+01,7.223525841541928116e+00
6.611603315232923705e+01,6.657773984180519022e+00
6.613603886824807887e+01,7.328390718109274893e+00
6.615604458416690647e+01,6.735318711685811977e+00
6.617605030008573408e+01,6.834715534009663251e+00
6.619605601600457589e+01,5.904968645075134859e+00
6.621606173192341771e+01,6.626762009593839764e+00
6.623606744784224531e+01,5.997649627270676298e+00
6.625607316376107292e+01,6.212866936635005999e+00
6.627607887967991473e+01,6.176943360591277354e+00
6.629608459559874234e+01,5.086973522457462593e+00
6.631609031151756994e+01,5.388969657148996006e+00
6.633609602743641176e+01,5.024022703376523680e+00
6.635610174335525357e+01,5.191579384638131955e+00
6.637610745927408118e+01,5.951199531904664219e+00
6.639611317519290878e+01,5.685843215173875365e+00
6.641611889111175060e+01,4.929855581640681272e+00
6.643612460703059241e+01,5.192142942675098460e+00
6.645613032294942002e+01,4.525524868328409056e+00
6.647613603886824762e+01,5.587889941624769818e+00
6.649614175478708944e+01,4.780334648614935844e+00
6.651614747070591704e+01,5.341599199401386500e+00
6.653615318662474465e+01,4.399952780888632731e+00
6.655615890254358646e+01,5.205436453345473780e+00
6.657616461846242828e+01,4.432289861735088543e+00
6.659617033438125588e+01,5.083069741865518409e+00
6.661617605030008349e+01,5.154757018333656404e+00
6.663618176621892530e+01,5.029554245977669424e+00
6.665618748213776712e+01,5.835830994225867485e+00
6.667619319805658051e+01,5.001959353506381767e+00
6.669619891397542233e+01,5.575293644106283253e+00
6.671620462989426414e+01,5.957908984176562228e+00
6.673621034581309175e+01,5.027153163866259433e+00
6.675621606173191935e+01,5.124283752151327143e+00
6.677622177765076117e+01,5.769046632454844392e+00
6.679622749356960298e+01,6.579973111310486900e+00
6.681623320948843059e+01,6.207463559828318544e+00
6.683623892540725819e+01,5.888402143081786555e+00
6.685624464132610001e+01,5.645891224172560285e+00
6.687625035724492761e+01,6.167026462671495679e+00
6.689625607316375522e+01,5.875657232570662636e+00
6.691626178908259703e+01,6.019356205237194501e+00
6.693626750500143885e+01,6.407963579687553590e+00
6.695627322092026645e+01,6.030155333254693772e+00
6.697627893683909406e+01,5.261727794903953814e+00
6.699628465275793587e+01,5.627045532809184181e+00
6.701629036867677769e+01,6.480563425881514128e+00
6.703629608459560529e+01,4.826290971649906503e+00
6.705630180051443290e+01,4.589918968357552309e+00
6.707630751643327471e+01,4.909650069329208222e+00
6.709631323235210232e+01,4.575610379432005104e+00
6.711631894827092992e+01,5.084914044823086954e+00
6.713632466418977174e+01,5.026344123302129319e+00
6.715633038010861355e+01,4.309931668035538621e+00
6.717633609602744116e+01,4.714821765778062002e+00
6.719634181194626876e+01,5.022056069274219325e+00
6.721634752786511058e+01,4.323796745582950685e+00
6.723635324378393818e+01,4.972094273803548070e+00
6.725635895970276579e+01,4.686378889613159515e+00
6.727636467562160760e+01,4.456960980953698304e+00
6.729637039154044942e+01,4.145925240294954683e+00
6.731637610745927702e+01,4.996442764186478591e+00
6.733638182337810463e+01,4.537956153598392106e+00
6.735638753929694644e+01,4.195621416966956119e+00
6.737639325521578826e+01,4.565148587413647263e+00
6.739639897113461586e+01,4.313241192155897075e+00
6.741640468705344347e+01,4.142894609373287906e+00
6.743641040297228528e+01,4.423637479508306214e+00
6.745641611889111289e+01,4.173022515979962321e+00
6.747642183480994049e+01,5.346185223433116640e+00
6.749642755072878231e+01,5.061559261582439184e+00
6.751643326664762412e+01,5.292884295240614989e+00
6.753643898256645173e+01,6.002719872639930898e+00
6.755644469848527933e+01,5.586846168652659372e+00
6.757645041440412115e+01,5.715297363356025784e+00
6.759645613032296296e+01,6.197885716045048454e+00
6.761646184624177636e+01,6.853750161211836556e+00
6.763646756216061817e+01,6.217016332076614304e+00
6.765647327807945999e+01,6.013647742571370358e+00
6.767647899399828759e+01,6.480743849771776866e+00
6.769648470991711520e+01,6.857929093100685769e+00
6.771649042583595701e+01,7.078947494331090162e+00
6.773649614175479883e+01,6.922604305709405104e+00
6.775650185767362643e+01,6.978053795618387234e+00
6.777650757359245404e+01,7.103127352791873683e+00
6.779651328951129585e+01,6.918746624252434252e+00
6.781651900543012346e+01,7.357306486158490699e+00
6.783652472134895106e+01,8.308499547737765667e+00
6.785653043726779288e+01,7.186999299603105129e+00
6.787653615318663469e+01,8.029684535422449088e+00
6.789654186910546230e+01,8.217410246167238697e+00
6.791654758502428990e+01,8.407944003046893044e+00
6.793655330094313172e+01,7.624521032576595303e+00
6.795655901686197353e+01,7.892063635646376696e+00
6.797656473278080114e+01,7.558072875786485234e+00
6.799657044869962874e+01,8.098382389793831848e+00
6.801657616461847056e+01,7.805173324896056641e+00
6.803658188053729816e+01,8.184047094829413282e+00
6.805658759645612577e+01,8.426176681577603134e+00
6.807659331237496758e+01,8.009864286368882702e+00
6.809659902829380940e+01,8.218508567700238743e+00
6.811660474421263700e+01,8.173979634243540460e+00
6.813661046013146461e+01,8.584665811320073558e+00
6.815661617605030642e+01,8.463378039619421145e+00
6.817662189196913403e+01,9.158866638320425579e+00
6.819662760788796163e+01,8.070273365606524862e+00
6.821663332380680345e+01,8.702527102629979083e+00
6.823663903972564526e+01,9.287069409843883960e+00
6.825664475564447287e+01,8.632917914220202604e+00
6.827665047156330047e+01,9.806734902552292965e+00
6.829665618748214229e+01,1.034855437856920446e+01
6.831666190340098410e+01,9.311546889418993445e+00
6.833666761931981171e+01,1.023035428790263168e+01
6.835667333523863931e+01,9.279019148584794152e+00
6.837667905115748113e+01,9.510510612443285439e+00
6.839668476707630873e+01,1.017319286689906299e+01
6.841669048299513634e+01,8.488682781837653124e+00
6.843669619891397815e+01,8.743677247580073697e+00
6.845670191483281997e+01,9.711241935491592869e+00
6.847670763075164757e+01,9.255532035620369413e+00
6.849671334667047518e+01,8.836576394124225686e+00
6.851671906258931699e+01,8.092803440728918218e+00
6.853672477850815881e+01,9.232335256320922667e+00
6.855673049442697220e+01,8.917935085174585552e+00
6.857673621034581402e+01,8.268616922563751359e+00
6.859674192626465583e+01,8.926423071712118684e+00
6.861674764218348344e+01,9.320863566432946001e+00
6.863675335810231104e+01,8.535530610842247512e+00
6.865675907402115286e+01,1.015507100748983049e+01
6.867676478993999467e+01,1.020360108543120070e+01
6.869677050585882228e+01,1.018947101276374667e+01
6.871677622177764988e+01,1.062173095418435409e+01
6.873678193769649170e+01,1.128091051229746178e+01
6.875678765361531930e+01,1.040759228183035212e+01
6.877679336953414690e+01,1.100878423687884222e+01
6.879679908545298872e+01,1.063498941931906216e+01
6.881680480137183054e+01,1.183299240551773579e+01
6.883681051729065814e+01,1.083335961787715718e+01
6.885681623320948574e+01,1.053685154948924918e+01
6.887682194912832756e+01,1.048572784723927498e+01
6.889682766504716938e+01,1.048319344507403450e+01
6.891683338096599698e+01,1.032379732614488432e+01
6.893683909688482458e+01,1.096015575273742115e+01
6.895684481280366640e+01,1.040687094187298989e+01
6.897685052872249400e+01,9.689079415260417605e+00
6.899685624464132161e+01,1.080868684162351201e+01
6.901686196056016342e+01,1.037303718253309270e+01
6.903686767647900524e+01,1.011203169606233843e+01
6.905687339239783284e+01,1.003125353895201854e+01
6.907687910831666045e+01,9.648720111319377679e+00
6.909688482423550226e+01,9.673753341264074379e+00
6.911689054015432987e+01,8.763713037378899173e+00
6.913689625607315747e+01,8.775466979336002282e+00
6.915690197199199929e+01,8.006056027650826579e+00
6.917690768791084110e+01,8.375443126213326650e+00
6.919691340382966871e+01,8.072474096436099700e+00
6.921691911974849631e+01,7.630531833624312199e+00
6.923692483566733813e+01,7.052358501668384072e+00
6.925693055158617994e+01,7.171207117642749651e+00
6.927693626750500755e+01,5.908060504314082806e+00
6.929694198342383515e+01,6.222752929925567500e+00
6.931694769934267697e+01,5.696887527373243110e+00
6.933695341526150457e+01,5.574496924712727619e+00
6.935695913118033218e+01,6.047174856411253074e+00
6.937696484709917399e+01,5.926729729532036473e+00
6.939697056301801581e+01,6.272595172203759617e+00
6.941697627893684341e+01,5.403844329774388555e+00
6.943698199485567102e+01,5.280857963150941359e+00
6.945698771077451283e+01,5.471608723777312555e+00
6.947699342669335465e+01,5.495344909073494932e+00
6.949699914261216804e+01,4.802938981476971847e+00
6.951700485853100986e+01,5.363561507198193468e+00
6.953701057444985167e+01,5.804915662479908534e+00
6.955701629036867928e+01,5.869686826281585112e+00
6.957702200628750688e+01,6.506178827103262563e+00
6.959702772220634870e+01,6.306835941656199651e+00
6.961703343812519051e+01,6.944637302224515807e+00
6.963703915404401812e+01,6.861399475227402789e+00
6.965704486996284572e+01,6.499821080983720911e+00
6.967705058588168754e+01,7.178223086210047121e+00
6.969705630180051514e+01,6.804180603608919853e+00
6.971706201771934275e+01,7.351372196923742663e+00
6.973706773363818456e+01,6.930055327118909148e+00
6.975707344955702638e+01,7.077734919679629755e+00
6.977707916547585398e+01,7.256504938294744633e+00
6.979708488139468159e+01,7.142758639580179647e+00
6.981709059731352340e+01,7.173727272160064672e+00
6.983709631323236522e+01,7.116247795468277459e+00
6.985710202915119282e+01,6.920503501001358693e+00
6.987710774507002043e+01,6.563343512433492677e+00
6.989711346098886224e+01,7.146605277821922897e+00
6.991711917690768985e+01,6.604928025293801852e+00
6.993712489282651745e+01,6.304067155811445389e+00
6.995713060874535927e+01,5.728777182202923868e+00
6.997713632466420108e+01,6.373643245860380446e+00
6.999714204058302869e+01,5.857934495995030133e+00
7.001714775650185629e+01,5.768157300623332873e+00
7.003715347242069811e+01,6.622943814968311749e+00
7.005715918833952571e+01,5.564056488090094454e+00
7.007716490425835332e+01,5.840819371408625393e+00
7.009717062017719513e+01,6.040724173050740831e+00
7.011717633609603695e+01,6.497064424879444466e+00
7.013718205201486455e+01,5.993561142557423338e+00
7.015718776793369216e+01,6.466832115993192076e+00
7.017719348385253397e+01,7.334535625426195082e+00
7.019719919977137579e+01,6.191624372146251609e+00
7.021720491569020339e+01,6.852554773666959420e+00
7.023721063160903100e+01,6.881360652868801608e+00
7.025721634752787281e+01,7.319449210233983649e+00
7.027722206344670042e+01,7.097913394773470053e+00
7.029722777936552802e+01,7.113925177852276072e+00
7.031723349528436984e+01,7.077815261948313896e+00
7.033723921120321165e+01,6.948093981077427372e+00
7.035724492712203926e+01,7.257541378811272814e+00
7.037725064304086686e+01,6.644882314951096269e+00
7.039725635895970868e+01,6.955747384003377221e+00
7.041726207487855049e+01,6.343809904864874838e+00
7.043726779079736389e+01,7.042500557099312886e+00
7.045727350671620570e+01,6.310014991918460048e+00
7.047727922263504752e+01,5.682822728081207586e+00
7.049728493855387512e+01,5.507112467879674789e+00
7.051729065447270273e+01,6.036663106982115501e+00
7.053729637039154454e+01,5.275676224964393590e+00
7.055730208631038636e+01,6.356526812004315907e+00
7.057730780222921396e+01,5.764687043592438442e+00
7.059731351814804157e+01,5.717811527969683283e+00
7.061731923406688338e+01,5.934810746104877133e+00
7.063732494998571099e+01,5.511472904729362021e+00
7.065733066590453859e+01,5.695952314581521847e+00
7.067733638182338041e+01,5.458456197238620078e+00
7.069734209774222222e+01,5.409442053367323311e+00
7.071734781366104983e+01,5.832845444761011855e+00
7.073735352957987743e+01,4.727543434128158140e+00
7.075735924549871925e+01,5.059649322663043236e+00
7.077736496141756106e+01,5.058571962713093839e+00
7.079737067733638867e+01,6.127861028584657532e+00
7.081737639325521627e+01,5.587428499490695089e+00
7.083738210917405809e+01,5.430684524400193780e+00
7.085738782509288569e+01,5.077577322492482281e+00
7.087739354101171330e+01,5.300908304552336858e+00
7.089739925693055511e+01,6.354861697939639953e+00
7.091740497284939693e+01,5.960819538924130079e+00
7.093741068876822453e+01,5.557156243672210394e+00
7.095741640468705214e+01,5.316494580256766689e+00
7.097742212060589395e+01,4.960883436289223347e+00
7.099742783652472156e+01,5.764090570595067575e+00
7.101743355244354916e+01,4.822543301065977950e+00
7.103743926836239098e+01,5.128821075189266665e+00
7.105744498428123279e+01,3.804553201820183084e+00
7.107745070020006040e+01,4.418160870326587997e+00
7.109745641611888800e+01,4.601170020646206282e+00
7.111746213203772982e+01,3.769477797463340885e+00
7.113746784795657163e+01,3.302492043951424705e+00
7.115747356387539924e+01,3.898592765856893738e+00
7.117747927979422684e+01,4.178393830477774351e+00
7.119748499571306866e+01,3.285346035251850427e+00
7.121749071163189626e+01,4.288033975244243123e+00
7.123749642755072387e+01,3.505208209925439355e+00
7.125750214346956568e+01,3.299738166624750946e+00
7.127750785938840750e+01,3.922314556642620076e+00
7.129751357530723510e+01,3.599834260431512778e+00
7.131751929122606271e+01,3.636872150769344003e+00
7.133752500714490452e+01,3.755667217167298233e+00
7.135753072306374634e+01,3.375223346848400752e+00
7.137753643898255973e+01,3.325305165232085969e+00
7.139754215490140155e+01,3.036365370372018369e+00
7.141754787082024336e+01,3.769795668014694456e+00
7.143755358673907097e+01,3.577683804866120365e+00
7.145755930265789857e+01,3.800339861026324151e+00
7.147756501857674039e+01,3.518661778855275202e+00
7.149757073449558220e+01,3.296034321386548172e+00
7.151757645041440981e+01,3.890896890259181617e+00
7.153758216633323741e+01,3.240873340086620313e+00
7.155758788225207923e+01,4.208366289489336332e+00
7.157759359817090683e+01,3.718775853539974641e+00
7.159759931408973443e+01,3.724809746367971020e+00
7.161760503000857625e+01,3.241822107609336534e+00
7.163761074592741807e+01,3.854592704428625893e+00
7.165761646184624567e+01,3.151284610847435719e+00
7.167762217776507327e+01,3.179558101564594175e+00
7.169762789368391509e+01,4.081479765135991755e+00
7.171763360960275691e+01,3.569308956731950921e+00
7.173763932552158451e+01,4.193664321384609650e+00
7.175764504144041211e+01,3.375612782652487098e+00
7.177765075735925393e+01,4.470498160404241084e+00
7.179765647327808153e+01,3.801507146746574417e+00
7.181766218919690914e+01,3.771012005270137912e+00
7.183766790511575095e+01,3.847828438795814598e+00
7.185767362103459277e+01,3.734592955875676523e+00
7.187767933695342037e+01,4.796338945951366561e+00
7.189768505287224798e+01,5.168779856507248027e+00
7.191769076879108979e+01,4.192595039265133217e+00
7.193769648470991740e+01,4.298709132791884713e+00
7.195770220062874500e+01,4.530138009439096614e+00
7.197770791654758682e+01,3.789221614495894563e+00
7.199771363246642863e+01,4.423959528645582395e+00
7.201771934838525624e+01,4.208784006371987907e+00
7.203772506430408384e+01,5.203780957633027171e+00
7.205773078022292566e+01,4.563464888801634700e+00
7.207773649614176747e+01,4.994829356891368199e+00
7.209774221206059508e+01,4.390256643692996619e+00
7.211774792797942268e+01,5.069213434004685936e+00
7.213775364389826450e+01,4.593759411637125645e+00
7.215775935981709210e+01,5.286304365459502108e+00
7.217776507573591971e+01,4.424666790182080867e+00
7.219777079165476152e+01,4.233680506761958284e+00
7.221777650757360334e+01,5.414807029368821745e+00
7.223778222349243094e+01,4.635719027269360915e+00
7.225778793941125855e+01,5.078858219571283250e+00
7.227779365533010036e+01,4.679886369913105248e+00
7.229779937124894218e+01,6.069115519529265868e+00
7.231780508716775557e+01,5.004093462147124249e+00
7.233781080308659739e+01,5.226171826655772179e+00
7.235781651900543920e+01,5.643606857246035169e+00
7.237782223492426681e+01,5.584486378250103300e+00
7.239782795084309441e+01,5.190896610319809312e+00
7.241783366676193623e+01,5.827968219721716636e+00
7.243783938268077804e+01,6.139178966446720231e+00
7.245784509859960565e+01,5.195102621301193047e+00
7.247785081451843325e+01,5.970787945039265132e+00
7.249785653043727507e+01,5.850374971108063704e+00
7.251786224635610267e+01,4.966910187395260579e+00
7.253786796227493028e+01,5.378701628132331436e+00
7.255787367819377209e+01,4.702756071396254178e+00
7.257787939411261391e+01,5.683337980760287955e+00
7.259788511003144151e+01,5.927609038271292263e+00
7.261789082595026912e+01,5.557372409481524222e+00
7.263789654186911093e+01,4.599381399380536806e+00
7.265790225778795275e+01,5.004829224385028752e+00
7.267790797370678035e+01,4.588833894007517067e+00
7.269791368962560796e+01,5.570000728726636652e+00
7.271791940554444977e+01,5.035720617888010509e+00
7.273792512146327738e+01,4.819571475767606472e+00
7.275793083738210498e+01,5.150461925662791707e+00
7.277793655330094680e+01,4.881519390738123576e+00
7.279794226921978861e+01,4.920085016539657907e+00
7.281794798513861622e+01,5.741154352914173309e+00
7.283795370105744382e+01,5.102337431132928813e+00
7.285795941697628564e+01,4.633647589289710211e+00
7.287796513289511324e+01,5.059100519659172512e+00
7.289797084881394085e+01,4.676297394708493371e+00
7.291797656473278266e+01,3.999366966412723379e+00
7.293798228065162448e+01,4.070848664646344872e+00
7.295798799657045208e+01,3.554884759401494065e+00
7.297799371248927969e+01,5.197981596213296029e+00
7.299799942840812150e+01,4.494060275789736991e+00
7.301800514432696332e+01,4.617106738707403402e+00
7.303801086024579092e+01,4.435241508065100646e+00
7.305801657616461853e+01,3.671554353589635333e+00
7.307802229208346034e+01,3.769202003091068676e+00
7.309802800800228795e+01,3.736447050034297668e+00
7.311803372392111555e+01,4.144433065277839390e+00
7.313803943983995737e+01,3.308395264592664198e+00
7.315804515575879918e+01,4.093526377322023180e+00
7.317805087167762679e+01,4.035295529624104205e+00
7.319805658759645439e+01,4.324120187939978877e+00
7.321806230351529621e+01,3.276800957490416444e+00
7.323806801943413802e+01,3.548818368766049502e+00
7.325807373535295142e+01,3.543682239961260194e+00
7.327807945127179323e+01,4.250765461683019275e+00
7.329808516719063505e+01,4.400075847950619234e+00
7.331809088310946265e+01,4.077741973870973702e+00
7.333809659902829026e+01,3.911360170304611916e+00
7.335810231494713207e+01,4.023229330936151982e+00
7.337810803086597389e+01,5.650554144215417907e+00
7.339811374678480149e+01,5.280679452688088915e+00
7.341811946270362910e+01,5.094575099047130351e+00
7.343812517862247091e+01,5.363005847943811411e+00
7.345813089454129852e+01,5.312960157985259890e+00
7.347813661046012612e+01,6.341065143111014102e+00
7.349814232637896794e+01,5.961659781769100164e+00
7.351814804229780975e+01,6.115324104289212137e+00
7.353815375821663736e+01,6.178820171026410790e+00
7.355815947413546496e+01,5.997387693010969301e+00
7.357816519005430678e+01,6.515452901841864985e+00
7.359817090597314859e+01,6.972934061338254885e+00
7.361817662189197620e+01,7.208039207757710898e+00
7.363818233781080380e+01,6.580388807327878453e+00
7.365818805372964562e+01,6.981759008373305875e+00
7.367819376964847322e+01,7.237904676351687883e+00
7.369819948556730083e+01,7.274246452274663710e+00
7.371820520148614264e+01,6.744457567019251698e+00
7.373821091740498446e+01,7.237034235885886346e+00
7.375821663332381206e+01,6.947935706782038423e+00
7.377822234924263967e+01,7.396699092973235246e+00
7.379822806516148148e+01,6.851578859001188349e+00
7.381823378108030909e+01,6.406253080835584868e+00
7.383823949699913669e+01,7.378187591293956515e+00
7.385824521291797851e+01,6.738599203722288600e+00
7.387825092883682032e+01,6.872287828798516074e+00
7.389825664475564793e+01,7.010271281897968443e+00
7.391826236067447553e+01,7.139368002763352372e+00
7.393826807659331735e+01,6.102598055511518460e+00
7.395827379251215916e+01,7.247571720005013596e+00
7.397827950843098677e+01,6.785826828219754248e+00
7.399828522434981437e+01,7.180231818643569852e+00
7.401829094026865619e+01,6.864696609233687852e+00
7.403829665618748379e+01,6.493862528140016188e+00
7.405830237210632561e+01,6.422639092944094408e+00
7.407830808802515321e+01,7.404009766969712913e+00
7.409831380394398082e+01,6.820759895555570829e+00
7.411831951986282263e+01,6.555664235512901783e+00
7.413832523578165024e+01,6.818356314334105051e+00
7.415833095170049205e+01,6.183311903658562869e+00
7.417833666761931966e+01,6.163959197989644423e+00
7.419834238353816147e+01,6.422717847020724236e+00
7.421834809945698908e+01,7.047625479900203160e+00
7.423835381537583089e+01,6.814107937091701928e+00
7.425835953129465850e+01,6.989858141149004389e+00
7.427836524721348610e+01,6.460200300082028946e+00
7.429837096313232792e+01,6.952468421667279408e+00
7.431837667905115552e+01,6.718077851608351025e+00
7.433838239496999734e+01,8.278161023741045454e+00
7.435838811088882494e+01,8.011833007027975739e+00
7.437839382680766676e+01,8.469004885158151197e+00
7.439839954272649436e+01,8.302706418164822466e+00
7.441840525864533618e+01,8.244264278959947845e+00
7.443841097456416378e+01,9.376712829546196559e+00
7.445841669048300560e+01,9.423940444001832617e+00
7.447842240640183320e+01,8.764679451320834147e+00
7.449842812232066080e+01,8.546357623660508551e+00
7.451843383823950262e+01,9.323838401478603544e+00
7.453843955415833022e+01,9.002895422397804381e+00
7.455844527007717204e+01,9.453491478784599167e+00
7.457845098599599964e+01,8.782467604829326646e+00
7.459845670191484146e+01,9.766296764182936130e+00
7.461846241783366906e+01,9.467893474433406453e+00
7.463846813375251088e+01,9.248820934605458177e+00
7.465847384967133848e+01,9.365227136711867573e+00
7.467847956559016609e+01,8.053987498110778631e+00
7.469848528150900790e+01,8.455121557141250577e+00
7.471849099742783551e+01,8.871926338438294479e+00
7.473849671334667732e+01,9.153706418935410483e+00
7.475850242926550493e+01,8.508768365818829338e+00
7.477850814518434674e+01,7.772189104570291107e+00
7.479851386110317435e+01,7.966992389550558329e+00
7.481851957702201616e+01,7.630133871662936329e+00
7.483852529294084377e+01,7.698998909503533383e+00
7.485853100885967137e+01,6.947928920009072584e+00
7.487853672477851319e+01,7.609587856174703902e+00
7.489854244069734079e+01,7.336197985933631927e+00
7.491854815661618261e+01,6.252309103898589626e+00
7.493855387253501021e+01,6.858623118082554981e+00
7.495855958845385203e+01,6.630819353164677743e+00
7.497856530437267963e+01,6.537139746789826233e+00
7.499857102029152145e+01,5.588562224750675433e+00
7.501857673621034905e+01,5.147828265391711788e+00
7.503858245212917666e+01,5.361967876520938425e+00
7.505858816804801847e+01,4.727230680522772843e+00
7.507859388396684608e+01,5.300733067273418975e+00
7.509859959988568789e+01,4.441630389150960312e+00
7.511860531580451550e+01,5.469313847171193288e+00
7.513861103172335731e+01,4.619393165755012909e+00
7.515861674764218492e+01,5.591108457689678346e+00
7.517862246356102673e+01,5.515525296101749575e+00
7.519862817947985434e+01,3.931979405675890771e+00
7.521863389539868194e+01,4.336763549319838873e+00
7.523863961131752376e+01,4.982100069029199219e+00
7.525864532723635136e+01,4.660976418699871004e+00
7.527865104315519318e+01,5.366110626239688486e+00
7.529865675907402078e+01,5.661448048341626738e+00
7.531866247499286260e+01,5.344006353777450258e+00
7.533866819091169020e+01,6.058698080436323963e+00
7.535867390683053202e+01,5.706253691695915009e+00
7.537867962274935962e+01,6.185485003430246209e+00
7.539868533866820144e+01,6.245525842863282051e+00
7.541869105458702904e+01,7.251386866433191081e+00
7.543869677050585665e+01,7.080423865889276414e+00
7.545870248642469846e+01,7.641097388423913728e+00
7.547870820234352607e+01,7.425243102964638631e+00
7.549871391826236788e+01,8.248290540993501452e+00
7.551871963418119549e+01,9.132928941743200468e+00
7.553872535010003730e+01,8.500910905857260502e+00
7.555873106601886491e+01,8.715284731642757521e+00
7.557873678193770672e+01,8.707747841895555396e+00
7.559874249785653433e+01,9.078929540454279135e+00
7.561874821377536193e+01,9.895882173814348093e+00
7.563875392969420375e+01,9.632061179627047665e+00
7.565875964561303135e+01,8.527538722402638882e+00
7.567876536153187317e+01,9.232199852622031244e+00
7.569877107745070077e+01,8.217859868440859472e+00
7.571877679336954259e+01,8.244115956816973068e+00
7.573878250928837019e+01,8.310247017643552780e+00
7.575878822520721201e+01,8.270987265269887700e+00
7.577879394112603961e+01,8.015022158361034599e+00
7.579879965704486722e+01,7.913279615864105665e+00
7.581880537296370903e+01,7.046034432588898611e+00
7.583881108888253664e+01,7.033172966200083920e+00
7.585881680480137845e+01,6.180500186339296320e+00
7.587882252072020606e+01,6.115590903019630709e+00
7.589882823663904787e+01,5.959995414851547935e+00
7.591883395255787548e+01,5.106309369485372507e+00
7.593883966847671729e+01,5.353682691228391910e+00
7.595884538439554490e+01,5.411446187187376466e+00
7.597885110031437250e+01,5.104602358945655283e+00
7.599885681623321432e+01,5.223678096501773283e+00
7.601886253215204192e+01,4.606134719185588366e+00
7.603886824807088374e+01,4.857499576118805784e+00
7.605887396398971134e+01,4.607179889693254538e+00
7.607887967990855316e+01,4.612965860946212970e+00
7.609888539582738076e+01,5.452340796733881945e+00
7.611889111174622258e+01,4.749378379227652047e+00
7.613889682766505018e+01,5.214184549411744030e+00
7.615890254358387779e+01,4.923785331175320579e+00
7.617890825950271960e+01,5.416757922347205323e+00
7.619891397542154721e+01,5.446462832388173858e+00
7.621891969134038902e+01,5.241663385642725714e+00
7.623892540725921663e+01,6.069223267890482276e+00
7.625893112317805844e+01,5.407251645571987453e+00
7.627893683909688605e+01,6.168502044786078109e+00
7.629894255501572786e+01,5.888427238974141886e+00
7.631894827093455547e+01,6.690606459821156093e+00
7.633895398685339728e+01,6.837141950747556152e+00
7.635895970277222489e+01,7.346017199594718328e+00
7.637896541869105249e+01,8.202785012375324314e+00
7.639897113460989431e+01,8.310712452000105444e+00
7.641897685052872191e+01,9.702210629015031174e+00
7.643898256644756373e+01,9.427444380533311019e+00
7.645898828236639133e+01,9.616975430636127697e+00
7.647899399828523315e+01,1.117022894163906699e+01
7.649899971420406075e+01,1.202847576168366928e+01
7.651900543012290257e+01,1.144498838373444016e+01
7.653901114604173017e+01,1.313786076766023569e+01
7.655901686196055778e+01,1.354734900745712878e+01
7.657902257787939959e+01,1.389120250381763633e+01
7.659902829379822720e+01,1.420777935990340879e+01
7.661903400971706901e+01,1.524494025376747075e+01
7.663903972563589662e+01,1.589533553938370858e+01
7.665904544155473843e+01,1.644312081157427841e+01
7.667905115747356604e+01,1.682038915360454823e+01
7.669905687339240785e+01,1.657451689834056197e+01
7.671906258931123546e+01,1.746976263017383957e+01
7.673906830523006306e+01,1.645912796540229550e+01
7.675907402114890488e+01,1.582752000705077933e+01
7.677907973706773248e+01,1.568938940735342058e+01
7.679908545298657430e+01,1.544650676571169612e+01
7.681909116890540190e+01,1.536694146956700990e+01
7.683909688482424372e+01,1.373749156322510423e+01
7.685910260074307132e+01,1.331020023792682672e+01
7.687910831666191314e+01,1.251785319568764976e+01
7.689911403258074074e+01,1.178955130052511180e+01
7.691911974849956835e+01,1.113559904716293047e+01
7.693912546441841016e+01,1.068975652475171678e+01
7.695913118033723777e+01,1.050487498437192180e+01
7.697913689625607958e+01,9.615031176141986435e+00
7.699914261217490719e+01,9.190181278059544212e+00
7.701914832809374900e+01,8.150680451588586450e+00
7.703915404401257661e+01,7.218895308277463840e+00
7.705915975993141842e+01,7.248677484698772489e+00
7.707916547585024603e+01,6.395379760336160402e+00
7.709917119176907363e+01,6.500934287578528981e+00
7.711917690768791545e+01,5.993716287732299364e+00
7.713918262360674305e+01,5.292617551153593780e+00
7.715918833952558487e+01,5.565223895194671755e+00
7.717919405544441247e+01,5.292065466476028490e+00
7.719919977136325429e+01,5.209741127493833446e+00
7.721920548728208189e+01,4.376571034472485522e+00
7.723921120320092371e+01,4.346027133658449060e+00
7.725921691911975131e+01,4.145541207776632930e+00
7.727922263503859313e+01,4.890919807054628698e+00
7.729922835095742073e+01,4.975918220496772015e+00
7.731923406687624833e+01,4.045628620396573893e+00
7.733923978279509015e+01,4.484230241554528540e+00
7.735924549871391775e+01,4.319957238642958330e+00
7.737925121463275957e+01,4.429792522898653218e+00
7.739925693055158717e+01,3.704040094388798110e+00
7.741926264647042899e+01,4.641497632543307716e+00
7.743926836238925659e+01,3.591066729142330605e+00
7.745927407830809841e+01,4.422749809055924963e+00
7.747927979422692601e+01,3.564754194621692740e+00
7.749928551014575362e+01,3.582391632585911534e+00
7.751929122606459543e+01,3.517945570799336785e+00
7.753929694198342304e+01,4.052283292961687877e+00
7.755930265790226485e+01,4.314649387035169426e+00
7.757930837382109246e+01,3.588277194640029588e+00
7.759931408973993427e+01,3.773357580760219321e+00
7.761931980565876188e+01,4.905553900548731860e+00
7.763932552157760369e+01,4.926582522959360055e+00
7.765933123749643130e+01,5.229566182469917557e+00
7.767933695341525890e+01,4.343409036483734553e+00
7.769934266933410072e+01,4.348475427223919887e+00
7.771934838525292832e+01,4.447440607363945198e+00
7.773935410117177014e+01,4.643205631130709499e+00
7.775935981709059774e+01,4.655894851756151809e+00
7.777936553300943956e+01,4.009751600410904615e+00
7.779937124892826716e+01,3.966751059521609335e+00
7.781937696484710898e+01,5.216858720377164360e+00
7.783938268076593658e+01,5.129920099862458116e+00
7.785938839668476419e+01,4.143004878542153158e+00
7.787939411260360600e+01,4.529274305536115541e+00
7.789939982852243361e+01,4.239993964597589482e+00
7.791940554444127542e+01,4.146430847976939837e+00
7.793941126036010303e+01,4.882047512783131538e+00
7.795941697627894484e+01,5.241844501930690292e+00
7.797942269219777245e+01,4.314890046960426773e+00
7.799942840811661426e+01,4.000245439495253130e+00
7.801943412403544187e+01,5.155332546445944963e+00
7.803943983995426947e+01,4.431116526783657861e+00
7.805944555587311129e+01,4.533084244860923206e+00
7.807945127179193889e+01,4.566491423005023087e+00
7.809945698771078071e+01,4.699849110048821110e+00
7.811946270362960831e+01,4.010275437842553359e+00
7.813946841954845013e+01,4.857494971646870496e+00
7.815947413546727773e+01,4.099930618497842794e+00
7.817947985138611955e+01,4.439951432759883687e+00
7.819948556730494715e+01,4.677298424965931289e+00
7.821949128322378897e+01,4.587579578641038935e+00
7.823949699914261657e+01,4.253353522165264522e+00
7.825950271506144418e+01,4.140879780824841205e+00
7.827950843098028599e+01,4.442484496433065644e+00
7.829951414689911360e+01,4.032861861171284978e+00
7.831951986281795541e+01,4.574278112018102860e+00
7.833952557873678302e+01,3.941497822284397046e+00
7.835953129465562483e+01,3.566130204631477341e+00
7.837953701057445244e+01,4.282541929746046527e+00
7.839954272649329425e+01,3.409752656013730565e+00
7.841954844241212186e+01,4.143360818766445242e+00
7.843955415833094946e+01,4.636858111891160483e+00
7.845955987424979128e+01,4.167186804358044228e+00
7.847956559016861888e+01,4.290878111769459657e+00
7.849957130608746070e+01,4.806227088569125172e+00
7.851957702200628830e+01,4.939714995297529221e+00
7.853958273792513012e+01,3.748245188253819027e+00
7.855958845384395772e+01,4.517671498964134891e+00
7.857959416976279954e+01,4.383855960542162755e+00
7.859959988568162714e+01,4.672499171331802259e+00
7.861960560160045475e+01,4.688852813579290846e+00
7.863961131751929656e+01,5.332082920116604896e+00
7.865961703343812417e+01,5.261895469751181054e+00
7.867962274935696598e+01,5.451938708876218342e+00
7.869962846527579359e+01,5.194349188834819664e+00
7.871963418119463540e+01,5.956857038755826395e+00
7.873963989711346301e+01,6.319539586154943045e+00
7.875964561303230482e+01,5.422856746450610110e+00
7.877965132895113243e+01,6.516622229651536813e+00
7.879965704486996003e+01,5.884063225653939355e+00
7.881966276078880185e+01,6.795364662660834831e+00
7.883966847670762945e+01,6.362614722147381663e+00
7.885967419262647127e+01,6.583884033284030046e+00
7.887967990854529887e+01,7.300381673661773263e+00
7.889968562446414069e+01,7.406308479665991484e+00
7.891969134038296829e+01,6.742445814425258810e+00
7.893969705630181011e+01,6.713601521606263667e+00
7.895970277222063771e+01,7.213800691216354366e+00
7.897970848813946532e+01,7.707635827380204141e+00
7.899971420405830713e+01,6.196196664942371868e+00
7.901971991997713474e+01,7.129471705461339681e+00
7.903972563589597655e+01,7.359006117465077601e+00
7.905973135181480416e+01,6.538136495624209843e+00
7.907973706773364597e+01,6.874137371517118567e+00
7.909974278365247358e+01,6.334572706275530152e+00
7.911974849957131539e+01,5.990684927636239721e+00
7.913975421549014300e+01,5.715156489571444176e+00
7.915975993140898481e+01,5.392307931395165177e+00
7.917976564732781242e+01,5.220764202642097729e+00
7.919977136324664002e+01,5.463078074076380020e+00
7.921977707916548184e+01,6.019316772428387807e+00
7.923978279508430944e+01,5.863249674456903371e+00
7.925978851100315126e+01,4.982154361168955603e+00
7.927979422692197886e+01,5.639998575314757012e+00
7.929979994284082068e+01,5.576569375185782107e+00
7.931980565875964828e+01,5.467252266379116321e+00
7.933981137467849010e+01,5.690879925590415667e+00
7.935981709059731770e+01,5.464020347616653339e+00
7.937982280651614531e+01,6.121948096492985769e+00
7.939982852243498712e+01,4.993479171468726108e+00
7.941983423835381473e+01,5.019932865823387047e+00
7.943983995427265654e+01,5.862967181611249856e+00
7.945984567019148415e+01,5.668170612343047310e+00
7.947985138611032596e+01,4.596997511560025451e+00
7.949985710202915357e+01,5.336588448440664045e+00
7.951986281794799538e+01,6.111296907123772826e+00
7.953986853386682299e+01,4.929914066050844035e+00
7.955987424978565059e+01,5.155693375983000593e+00
7.957987996570449241e+01,4.622376614929581073e+00
7.959988568162332001e+01,4.890668078201990454e+00
7.961989139754216183e+01,5.048016977571883501e+00
7.963989711346098943e+01,5.376371469929964064e+00
7.965990282937983125e+01,5.036408565950567962e+00
7.967990854529865885e+01,5.455575411676747422e+00
7.969991426121750067e+01,5.688807465226705773e+00
7.971991997713632827e+01,5.146392800451721428e+00
7.973992569305515588e+01,6.080695806084163380e+00
7.975993140897399769e+01,6.080103567852702895e+00
7.977993712489282530e+01,5.507690072451794094e+00
7.979994284081166711e+01,5.647134582558463123e+00
7.981994855673049472e+01,5.425154413209543058e+00
7.983995427264933653e+01,6.271303177257510519e+00
7.985995998856816414e+01,6.322892510303503855e+00
7.987996570448700595e+01,5.734818238577232385e+00
7.989997142040583356e+01,5.431155156702468290e+00
7.991997713632466116e+01,6.255318012894429458e+00
7.993998285224350298e+01,5.152672717228878874e+00
7.995998856816233058e+01,5.067519443493962328e+00
7.997999428408117240e+01,5.526276659143776193e+00
8.000000000000000000e+01,4.710125373650695835e+00
