angle,intensity
1.000000000000000000e+01,3.812616964799653729e+00
1.002000571591883471e+01,4.250546121275684541e+00
1.004001143183766764e+01,3.842569945582626545e+00
1.006001714775650235e+01,3.688861277192019283e+00
1.008002286367533529e+01,3.290120628469022535e+00
1.010002857959417000e+01,4.112333271831440484e+00
1.012003429551300293e+01,4.201667547650507650e+00
1.014004001143183764e+01,3.971595450742549271e+00
1.016004572735067235e+01,3.934001740204608577e+00
1.018005144326950528e+01,2.999686723327179561e+00
1.020005715918833999e+01,3.636058393438182712e+00
1.022006287510717293e+01,3.886303596422412632e+00
1.024006859102600764e+01,2.977553587537446145e+00
1.026007430694484057e+01,2.878619193784864194e+00
1.028008002286367528e+01,2.819304207280799446e+00
1.030008573878250999e+01,2.731607039762514955e+00
1.032009145470134293e+01,3.641308983701316393e+00
1.034009717062017764e+01,2.946998787650233709e+00
1.036010288653901057e+01,2.922316485711870193e+00
1.038010860245784528e+01,3.463624181694521464e+00
1.040011431837667999e+01,3.194674638245740272e+00
1.042012003429551292e+01,3.483434491283682988e+00
1.044012575021434763e+01,2.958519866834262935e+00
1.046013146613318057e+01,3.937306130367324464e+00
1.048013718205201528e+01,2.737147952657120076e+00
1.050014289797084821e+01,3.809639427024452019e+00
1.052014861388968292e+01,3.778708720208229899e+00
1.054015432980851585e+01,3.146473483060886256e+00
1.056016004572735056e+01,3.440472159732959057e+00
1.058016576164618527e+01,3.692703980947663833e+00
1.060017147756501821e+01,3.429979530558210588e+00
1.062017719348385292e+01,3.723130252160063325e+00
1.064018290940268585e+01,3.126034795446398729e+00
1.066018862532152056e+01,3.782052435231459953e+00
1.068019434124035527e+01,3.459986521877065790e+00
1.070020005715918820e+01,3.546869830688460290e+00
1.072020577307802292e+01,3.546760975072690059e+00
1.074021148899685585e+01,2.671008129091998473e+00
1.076021720491569056e+01,4.140905210307936457e+00
1.078022292083452349e+01,3.181181294987757369e+00
1.080022863675335820e+01,3.411900206773951894e+00
1.082023435267219291e+01,3.905957617986736352e+00
1.084024006859102585e+01,3.418389779769267722e+00
1.086024578450986056e+01,3.772399313703824753e+00
1.088025150042869349e+01,3.707585409975817647e+00
1.090025721634752820e+01,3.859557639949495744e+00
1.092026293226636113e+01,3.730191585410802091e+00
1.094026864818519584e+01,3.645155744793755925e+00
1.096027436410403055e+01,3.459107938920669145e+00
1.098028008002286349e+01,3.805110716991283226e+00
1.100028579594169820e+01,3.275758520651600669e+00
1.102029151186053113e+01,3.963980981657621250e+00
1.104029722777936584e+01,3.258138569512338378e+00
1.106030294369819877e+01,3.013929699564349196e+00
1.108030865961703348e+01,3.062816947518989252e+00
1.110031437553586819e+01,3.351348114659620681e+00
1.112032009145470113e+01,3.500130377337475451e+00
1.114032580737353584e+01,3.773842895777280493e+00
1.116033152329236877e+01,3.176266655243025205e+00
1.118033723921120348e+01,4.075701462745991321e+00
1.120034295513003642e+01,3.283651879336142443e+00
1.122034867104887113e+01,3.300235517741754609e+00
1.124035438696770584e+01,4.211699342991401807e+00
1.126036010288653877e+01,4.044576842372261893e+00
1.128036581880537348e+01,3.095852905450885650e+00
1.130037153472420641e+01,3.781692796500765397e+00
1.132037725064304112e+01,3.135215283581834100e+00
1.134038296656187583e+01,3.757284733425654277e+00
1.136038868248070877e+01,3.608525729512888081e+00
1.138039439839954348e+01,3.082949526317783295e+00
1.140040011431837641e+01,3.705826023742094133e+00
1.142040583023721112e+01,4.202399971344221719e+00
1.144041154615604405e+01,3.411774865854889427e+00
1.146041726207487876e+01,3.317869655014697550e+00
1.148042297799371170e+01,3.698302621731802908e+00
1.150042869391254641e+01,3.791565630264428055e+00
1.152043440983138112e+01,3.102301165145243900e+00
1.154044012575021405e+01,2.916414751964073737e+00
1.156044584166904876e+01,3.970617770402430580e+00
1.158045155758788169e+01,2.935585729573258362e+00
1.160045727350671640e+01,3.883199435394853349e+00
1.162046298942555111e+01,3.848861507619580458e+00
1.164046870534438405e+01,3.405575289774053438e+00
1.166047442126321876e+01,3.897182774664220695e+00
1.168048013718205169e+01,3.521198527648261134e+00
1.170048585310088640e+01,3.073244184272136970e+00
1.172049156901971934e+01,3.753973945346428032e+00
1.174049728493855405e+01,4.044880369288837763e+00
1.176050300085738698e+01,3.516975292485464699e+00
1.178050871677622169e+01,3.863193837621394788e+00
1.180051443269505640e+01,3.675768652566035577e+00
1.182052014861388933e+01,2.706998053676640925e+00
1.184052586453272404e+01,2.837050071737085677e+00
1.186053158045155698e+01,3.204842301900481694e+00
1.188053729637039169e+01,3.253785841380300248e+00
1.190054301228922640e+01,4.084844435550349040e+00
1.192054872820805933e+01,3.568396370245574545e+00
1.194055444412689404e+01,3.994765389222779017e+00
1.196056016004572697e+01,3.158142746925679756e+00
1.198056587596456168e+01,3.107275147154169748e+00
1.200057159188339639e+01,3.436853470486353146e+00
1.202057730780222933e+01,3.408219142588563511e+00
1.204058302372106226e+01,3.572781233195880368e+00
1.206058873963989697e+01,3.351802029939055849e+00
1.208059445555873168e+01,4.216250829164217784e+00
1.210060017147756461e+01,3.290527068885217510e+00
1.212060588739639932e+01,3.575705687300668512e+00
1.214061160331523226e+01,3.768497704106301249e+00
1.216061731923406697e+01,4.228665022554757513e+00
1.218062303515290168e+01,4.052253434188963332e+00
1.220062875107173461e+01,2.708414560614742506e+00
1.222063446699056932e+01,3.105571864399161885e+00
1.224064018290940226e+01,4.225962656987544364e+00
1.226064589882823697e+01,3.253023386285137875e+00
1.228065161474707168e+01,3.578951039291537128e+00
1.230065733066590461e+01,2.860085075479536165e+00
1.232066304658473754e+01,3.172852239041835887e+00
1.234066876250357225e+01,3.887332269031630538e+00
1.236067447842240696e+01,3.312254314351079643e+00
1.238068019434123990e+01,3.124796809338806547e+00
1.240068591026007461e+01,3.379444792074406845e+00
1.242069162617890754e+01,3.295758422170810498e+00
1.244069734209774225e+01,3.378668896216199258e+00
1.246070305801657696e+01,4.206489037851518731e+00
1.248070877393540989e+01,3.468262705437502813e+00
1.250071448985424460e+01,3.642616853466297488e+00
1.252072020577307754e+01,3.591055455705468802e+00
1.254072592169191225e+01,3.463236547684593880e+00
1.256073163761074696e+01,3.386268457186465852e+00
1.258073735352957989e+01,3.532699556128330087e+00
1.260074306944841460e+01,2.632269695360796913e+00
1.262074878536724754e+01,3.818006369450621662e+00
1.264075450128608225e+01,3.962413594845860310e+00
1.266076021720491518e+01,3.663801391889562886e+00
1.268076593312374989e+01,3.532636095214443550e+00
1.270077164904258282e+01,3.970550366391140784e+00
1.272077736496141753e+01,3.192416815366954097e+00
1.274078308088025224e+01,3.024463248633538548e+00
1.276078879679908518e+01,2.623925621398323305e+00
1.278079451271791989e+01,2.924949352319336615e+00
1.280080022863675282e+01,3.646683129625117203e+00
1.282080594455558753e+01,3.540615889487855661e+00
1.284081166047442224e+01,3.024878946554132142e+00
1.286081737639325517e+01,2.734129192541214337e+00
1.288082309231208988e+01,4.141956210628715773e+00
1.290082880823092282e+01,3.116853122832671019e+00
1.292083452414975753e+01,2.833258340312450052e+00
1.294084024006859224e+01,3.178540291660861161e+00
1.296084595598742517e+01,2.673684535175992139e+00
1.298085167190625810e+01,3.260032867318991556e+00
1.300085738782509281e+01,3.653704668671147182e+00
1.302086310374392752e+01,3.306245436993861642e+00
1.304086881966276046e+01,3.918041901197603316e+00
1.306087453558159517e+01,3.638987769438919440e+00
1.308088025150042810e+01,3.078289045384735800e+00
1.310088596741926281e+01,3.515914366234831334e+00
1.312089168333809752e+01,3.135376209619060273e+00
1.314089739925693046e+01,4.014770617781728390e+00
1.316090311517576517e+01,3.232143604757658828e+00
1.318090883109459810e+01,3.825345447799238130e+00
1.320091454701343281e+01,3.416146192291499517e+00
1.322092026293226752e+01,3.854642445821989227e+00
1.324092597885110045e+01,3.485529192881603677e+00
1.326093169476993339e+01,3.410348143658846531e+00
1.328093741068876810e+01,3.269587641298938863e+00
1.330094312660760281e+01,3.784616144595064569e+00
1.332094884252643574e+01,3.063247466655121709e+00
1.334095455844527045e+01,3.583453280368164684e+00
1.336096027436410338e+01,3.331403825366237026e+00
1.338096599028293809e+01,3.383824405513676137e+00
1.340097170620177280e+01,3.958403772811927013e+00
1.342097742212060574e+01,3.242301732811420756e+00
1.344098313803944045e+01,4.077353314600226319e+00
1.346098885395827338e+01,3.059662245443491191e+00
1.348099456987710809e+01,2.857601153821746731e+00
1.350100028579594280e+01,3.898187462978962348e+00
1.352100600171477573e+01,3.705780686347847741e+00
1.354101171763361044e+01,4.127364407792097900e+00
1.356101743355244338e+01,4.414892076076235128e+00
1.358102314947127809e+01,3.998343265664535906e+00
1.360102886539011102e+01,3.909830262315125982e+00
1.362103458130894573e+01,3.203632795304360403e+00
1.364104029722777867e+01,3.111955242442826730e+00
1.366104601314661338e+01,4.315401115152833533e+00
1.368105172906544809e+01,3.323851122545080639e+00
1.370105744498428102e+01,3.538540302994541698e+00
1.372106316090311573e+01,3.770915883990111350e+00
1.374106887682194866e+01,3.004856473092854419e+00
1.376107459274078337e+01,3.985523064770427837e+00
1.378108030865961808e+01,3.857086705286731032e+00
1.380108602457845102e+01,3.762228507390092958e+00
1.382109174049728573e+01,3.386661298190174474e+00
1.384109745641611866e+01,3.636123249860541584e+00
1.386110317233495337e+01,3.427293896984807020e+00
1.388110888825378808e+01,3.727886616993190572e+00
1.390111460417262101e+01,4.014218272835573309e+00
1.392112032009145395e+01,3.749667332764250460e+00
1.394112603601028866e+01,3.480334751949617722e+00
1.396113175192912337e+01,3.837635293965477423e+00
1.398113746784795630e+01,3.176805147220918890e+00
1.400114318376679101e+01,3.778517118466569791e+00
1.402114889968562395e+01,3.522276252135251529e+00
1.404115461560445866e+01,3.716467651697800800e+00
1.406116033152329337e+01,4.364268734318552667e+00
1.408116604744212630e+01,3.564475877416617422e+00
1.410117176336095923e+01,3.798361069821305946e+00
1.412117747927979394e+01,4.164948115941314200e+00
1.414118319519862865e+01,4.532652124430848417e+00
1.416118891111746336e+01,3.504065373010539997e+00
1.418119462703629630e+01,3.466365111629028828e+00
1.420120034295512923e+01,4.117565757033101903e+00
1.422120605887396394e+01,4.110590778293229164e+00
1.424121177479279865e+01,4.188217492766404426e+00
1.426121749071163336e+01,3.927979623334974413e+00
1.428122320663046629e+01,4.745809494475231816e+00
1.430122892254929923e+01,3.708401373083567876e+00
1.432123463846813394e+01,4.714123778862374436e+00
1.434124035438696865e+01,4.812463111682477646e+00
1.436124607030580158e+01,4.414842458505781941e+00
1.438125178622463629e+01,3.978256099595307571e+00
1.440125750214346922e+01,4.698549706831943951e+00
1.442126321806230393e+01,3.874815339067464670e+00
1.444126893398113864e+01,3.958621956721369628e+00
1.446127464989997158e+01,4.512892839828315239e+00
1.448128036581880451e+01,4.798232976403738803e+00
1.450128608173763922e+01,4.081161808406054803e+00
1.452129179765647393e+01,4.894745638581058600e+00
1.454129751357530864e+01,4.237242195118530397e+00
1.456130322949414158e+01,4.491362854832147811e+00
1.458130894541297451e+01,4.887813991617336207e+00
1.460131466133180922e+01,4.827031763647804397e+00
1.462132037725064393e+01,4.844501267552629997e+00
1.464132609316947686e+01,4.938690126581937179e+00
1.466133180908831157e+01,4.599559600935013037e+00
1.468133752500714451e+01,4.838733223112352988e+00
1.470134324092597922e+01,5.301184971502140186e+00
1.472134895684481393e+01,5.233022798203581516e+00
1.474135467276364686e+01,5.204242697145199159e+00
1.476136038868247979e+01,5.043279843818510244e+00
1.478136610460131450e+01,4.581383951767573848e+00
1.480137182052014921e+01,5.578133564590997295e+00
1.482137753643898392e+01,4.989077102519592799e+00
1.484138325235781686e+01,5.688674082148496680e+00
1.486138896827664979e+01,5.265015113858199314e+00
1.488139468419548450e+01,5.263184564416882871e+00
1.490140040011431921e+01,5.113397665032312744e+00
1.492140611603315392e+01,5.570621273730821166e+00
1.494141183195198685e+01,5.439847313219511094e+00
1.496141754787081979e+01,5.871687841297032584e+00
1.498142326378965450e+01,5.970562896938384156e+00
1.500142897970848921e+01,5.405993708494264638e+00
1.502143469562732214e+01,6.344386802898638322e+00
1.504144041154615508e+01,6.264585600543606247e+00
1.506144612746498979e+01,5.588673530046269988e+00
1.508145184338382450e+01,5.757446197880389249e+00
1.510145755930265921e+01,6.124414711445722581e+00
1.512146327522149214e+01,6.055743937109428821e+00
1.514146899114032507e+01,5.743394537160660285e+00
1.516147470705915978e+01,6.139920183892881411e+00
1.518148042297799449e+01,6.004981510467372274e+00
1.520148613889682920e+01,6.735657013290275330e+00
1.522149185481566214e+01,6.302948110942149462e+00
1.524149757073449507e+01,6.539007696692271665e+00
1.526150328665332978e+01,6.379167537590205939e+00
1.528150900257216449e+01,6.217553561837695142e+00
1.530151471849099742e+01,7.135734668715201678e+00
1.532152043440983036e+01,6.439949607499543482e+00
1.534152615032866507e+01,6.609199505790599005e+00
1.536153186624749978e+01,5.710915644124487045e+00
1.538153758216633449e+01,6.277144983466106609e+00
1.540154329808516742e+01,6.508349586787918639e+00
1.542154901400400036e+01,6.651577227283747007e+00
1.544155472992283507e+01,6.773747989511775813e+00
1.546156044584166978e+01,5.796658947865033440e+00
1.548156616176050449e+01,5.528317530987733264e+00
1.550157187767933742e+01,6.056046989636151068e+00
1.552157759359817035e+01,5.587436771964497062e+00
1.554158330951700506e+01,5.828995201448922359e+00
1.556158902543583977e+01,6.163262359474317442e+00
1.558159474135467271e+01,5.147763499939163268e+00
1.560160045727350742e+01,5.513152788128527604e+00
1.562160617319234035e+01,5.921513912750553388e+00
1.564161188911117506e+01,4.745611197412617166e+00
1.566161760503000977e+01,5.335783872975568443e+00
1.568162332094884270e+01,5.555604447566832249e+00
1.570162903686767564e+01,4.429311927898904599e+00
1.572163475278651035e+01,5.121886952524556946e+00
1.574164046870534506e+01,4.727486296633704121e+00
1.576164618462417977e+01,4.950755091062244873e+00
1.578165190054301270e+01,5.032004990455685167e+00
1.580165761646184563e+01,4.858823945536411948e+00
1.582166333238068034e+01,5.071762889313476741e+00
1.584166904829951505e+01,5.086968600337337776e+00
1.586167476421834799e+01,4.863486194980579214e+00
1.588168048013718270e+01,5.012838534065926943e+00
1.590168619605601563e+01,5.513768271808043409e+00
1.592169191197485034e+01,5.228549680272683631e+00
1.594169762789368505e+01,5.139550220031203764e+00
1.596170334381251799e+01,5.169038426823085786e+00
1.598170905973135092e+01,5.111145787552707986e+00
1.600171477565018563e+01,5.502483315178781531e+00
1.602172049156902034e+01,4.720024893878640881e+00
1.604172620748785505e+01,4.468103060614699196e+00
1.606173192340668976e+01,4.069143228350871055e+00
1.608173763932552092e+01,3.501503171427699179e+00
1.610174335524435563e+01,3.988632018590677397e+00
1.612174907116319034e+01,3.505854077563717919e+00
1.614175478708202505e+01,4.097123820952999651e+00
1.616176050300085620e+01,3.523761581257411457e+00
1.618176621891969091e+01,3.717386227200358828e+00
1.620177193483852562e+01,3.316468459224760856e+00
1.622177765075736033e+01,4.328910145668039888e+00
1.624178336667619504e+01,3.217621419731766963e+00
1.626178908259502620e+01,3.805620594089181630e+00
1.628179479851386091e+01,3.657212313755303867e+00
1.630180051443269562e+01,4.267526862888683326e+00
1.632180623035153033e+01,3.134184205085963626e+00
1.634181194627036149e+01,3.813847825675924064e+00
1.636181766218919620e+01,3.768181385387405324e+00
1.638182337810803091e+01,2.959504884309069883e+00
1.640182909402686562e+01,3.700712684261243446e+00
1.642183480994570033e+01,3.645487369456160032e+00
1.644184052586453504e+01,3.265300955322058218e+00
1.646184624178336620e+01,2.822213386328336515e+00
1.648185195770220091e+01,3.745553087174449125e+00
1.650185767362103562e+01,3.572982386705857216e+00
1.652186338953986677e+01,4.178008766129767793e+00
1.654186910545870148e+01,4.290159806237927143e+00
1.656187482137753619e+01,3.654314668534873078e+00
1.658188053729637090e+01,3.475179919354817848e+00
1.660188625321520561e+01,3.526407728077504355e+00
1.662189196913404032e+01,3.159881163626262257e+00
1.664189768505287148e+01,3.087861555236386391e+00
1.666190340097170619e+01,3.639893309174444092e+00
1.668190911689054090e+01,4.087249186238614662e+00
1.670191483280937561e+01,4.149232142581581684e+00
1.672192054872820677e+01,3.933680304240664061e+00
1.674192626464704148e+01,4.557168851236092166e+00
1.676193198056587619e+01,3.336751377104667959e+00
1.678193769648471090e+01,4.492522055756193566e+00
1.680194341240354561e+01,3.987862264394911982e+00
1.682194912832238032e+01,3.669507060770810902e+00
1.684195484424121148e+01,3.765300321018863361e+00
1.686196056016004619e+01,4.149044384068612423e+00
1.688196627607888090e+01,3.807522604402535205e+00
1.690197199199771205e+01,3.696767781492241944e+00
1.692197770791654676e+01,3.231108025757855273e+00
1.694198342383538147e+01,3.856827029320283096e+00
1.696198913975421618e+01,3.879374500029861839e+00
1.698199485567305089e+01,3.824217873811655899e+00
1.700200057159188560e+01,3.980918150736758143e+00
1.702200628751071676e+01,3.313718834683630377e+00
1.704201200342955147e+01,4.323761326249417891e+00
1.706201771934838618e+01,4.240144587273585230e+00
1.708202343526722089e+01,4.028874561935686494e+00
1.710202915118605205e+01,3.641175722118763058e+00
1.712203486710488676e+01,4.191400030006431798e+00
1.714204058302372147e+01,4.587102813287462055e+00
1.716204629894255618e+01,5.059355422569016270e+00
1.718205201486139089e+01,4.391828491114535105e+00
1.720205773078022204e+01,4.974239182245400848e+00
1.722206344669905675e+01,4.419097805880269014e+00
1.724206916261789146e+01,4.274212518594124433e+00
1.726207487853672617e+01,4.109623851813922535e+00
1.728208059445555733e+01,5.023791854255765799e+00
1.730208631037439204e+01,4.729060460595574611e+00
1.732209202629322675e+01,3.704198817559996471e+00
1.734209774221206146e+01,4.283291916293121560e+00
1.736210345813089617e+01,4.864541247820623582e+00
1.738210917404973088e+01,4.758248641247583066e+00
1.740211488996856204e+01,4.828237354929637348e+00
1.742212060588739675e+01,4.225407546478056275e+00
1.744212632180623146e+01,5.127117249692105361e+00
1.746213203772506262e+01,5.703734614610633358e+00
1.748213775364389733e+01,4.963119230004808813e+00
1.750214346956273204e+01,4.721300378864214053e+00
1.752214918548156675e+01,4.560492932079796446e+00
1.754215490140040146e+01,4.526732513449569950e+00
1.756216061731923617e+01,5.173694798137586481e+00
1.758216633323806732e+01,5.739175221705304253e+00
1.760217204915690203e+01,5.658724040887554096e+00
1.762217776507573674e+01,4.556275158648656287e+00
1.764218348099457145e+01,5.097316348666721453e+00
1.766218919691340261e+01,6.126925615778672451e+00
1.768219491283223732e+01,5.278738043105875022e+00
1.770220062875107203e+01,5.942922730992618696e+00
1.772220634466990674e+01,5.252538457206716416e+00
1.774221206058874145e+01,4.790444727378414314e+00
1.776221777650757616e+01,5.588760424445826658e+00
1.778222349242640732e+01,5.287944820387295408e+00
1.780222920834524203e+01,4.159081093240478921e+00
1.782223492426407674e+01,4.818146226520746644e+00
1.784224064018290790e+01,4.872712952227210792e+00
1.786224635610174261e+01,5.219132604256874863e+00
1.788225207202057732e+01,4.113636171781609008e+00
1.790225778793941203e+01,4.249598362442428723e+00
1.792226350385824674e+01,3.967200093164324315e+00
1.794226921977708145e+01,4.552856786138788081e+00
1.796227493569591260e+01,4.507472900643689329e+00
1.798228065161474731e+01,3.783978132669167493e+00
1.800228636753358202e+01,4.145246189613200016e+00
1.802229208345241318e+01,4.084735233508933305e+00
1.804229779937124789e+01,3.989695223137915914e+00
1.806230351529008260e+01,3.581481385059152256e+00
1.808230923120891731e+01,3.610249167865546838e+00
1.810231494712775202e+01,3.590089840814761679e+00
1.812232066304658673e+01,3.636202158034763432e+00
1.814232637896542144e+01,3.710904764658495392e+00
1.816233209488425260e+01,3.153016352687824764e+00
1.818233781080308731e+01,3.743505372425489863e+00
1.820234352672191847e+01,4.040478253377847828e+00
1.822234924264075318e+01,2.535246506835950875e+00
1.824235495855958789e+01,3.508879683000375671e+00
1.826236067447842260e+01,3.551963834089678862e+00
1.828236639039725731e+01,3.672978917096145324e+00
1.830237210631609202e+01,2.951400016862738784e+00
1.832237782223492673e+01,2.946412944316659122e+00
1.834238353815375788e+01,3.377623127286248916e+00
1.836238925407259259e+01,3.741328288491754250e+00
1.838239496999142730e+01,3.280431229128691228e+00
1.840240068591025846e+01,3.461588605838257671e+00
1.842240640182909317e+01,3.448177798216008227e+00
1.844241211774792788e+01,2.800639357685390074e+00
1.846241783366676259e+01,4.109069561715240404e+00
1.848242354958559730e+01,2.813257665892378689e+00
1.850242926550443201e+01,3.183682733934393827e+00
1.852243498142326672e+01,3.369623178474272507e+00
1.854244069734209788e+01,3.972251442977824176e+00
1.856244641326093259e+01,3.359757321745961534e+00
1.858245212917976374e+01,3.822422431869382464e+00
1.860245784509859845e+01,3.586598142789485522e+00
1.862246356101743316e+01,3.324296852151071846e+00
1.864246927693626787e+01,3.451842009117973120e+00
1.866247499285510258e+01,3.842163233375660347e+00
1.868248070877393729e+01,2.987276777371797643e+00
1.870248642469277200e+01,3.828628080656062416e+00
1.872249214061160316e+01,3.134425975522729502e+00
1.874249785653043787e+01,3.120074333910388464e+00
1.876250357244927258e+01,3.941329276483409583e+00
1.878250928836810374e+01,3.266850747297462387e+00
1.880251500428693845e+01,3.857552052498173012e+00
1.882252072020577316e+01,3.203568546611696100e+00
1.884252643612460787e+01,3.290218798063826000e+00
1.886253215204344258e+01,3.497724629260051898e+00
1.888253786796227729e+01,3.513950847103556985e+00
1.890254358388111200e+01,3.247490740066627524e+00
1.892254929979994316e+01,3.942174204951359506e+00
1.894255501571877787e+01,3.340998544068175313e+00
1.896256073163760902e+01,3.444864115262752158e+00
1.898256644755644373e+01,4.052757081536492834e+00
1.900257216347527844e+01,3.462392043496060001e+00
1.902257787939411315e+01,2.889888410456816992e+00
1.904258359531294786e+01,3.639775005472897007e+00
1.906258931123178257e+01,3.580161025494552618e+00
1.908259502715061728e+01,3.368714847265076973e+00
1.910260074306944844e+01,3.047357842893263946e+00
1.912260645898828315e+01,2.886469359509186816e+00
1.914261217490711431e+01,3.548428814130986986e+00
1.916261789082594902e+01,3.627674608829738467e+00
1.918262360674478373e+01,3.625424703093123036e+00
1.920262932266361844e+01,3.536229934256661878e+00
1.922263503858245315e+01,3.445961654363749460e+00
1.924264075450128786e+01,3.468015233186630297e+00
1.926264647042012257e+01,3.890606475409295495e+00
1.928265218633895373e+01,4.022539487508923983e+00
1.930265790225778844e+01,3.175691266515783706e+00
1.932266361817662315e+01,3.864331634179796193e+00
1.934266933409545430e+01,3.754371155750706457e+00
1.936267505001428901e+01,3.577654975098119916e+00
1.938268076593312372e+01,3.521524614837308054e+00
1.940268648185195843e+01,2.994404768724721499e+00
1.942269219777079314e+01,3.738813773705270904e+00
1.944269791368962785e+01,2.893888597032959531e+00
1.946270362960846256e+01,3.319409345448277371e+00
1.948270934552729372e+01,4.203834166214416967e+00
1.950271506144612843e+01,3.066156878748200754e+00
1.952272077736495959e+01,3.710623865512870267e+00
1.954272649328379430e+01,3.922664753335914689e+00
1.956273220920262901e+01,3.693043328416064863e+00
1.958273792512146372e+01,2.843426102647487852e+00
1.960274364104029843e+01,3.341652203140331512e+00
1.962274935695913314e+01,3.079642957119973268e+00
1.964275507287796785e+01,3.761117628123412437e+00
1.966276078879679901e+01,4.030287661258471488e+00
1.968276650471563372e+01,3.618830070407976329e+00
1.970277222063446487e+01,4.077842966835946825e+00
1.972277793655329958e+01,3.527123172364832193e+00
1.974278365247213429e+01,3.157816491012737536e+00
1.976278936839096900e+01,3.758808454082306572e+00
1.978279508430980371e+01,3.534699993081800606e+00
1.980280080022863842e+01,3.150984472506332068e+00
1.982280651614747313e+01,2.936073126093678098e+00
1.984281223206630784e+01,3.924476354463365624e+00
1.986281794798513900e+01,2.870021370652874992e+00
1.988282366390397371e+01,3.409782755193449866e+00
1.990282937982280487e+01,3.736451467682516459e+00
1.992283509574163958e+01,3.154251125209881046e+00
1.994284081166047429e+01,3.144866729047461007e+00
1.996284652757930900e+01,3.961501380900696034e+00
1.998285224349814371e+01,3.770469832530989773e+00
2.000285795941697842e+01,3.610743326486521632e+00
2.002286367533581313e+01,3.022539834853189777e+00
2.004286939125464428e+01,3.444108550257767298e+00
2.006287510717347899e+01,4.693004944324907335e+00
2.008288082309231015e+01,3.619851474118721768e+00
2.010288653901114486e+01,4.669111520535087934e+00
2.012289225492997957e+01,4.292754660442327896e+00
2.014289797084881428e+01,4.251310001182362797e+00
2.016290368676764899e+01,4.698245166411664009e+00
2.018290940268648370e+01,4.768793601204286858e+00
2.020291511860531841e+01,4.282849274993299815e+00
2.022292083452414957e+01,4.250716561714130037e+00
2.024292655044298428e+01,4.491187373076407141e+00
2.026293226636181899e+01,5.020528910275688261e+00
2.028293798228065015e+01,4.018285001122109179e+00
2.030294369819948486e+01,4.221678101080353684e+00
2.032294941411831957e+01,4.805297983664971184e+00
2.034295513003715428e+01,4.610367655475020143e+00
2.036296084595598899e+01,4.227543931748276584e+00
2.038296656187482370e+01,4.755723707462232497e+00
2.040297227779365841e+01,4.643460931275964043e+00
2.042297799371248956e+01,5.471136784470139958e+00
2.044298370963132427e+01,4.192766346482643236e+00
2.046298942555015543e+01,4.652678175936982186e+00
2.048299514146899014e+01,5.698046775662565011e+00
2.050300085738782485e+01,5.817300259781267968e+00
2.052300657330665956e+01,5.783950723210473654e+00
2.054301228922549427e+01,6.118835946418755611e+00
2.056301800514432898e+01,5.463328574003609717e+00
2.058302372106316369e+01,5.628481666238384307e+00
2.060302943698199485e+01,4.999075801471851044e+00
2.062303515290082956e+01,5.156326243001464249e+00
2.064304086881966072e+01,5.516013759870512345e+00
2.066304658473849543e+01,6.071822614722515610e+00
2.068305230065733014e+01,5.581128214395473464e+00
2.070305801657616485e+01,6.000766564119411228e+00
2.072306373249499956e+01,6.172890753292783472e+00
2.074306944841383427e+01,6.441814333335951659e+00
2.076307516433266898e+01,6.914721034893810625e+00
2.078308088025150369e+01,7.021611363237367343e+00
2.080308659617033484e+01,6.776590013370466181e+00
2.082309231208916955e+01,7.519057451339545395e+00
2.084309802800800071e+01,7.363679027601952143e+00
2.086310374392683542e+01,8.068242545376856256e+00
2.088310945984567013e+01,7.321295401826181326e+00
2.090311517576450484e+01,7.785469251615102060e+00
2.092312089168333955e+01,7.755194985976793909e+00
2.094312660760217426e+01,8.098825878122886124e+00
2.096313232352100897e+01,7.868293901229842291e+00
2.098313803943984013e+01,8.213035412706041427e+00
2.100314375535867484e+01,8.352899993629625541e+00
2.102314947127750600e+01,8.912615674646355401e+00
2.104315518719634071e+01,8.923046613379948866e+00
2.106316090311517542e+01,8.549750338008220041e+00
2.108316661903401013e+01,8.812175421996169433e+00
2.110317233495284484e+01,8.026403587482633384e+00
2.112317805087167955e+01,8.844276544030041265e+00
2.114318376679051426e+01,8.489143616178189689e+00
2.116318948270934541e+01,7.530371751344806519e+00
2.118319519862818012e+01,8.019147804009168823e+00
2.120320091454701483e+01,8.026462586255037834e+00
2.122320663046584599e+01,7.629338347785138197e+00
2.124321234638468070e+01,8.296131096107732361e+00
2.126321806230351541e+01,8.418474703212513788e+00
2.128322377822235012e+01,8.256375157282642263e+00
2.130322949414118483e+01,7.854485054073386152e+00
2.132323521006001954e+01,7.760748248701969665e+00
2.134324092597885425e+01,7.662085543458213799e+00
2.136324664189768541e+01,6.924802764322105730e+00
2.138325235781652012e+01,6.950102465515746175e+00
2.140325807373535127e+01,6.856141400687473464e+00
2.142326378965418598e+01,6.700673859886106420e+00
2.144326950557302069e+01,6.269912288889951668e+00
2.146327522149185540e+01,7.046081524153446907e+00
2.148328093741069011e+01,6.518495415519643288e+00
2.150328665332952482e+01,6.187853789211247957e+00
2.152329236924835953e+01,6.525079665172948573e+00
2.154329808516719069e+01,6.403149229333045866e+00
2.156330380108602540e+01,6.577703086580763525e+00
2.158330951700485656e+01,6.848775143703686119e+00
2.160331523292369127e+01,7.162964211248084467e+00
2.162332094884252598e+01,6.801697935084796143e+00
2.164332666476136069e+01,7.367842901279107792e+00
2.166333238068019540e+01,7.426936300298955018e+00
2.168333809659903011e+01,7.583033621994979434e+00
2.170334381251786482e+01,7.790405581136225166e+00
2.172334952843669598e+01,7.673509951284280817e+00
2.174335524435553069e+01,7.859418367674433803e+00
2.176336096027436540e+01,7.833374774368325077e+00
2.178336667619319655e+01,8.131754596122783951e+00
2.180337239211203126e+01,8.390720255464103161e+00
2.182337810803086597e+01,8.512366673335433731e+00
2.184338382394970068e+01,9.318217461172324079e+00
2.186338953986853539e+01,8.725953922319682476e+00
2.188339525578737010e+01,9.132399742023562084e+00
2.190340097170620481e+01,1.011886889111038812e+01
2.192340668762503597e+01,9.583147470278664315e+00
2.194341240354387068e+01,1.074692648286266916e+01
2.196341811946270184e+01,1.066984198613302581e+01
2.198342383538153655e+01,1.188168367223983424e+01
2.200342955130037126e+01,1.113113687992565204e+01
2.202343526721920597e+01,1.192428380032842661e+01
2.204344098313804068e+01,1.211147862809087883e+01
2.206344669905687539e+01,1.345225883247823084e+01
2.208345241497571010e+01,1.320489418995278896e+01
2.210345813089454126e+01,1.311463898560826280e+01
2.212346384681337597e+01,1.330838324192460931e+01
2.214346956273221068e+01,1.406092219780101971e+01
2.216347527865104183e+01,1.507906875591964990e+01
2.218348099456987654e+01,1.495613877621190468e+01
2.220348671048871125e+01,1.485098985919575121e+01
2.222349242640754596e+01,1.595075420626666229e+01
2.224349814232638067e+01,1.654967242861126309e+01
2.226350385824521538e+01,1.645190817874402711e+01
2.228350957416405009e+01,1.689992201154596074e+01
2.230351529008288125e+01,1.764036802114640068e+01
2.232352100600171596e+01,1.683392360467280469e+01
2.234352672192054712e+01,1.679503636983052672e+01
2.236353243783938183e+01,1.759265051850401562e+01
2.238353815375821654e+01,1.769486366806408029e+01
2.240354386967705125e+01,1.709303618229141364e+01
2.242354958559588596e+01,1.588043629304928395e+01
2.244355530151472067e+01,1.548008814356619212e+01
2.246356101743355538e+01,1.411411368750735917e+01
2.248356673335238654e+01,1.426581840382414867e+01
2.250357244927122125e+01,1.315361780896102673e+01
2.252357816519005240e+01,1.209439597028148583e+01
2.254358388110888711e+01,1.097175674923627042e+01
2.256358959702772182e+01,9.629448629351047728e+00
2.258359531294655653e+01,9.248327542679497526e+00
2.260360102886539124e+01,8.483785480398640999e+00
2.262360674478422595e+01,8.594032444324481546e+00
2.264361246070306066e+01,7.850712702890143113e+00
2.266361817662189182e+01,6.373253426725883131e+00
2.268362389254072653e+01,6.000599681367522642e+00
2.270362960845956124e+01,5.916419500651066699e+00
2.272363532437839240e+01,4.986434567016324593e+00
2.274364104029722711e+01,4.890197193247516338e+00
2.276364675621606182e+01,4.955426071941129607e+00
2.278365247213489653e+01,4.455000745388863592e+00
2.280365818805373124e+01,3.872288580445315542e+00
2.282366390397256595e+01,4.520931469915855594e+00
2.284366961989140066e+01,4.106297020520338847e+00
2.286367533581023181e+01,3.583543570836686953e+00
2.288368105172906652e+01,3.790478562490927850e+00
2.290368676764789768e+01,3.797319220441538690e+00
2.292369248356673239e+01,3.931637756778537440e+00
2.294369819948556710e+01,4.520672667814197965e+00
2.296370391540440181e+01,3.899229023230253333e+00
2.298370963132323652e+01,4.705225862520557634e+00
2.300371534724207123e+01,3.742092684732742924e+00
2.302372106316090594e+01,3.993669988305847962e+00
2.304372677907973710e+01,3.496049817887584066e+00
2.306373249499857181e+01,3.898636230157359606e+00
2.308373821091740652e+01,3.854995244578214741e+00
2.310374392683623768e+01,3.726356744976077273e+00
2.312374964275507239e+01,4.612898448836954657e+00
2.314375535867390710e+01,3.381832288394011954e+00
2.316376107459274181e+01,3.607019311588638644e+00
2.318376679051157652e+01,4.197975925835152111e+00
2.320377250643041123e+01,4.763225915120098186e+00
2.322377822234924594e+01,3.842085928837539299e+00
2.324378393826807709e+01,4.711600701628258392e+00
2.326378965418691180e+01,4.320446301040679948e+00
2.328379537010574296e+01,4.680789523915813710e+00
2.330380108602457767e+01,3.527925541787483965e+00
2.332380680194341238e+01,3.882021363588493479e+00
2.334381251786224709e+01,4.026883296846175853e+00
2.336381823378108180e+01,4.226774814930209345e+00
2.338382394969991651e+01,4.602897252867919953e+00
2.340382966561875122e+01,4.583619760196047110e+00
2.342383538153758238e+01,4.719213709399635803e+00
2.344384109745641709e+01,3.894510143691259252e+00
2.346384681337524825e+01,4.862378400722713323e+00
2.348385252929408296e+01,5.300184882022219490e+00
2.350385824521291767e+01,4.759580236738095493e+00
2.352386396113175238e+01,4.870413780270753890e+00
2.354386967705058709e+01,5.260181986558707834e+00
2.356387539296942180e+01,5.091017958088099427e+00
2.358388110888825651e+01,4.717916121641059668e+00
2.360388682480708766e+01,5.814560395920257641e+00
2.362389254072592237e+01,5.008627584038542579e+00
2.364389825664475708e+01,5.844821678746693117e+00
2.366390397256358824e+01,5.228332137617945463e+00
2.368390968848242295e+01,5.283512340251659722e+00
2.370391540440125766e+01,5.796369937818822038e+00
2.372392112032009237e+01,6.528160027128270926e+00
2.374392683623892708e+01,5.540066453950341696e+00
2.376393255215776179e+01,6.835561278403384122e+00
2.378393826807659650e+01,5.536474552544468963e+00
2.380394398399542766e+01,6.673742380181217015e+00
2.382394969991426237e+01,6.496750597142272099e+00
2.384395541583309353e+01,6.658069970596100617e+00
2.386396113175192824e+01,7.428786088885034999e+00
2.388396684767076295e+01,6.776579910670042395e+00
2.390397256358959766e+01,7.160249713551346318e+00
2.392397827950843237e+01,7.408025537235690905e+00
2.394398399542726708e+01,7.880150355203500823e+00
2.396398971134610179e+01,8.016304219696749556e+00
2.398399542726493294e+01,7.911413233052849492e+00
2.400400114318376765e+01,8.242703475028685389e+00
2.402400685910260236e+01,7.833016969818848985e+00
2.404401257502143352e+01,8.236198616311600773e+00
2.406401829094026823e+01,7.749649397743032964e+00
2.408402400685910294e+01,8.122870581824134462e+00
2.410402972277793765e+01,8.432293279138654896e+00
2.412403543869677236e+01,8.022331087647742720e+00
2.414404115461560707e+01,7.897187466160930036e+00
2.416404687053444178e+01,7.704834371673578985e+00
2.418405258645327294e+01,8.225047199362808925e+00
2.420405830237210765e+01,8.018888771904276069e+00
2.422406401829093880e+01,7.473742258501406610e+00
2.424406973420977351e+01,7.333926365840692796e+00
2.426407545012860822e+01,7.611579163881711629e+00
2.428408116604744293e+01,7.326205986774743550e+00
2.430408688196627764e+01,6.473031881399837317e+00
2.432409259788511235e+01,6.191993409108063950e+00
2.434409831380394706e+01,5.639318478934655765e+00
2.436410402972277822e+01,5.143403776413324024e+00
2.438410974564161293e+01,5.754857711063939618e+00
2.440411546156044409e+01,5.521492400266619249e+00
2.442412117747927880e+01,6.001366925398105678e+00
2.444412689339811351e+01,5.076430756377092735e+00
2.446413260931694822e+01,5.319302329937858786e+00
2.448413832523578293e+01,5.060360978964716594e+00
2.450414404115461764e+01,5.633919174473739133e+00
2.452414975707345235e+01,5.940590134857126614e+00
2.454415547299228351e+01,5.580013201864952421e+00
2.456416118891111822e+01,5.901133083849623873e+00
2.458416690482995293e+01,5.747793748771825584e+00
2.460417262074878408e+01,6.051413663457298142e+00
2.462417833666761879e+01,6.112618217412086885e+00
2.464418405258645350e+01,6.807190795942695161e+00
2.466418976850528821e+01,6.178393490265241539e+00
2.468419548442412292e+01,6.246843004112490050e+00
2.470420120034295763e+01,6.856129300253172687e+00
2.472420691626179234e+01,7.009735192380204261e+00
2.474421263218062350e+01,6.713985856950257514e+00
2.476421834809945821e+01,7.077015938136726803e+00
2.478422406401828937e+01,6.314315037983125656e+00
2.480422977993712408e+01,7.293693158632462925e+00
2.482423549585595879e+01,7.209179627962860160e+00
2.484424121177479350e+01,6.962069302852508024e+00
2.486424692769362821e+01,7.640352645753633709e+00
2.488425264361246292e+01,8.101747518249812430e+00
2.490425835953129763e+01,7.935193995660895894e+00
2.492426407545012879e+01,8.283044845410602264e+00
2.494426979136896350e+01,8.296797442076934814e+00
2.496427550728779821e+01,7.625677737389665367e+00
2.498428122320662936e+01,8.690397359213626771e+00
2.500428693912546407e+01,8.378952797182918744e+00
2.502429265504429878e+01,8.971122592500943682e+00
2.504429837096313349e+01,8.361518712353923632e+00
2.506430408688196820e+01,8.772839320619377546e+00
2.508430980280080291e+01,8.044626216648955719e+00
2.510431551871963762e+01,8.565830725140877178e+00
2.512432123463846878e+01,8.079994337925596071e+00
2.514432695055730349e+01,8.859327847943443857e+00
2.516433266647613465e+01,8.922584494945809297e+00
2.518433838239496936e+01,8.720111943242336849e+00
2.520434409831380407e+01,8.406747091073727418e+00
2.522434981423263878e+01,8.615305006631464479e+00
2.524435553015147349e+01,9.059336440210225661e+00
2.526436124607030820e+01,9.557367888152665358e+00
2.528436696198914291e+01,8.504662881831826837e+00
2.530437267790797407e+01,8.702574591653428726e+00
2.532437839382680878e+01,9.140186816147696902e+00
2.534438410974563993e+01,9.293819344657256565e+00
2.536438982566447464e+01,8.234059195000428488e+00
2.538439554158330935e+01,8.257513289977019610e+00
2.540440125750214406e+01,7.903548657536747513e+00
2.542440697342097877e+01,8.135601032918543751e+00
2.544441268933981348e+01,7.163156168086770137e+00
2.546441840525864819e+01,7.147736236082550043e+00
2.548442412117747935e+01,6.685511169120563757e+00
2.550442983709631406e+01,5.818540820976861205e+00
2.552443555301514877e+01,6.481028717988238874e+00
2.554444126893397993e+01,5.522448405410084860e+00
2.556444698485281464e+01,4.780861032235581121e+00
2.558445270077164935e+01,4.817792666982874117e+00
2.560445841669048406e+01,4.449007289747910043e+00
2.562446413260931877e+01,5.064195389769619027e+00
2.564446984852815348e+01,4.568338051903392483e+00
2.566447556444698819e+01,3.839071645312924552e+00
2.568448128036581934e+01,3.742867483139611373e+00
2.570448699628465405e+01,3.644461439202234754e+00
2.572449271220348521e+01,3.482578753208927402e+00
2.574449842812231992e+01,4.308231938349501355e+00
2.576450414404115463e+01,4.257336738092095452e+00
2.578450985995998934e+01,3.520943095868013017e+00
2.580451557587882405e+01,4.345972919492404607e+00
2.582452129179765876e+01,3.654454697683940267e+00
2.584452700771649347e+01,3.459409241494329823e+00
2.586453272363532463e+01,3.736302320508104735e+00
2.588453843955415934e+01,3.385279115144492756e+00
2.590454415547299405e+01,3.756623990021651149e+00
2.592454987139182521e+01,3.747648387962374095e+00
2.594455558731065992e+01,3.597776676503280147e+00
2.596456130322949463e+01,3.713245812562780301e+00
2.598456701914832934e+01,3.066931923363467316e+00
2.600457273506716405e+01,3.562756569651195804e+00
2.602457845098599520e+01,3.833303470026038884e+00
2.604458416690482991e+01,3.581025599791817449e+00
2.606458988282366462e+01,3.120425990134783056e+00
2.608459559874249933e+01,3.369864996241209720e+00
2.610460131466133404e+01,2.823728790738198047e+00
2.612460703058016520e+01,4.265706586217011598e+00
2.614461274649899991e+01,3.868223317702243591e+00
2.616461846241783462e+01,3.151964062397276223e+00
2.618462417833666933e+01,3.090366646194805611e+00
2.620462989425550404e+01,3.693721054835275908e+00
2.622463561017433520e+01,3.426485408569322821e+00
2.624464132609316991e+01,3.460045178466755189e+00
2.626464704201200462e+01,3.263782875924052362e+00
2.628465275793083933e+01,3.837661824595495652e+00
2.630465847384967049e+01,3.423864494529537783e+00
2.632466418976850520e+01,2.636062721148683785e+00
2.634466990568733991e+01,3.527397747142945406e+00
2.636467562160617462e+01,2.995315710830088740e+00
2.638468133752500933e+01,3.007566833935540807e+00
2.640468705344384048e+01,3.773949691656797611e+00
2.642469276936267519e+01,3.459631253356651115e+00
2.644469848528150990e+01,3.124248936031849944e+00
2.646470420120034461e+01,3.894128401005015228e+00
2.648470991711917932e+01,3.172764157542778296e+00
2.650471563303801048e+01,4.145199463320571098e+00
2.652472134895684519e+01,3.396177024569120739e+00
2.654472706487567990e+01,3.778270208147428200e+00
2.656473278079451461e+01,3.589520844984784631e+00
2.658473849671334932e+01,4.190160262846583272e+00
2.660474421263218048e+01,3.502145131395506095e+00
2.662474992855101519e+01,3.707657451574190244e+00
2.664475564446984990e+01,3.923882145126498244e+00
2.666476136038868461e+01,4.041842377874643510e+00
2.668476707630751577e+01,3.276397259751087976e+00
2.670477279222635048e+01,3.063028232910271598e+00
2.672477850814518519e+01,3.619784263521416356e+00
2.674478422406401990e+01,4.055007896477723861e+00
2.676478993998285461e+01,3.600077621261812411e+00
2.678479565590168576e+01,3.937161409501412024e+00
2.680480137182052047e+01,3.635865507924978868e+00
2.682480708773935518e+01,3.656322399105537801e+00
2.684481280365818989e+01,3.420713427590607036e+00
2.686481851957702460e+01,3.776664760960243505e+00
2.688482423549585576e+01,3.099300627706004896e+00
2.690482995141469047e+01,4.000558793039681760e+00
2.692483566733352518e+01,3.263269611148637672e+00
2.694484138325235989e+01,3.465806328503635569e+00
2.696484709917119105e+01,3.987594425965333311e+00
2.698485281509002576e+01,3.965200764919875276e+00
2.700485853100886047e+01,3.597361325826879508e+00
2.702486424692769518e+01,3.162732342721065848e+00
2.704486996284652989e+01,3.479438965916527238e+00
2.706487567876536104e+01,3.298026389167850070e+00
2.708488139468419575e+01,2.860458940393725946e+00
2.710488711060303046e+01,3.449358091934990878e+00
2.712489282652186517e+01,3.441965698201474133e+00
2.714489854244069988e+01,3.098013087077130301e+00
2.716490425835953104e+01,3.925036123065171800e+00
2.718490997427836575e+01,3.897658904382084621e+00
2.720491569019720046e+01,3.174029344644787809e+00
2.722492140611603517e+01,3.468006872290249287e+00
2.724492712203486633e+01,3.366968025900457739e+00
2.726493283795370104e+01,3.749308983852477350e+00
2.728493855387253575e+01,3.943749483150964075e+00
2.730494426979137046e+01,2.951919831410055650e+00
2.732494998571020517e+01,3.405713305169158822e+00
2.734495570162903633e+01,3.693758168245603102e+00
2.736496141754787104e+01,3.953796476946876748e+00
2.738496713346670575e+01,3.785752096432255076e+00
2.740497284938554046e+01,3.886727950033065149e+00
2.742497856530437517e+01,2.990961090255933819e+00
2.744498428122320632e+01,4.080323672911776001e+00
2.746498999714204103e+01,3.553167666142529324e+00
2.748499571306087574e+01,4.163116915140728125e+00
2.750500142897971045e+01,3.585253924843834206e+00
2.752500714489854516e+01,3.700061396633490762e+00
2.754501286081737632e+01,4.276129267544696688e+00
2.756501857673621103e+01,4.079146622792088728e+00
2.758502429265504574e+01,4.113221209666658496e+00
2.760503000857388045e+01,3.871418178611425454e+00
2.762503572449271161e+01,3.826430939097421380e+00
2.764504144041154632e+01,3.047547446985703790e+00
2.766504715633038103e+01,3.968101751049810666e+00
2.768505287224921574e+01,3.166063290484459003e+00
2.770505858816805045e+01,3.585587372681184437e+00
2.772506430408688161e+01,3.210117158526823999e+00
2.774507002000571632e+01,3.145590199116382379e+00
2.776507573592455103e+01,4.423808641128774255e+00
2.778508145184338574e+01,3.737188807656336653e+00
2.780508716776222045e+01,3.500410142487905496e+00
2.782509288368105160e+01,4.491513567807335683e+00
2.784509859959988631e+01,3.936254306091259814e+00
2.786510431551872102e+01,4.377561960535541807e+00
2.788511003143755573e+01,4.424013559608904522e+00
2.790511574735638689e+01,4.576386426206287439e+00
2.792512146327522160e+01,3.738953458938764740e+00
2.794512717919405631e+01,4.113614154708583825e+00
2.796513289511289102e+01,4.249610876525931502e+00
2.798513861103172573e+01,4.709511148385923107e+00
2.800514432695055689e+01,4.824657906737646051e+00
2.802515004286939160e+01,4.587865713297647474e+00
2.804515575878822631e+01,4.616605325329144804e+00
2.806516147470706102e+01,4.829399563763958625e+00
2.808516719062589573e+01,4.794628049219785915e+00
2.810517290654472689e+01,6.146777977233266910e+00
2.812517862246356160e+01,5.707135305981463347e+00
2.814518433838239631e+01,5.559139270329197302e+00
2.816519005430123102e+01,5.786818268508850061e+00
2.818519577022006217e+01,6.306439278496242196e+00
2.820520148613889688e+01,7.163568314418913729e+00
2.822520720205773159e+01,6.783479528035126549e+00
2.824521291797656630e+01,7.090859197334544284e+00
2.826521863389540101e+01,7.669798383657813190e+00
2.828522434981423217e+01,8.188702655933097319e+00
2.830523006573306688e+01,8.006087315816690975e+00
2.832523578165190159e+01,8.162466985335663949e+00
2.834524149757073630e+01,8.266573842932956495e+00
2.836524721348957101e+01,9.011515594763469750e+00
2.838525292940840217e+01,9.119352552492683728e+00
2.840525864532723688e+01,9.761060257660751915e+00
2.842526436124607159e+01,1.073494466539882097e+01
2.844527007716490630e+01,1.059454246239298136e+01
2.846527579308374101e+01,1.073861949207131161e+01
2.848528150900257216e+01,1.169415726106470643e+01
2.850528722492140687e+01,1.228748646273015765e+01
2.852529294084024158e+01,1.310816916868404647e+01
2.854529865675907629e+01,1.399725554024588803e+01
2.856530437267790745e+01,1.476974637853038530e+01
2.858531008859674216e+01,1.515189777792324222e+01
2.860531580451557687e+01,1.647797724583401191e+01
2.862532152043441158e+01,1.631744707915938619e+01
2.864532723635324629e+01,1.811341529302732667e+01
2.866533295227207745e+01,1.881777720458694247e+01
2.868533866819091216e+01,1.919463621727295788e+01
2.870534438410974687e+01,1.960359341143171008e+01
2.872535010002858158e+01,1.980269361417872886e+01
2.874535581594741629e+01,1.981546669066769795e+01
2.876536153186624745e+01,1.994576470713463223e+01
2.878536724778508216e+01,2.072750713867015548e+01
2.880537296370391687e+01,2.066569306119793126e+01
2.882537867962275158e+01,2.100275602988855184e+01
2.884538439554158273e+01,2.121772998387516296e+01
2.886539011146041744e+01,2.030782102768452546e+01
2.888539582737925215e+01,2.091673853527212401e+01
2.890540154329808686e+01,2.120358969513404901e+01
2.892540725921692157e+01,2.059767863264556809e+01
2.894541297513575273e+01,2.130877515903641495e+01
2.896541869105458744e+01,2.151484902618361161e+01
2.898542440697342215e+01,2.133361684318140661e+01
2.900543012289225686e+01,2.175015065572840811e+01
2.902543583881109157e+01,2.238505317261950012e+01
2.904544155472992273e+01,2.366263599215108826e+01
2.906544727064875744e+01,2.419381374153698516e+01
2.908545298656759215e+01,2.450378159537748957e+01
2.910545870248642686e+01,2.548759548400709818e+01
2.912546441840525802e+01,2.650889541143687467e+01
2.914547013432409273e+01,2.657686881602298712e+01
2.916547585024292744e+01,2.860183341306000671e+01
2.918548156616176215e+01,2.910073982566957795e+01
2.920548728208059686e+01,2.995055313079625137e+01
2.922549299799942801e+01,3.050771273657673532e+01
2.924549871391826272e+01,3.088299081478312758e+01
2.926550442983709743e+01,3.094443341735038189e+01
2.928551014575593214e+01,3.150561120159949269e+01
2.930551586167476685e+01,3.155505730047245549e+01
2.932552157759359801e+01,3.191598647315117887e+01
2.934552729351243272e+01,3.163075922989282418e+01
2.936553300943126743e+01,3.176465551158435829e+01
2.938553872535010214e+01,3.048006021674122223e+01
2.940554444126893330e+01,3.112720382460381074e+01
2.942555015718776801e+01,2.991664206230006329e+01
2.944555587310660272e+01,3.029754722220588548e+01
2.946556158902543743e+01,2.922937572686385010e+01
2.948556730494427214e+01,2.950304684057436333e+01
2.950557302086310330e+01,2.911730465069311435e+01
2.952557873678193801e+01,3.018209767552383838e+01
2.954558445270077272e+01,2.906681435702526528e+01
2.956559016861960743e+01,3.121305679602660632e+01
2.958559588453844214e+01,2.960355433191375596e+01
2.960560160045727329e+01,3.101349576844090450e+01
2.962560731637610800e+01,2.991108245992590753e+01
2.964561303229494271e+01,3.168531126998734493e+01
2.966561874821377742e+01,3.094841752910953048e+01
2.968562446413261213e+01,3.299932365122336364e+01
2.970563018005144329e+01,3.043130324160804179e+01
2.972563589597027800e+01,3.178523026632280590e+01
2.974564161188911271e+01,2.940160911341345695e+01
2.976564732780794742e+01,3.048255422608588106e+01
2.978565304372677858e+01,2.813846834087036086e+01
2.980565875964561329e+01,2.871221280260923336e+01
2.982566447556444800e+01,2.483786301421850595e+01
2.984567019148328271e+01,2.639356081072515892e+01
2.986567590740211742e+01,2.198127368817443994e+01
2.988568162332094857e+01,2.282252974643065002e+01
2.990568733923978328e+01,1.948129656335466109e+01
2.992569305515861799e+01,1.938435563012341589e+01
2.994569877107745270e+01,1.593107961081668833e+01
2.996570448699628741e+01,1.713854090438984201e+01
2.998571020291511857e+01,1.407255071482273578e+01
3.000571591883395328e+01,1.493010371716489360e+01
3.002572163475278799e+01,1.153193006673329180e+01
3.004572735067162270e+01,1.238270420272384342e+01
3.006573306659045386e+01,1.076340974760897851e+01
3.008573878250928857e+01,1.042071139966228088e+01
3.010574449842812328e+01,9.691607687197922871e+00
3.012575021434695799e+01,9.403334195788866978e+00
3.014575593026579270e+01,9.038207753563170854e+00
3.016576164618462386e+01,9.658043089443678397e+00
3.018576736210345857e+01,9.645183803947599444e+00
3.020577307802229328e+01,9.656573359250209876e+00
3.022577879394112799e+01,1.005403388457698810e+01
3.024578450985996270e+01,1.085754687692836384e+01
3.026579022577879385e+01,1.055439680519648427e+01
3.028579594169762856e+01,1.197395676291596800e+01
3.030580165761646327e+01,1.254303898829002506e+01
3.032580737353529798e+01,1.346091308549332410e+01
3.034581308945412914e+01,1.448621138019570687e+01
3.036581880537296385e+01,1.488503391669915388e+01
3.038582452129179856e+01,1.546012668034234849e+01
3.040583023721063327e+01,1.746193520366403007e+01
3.042583595312946798e+01,1.867573126566860964e+01
3.044584166904829914e+01,1.980071792549914633e+01
3.046584738496713385e+01,2.101218386460682552e+01
3.048585310088596856e+01,2.316213013552702904e+01
3.050585881680480327e+01,2.546825673110791044e+01
3.052586453272363798e+01,2.713129703574370666e+01
3.054587024864246914e+01,2.800983008868834645e+01
3.056587596456130385e+01,3.073853941396874490e+01
3.058588168048013856e+01,3.301355141771871615e+01
3.060588739639897327e+01,3.573572862634634362e+01
3.062589311231780798e+01,3.808384984562769660e+01
3.064589882823663913e+01,4.045986245510622581e+01
3.066590454415547384e+01,4.423664356724280822e+01
3.068591026007430855e+01,4.692507336372290183e+01
3.070591597599314326e+01,5.039191023447491347e+01
3.072592169191197442e+01,5.356668899874209444e+01
3.074592740783080913e+01,5.793547688085246250e+01
3.076593312374964384e+01,6.059758792567950536e+01
3.078593883966847855e+01,6.420307337226047650e+01
3.080594455558731326e+01,6.949286062865735403e+01
3.082595027150614442e+01,7.310346677505575030e+01
3.084595598742497913e+01,7.729360097303076316e+01
3.086596170334381384e+01,8.093891558112613893e+01
3.088596741926264855e+01,8.477055046214462664e+01
3.090597313518148326e+01,8.821759666006737177e+01
3.092597885110031442e+01,9.196585295932874260e+01
3.094598456701914913e+01,9.437287748071956628e+01
3.096599028293798384e+01,9.633134853989508883e+01
3.098599599885681855e+01,9.828255225813683182e+01
3.100600171477564970e+01,9.843372502745950214e+01
3.102600743069448441e+01,9.856260676230829176e+01
3.104601314661331912e+01,9.890907906153358908e+01
3.106601886253215383e+01,9.711542363721710558e+01
3.108602457845098854e+01,9.534116163636505803e+01
3.110603029436981970e+01,9.280487286735262842e+01
3.112603601028865441e+01,9.027541635829066990e+01
3.114604172620748912e+01,8.742548471466082560e+01
3.116604744212632383e+01,8.451780473260147630e+01
3.118605315804515854e+01,8.136852754811839361e+01
3.120605887396398970e+01,7.806626228271065315e+01
3.122606458988282441e+01,7.516295351734635233e+01
3.124607030580165912e+01,7.192436334573579870e+01
3.126607602172049383e+01,6.839216047503319373e+01
3.128608173763932498e+01,6.536253306690899478e+01
3.130608745355815969e+01,6.148037660099027590e+01
3.132609316947699440e+01,5.910838286545498477e+01
3.134609888539582911e+01,5.572012670697490933e+01
3.136610460131466382e+01,5.274447110747100709e+01
3.138611031723349498e+01,4.975210373870024227e+01
3.140611603315232969e+01,4.766035046018819088e+01
3.142612174907116440e+01,4.439585862763964741e+01
3.144612746498999911e+01,4.119395120141167155e+01
3.146613318090883382e+01,3.824299722792987666e+01
3.148613889682766498e+01,3.571754723333260984e+01
3.150614461274649969e+01,3.317293602852895873e+01
3.152615032866533440e+01,3.101330835149682130e+01
3.154615604458416911e+01,2.811566611783213432e+01
3.156616176050300382e+01,2.631224381150087055e+01
3.158616747642183498e+01,2.482309720109741846e+01
3.160617319234066969e+01,2.358479087489105908e+01
3.162617890825950440e+01,2.147059633391788935e+01
3.164618462417833911e+01,2.119754781911308328e+01
3.166619034009717026e+01,1.944017480252200514e+01
3.168619605601600497e+01,1.855397219241195117e+01
3.170620177193483968e+01,1.826605982255665950e+01
3.172620748785367439e+01,1.766564678705974956e+01
3.174621320377250910e+01,1.627596642861424314e+01
3.176621891969134026e+01,1.691594940277978054e+01
3.178622463561017497e+01,1.711057536145737146e+01
3.180623035152900968e+01,1.586236434481610402e+01
3.182623606744784439e+01,1.686024880853982921e+01
3.184624178336667910e+01,1.673381218813055682e+01
3.186624749928551026e+01,1.603377983763088110e+01
3.188625321520434497e+01,1.651005299004127025e+01
3.190625893112317968e+01,1.609726805225876944e+01
3.192626464704201439e+01,1.562709921005633262e+01
3.194627036296084555e+01,1.527862329221938076e+01
3.196627607887968026e+01,1.439323187195456555e+01
3.198628179479851497e+01,1.348186510967304486e+01
3.200628751071734968e+01,1.326273513751909405e+01
3.202629322663618439e+01,1.244565624186841291e+01
3.204629894255501199e+01,1.208070863198382661e+01
3.206630465847385381e+01,1.112671439797904505e+01
3.208631037439268141e+01,1.026036331470576002e+01
3.210631609031152323e+01,1.077644307830314041e+01
3.212632180623035083e+01,9.983235816336986090e+00
3.214632752214918554e+01,9.358153144139734536e+00
3.216633323806802025e+01,8.621757116118587305e+00
3.218633895398685496e+01,8.986929466128536603e+00
3.220634466990568967e+01,7.700874446724258249e+00
3.222635038582451728e+01,8.047901737372349373e+00
3.224635610174335909e+01,8.034888761963864923e+00
3.226636181766218670e+01,7.218267511621661470e+00
3.228636753358102851e+01,7.326723830259861181e+00
3.230637324949985612e+01,6.906640471940963977e+00
3.232637896541869083e+01,6.775420511291124548e+00
3.234638468133752554e+01,6.601151897685822334e+00
3.236639039725636025e+01,6.023637613405652402e+00
3.238639611317519496e+01,5.975744623113961040e+00
3.240640182909402967e+01,6.162911692922270035e+00
3.242640754501286438e+01,4.751225718337703796e+00
3.244641326093169198e+01,5.729001368751759138e+00
3.246641897685053380e+01,4.805687682607151956e+00
3.248642469276936140e+01,5.674625125016261151e+00
3.250643040868819611e+01,4.983277937716944272e+00
3.252643612460703082e+01,4.575971774512805013e+00
3.254644184052586553e+01,5.276050459679156646e+00
3.256644755644470024e+01,4.332981199362081703e+00
3.258645327236353495e+01,4.369888964079671645e+00
3.260645898828236966e+01,4.055903268661307237e+00
3.262646470420119726e+01,4.063650473900846549e+00
3.264647042012003908e+01,3.233967679387308003e+00
3.266647613603886668e+01,4.277195829991226717e+00
3.268648185195770850e+01,4.592765194969238962e+00
3.270648756787653610e+01,3.863524095432808725e+00
3.272649328379537081e+01,3.754533245403318453e+00
3.274649899971420552e+01,3.802035228954777857e+00
3.276650471563304023e+01,3.953439582940375452e+00
3.278651043155187494e+01,3.839741139343615828e+00
3.280651614747070255e+01,3.927690445069624836e+00
3.282652186338954436e+01,3.311982301798259698e+00
3.284652757930837197e+01,3.660787535967009898e+00
3.286653329522721378e+01,4.216222593995142987e+00
3.288653901114604139e+01,3.443787658940941299e+00
3.290654472706487610e+01,4.204594484542790944e+00
3.292655044298371081e+01,3.638324461240687757e+00
3.294655615890254552e+01,4.203835569346249912e+00
3.296656187482138023e+01,3.584665832466564339e+00
3.298656759074020783e+01,4.141597117432310071e+00
3.300657330665904965e+01,3.602893264348570490e+00
3.302657902257787725e+01,4.235837600677676562e+00
3.304658473849671907e+01,4.297084298876778341e+00
3.306659045441554667e+01,3.898604510121979949e+00
3.308659617033438138e+01,3.415054432462777179e+00
3.310660188625321609e+01,4.244300996597136333e+00
3.312660760217205080e+01,3.500309274951705518e+00
3.314661331809088551e+01,3.170544296702110465e+00
3.316661903400971312e+01,3.944936344620203261e+00
3.318662474992855493e+01,4.234354964862389714e+00
3.320663046584738254e+01,3.756835868243750376e+00
3.322663618176622435e+01,3.570641069970630355e+00
3.324664189768505196e+01,3.693944558078465334e+00
3.326664761360388667e+01,4.051125342433024912e+00
3.328665332952272138e+01,3.807605140903651542e+00
3.330665904544155609e+01,3.979228486825596267e+00
3.332666476136039080e+01,4.017658125616663689e+00
3.334667047727922551e+01,4.430554157551989114e+00
3.336667619319806022e+01,4.831977587278236008e+00
3.338668190911688782e+01,3.827464001565833662e+00
3.340668762503572964e+01,3.999602808752332983e+00
3.342669334095455724e+01,3.979677807600297434e+00
3.344669905687339195e+01,4.114464532920537820e+00
3.346670477279222666e+01,4.583082807642217205e+00
3.348671048871106137e+01,4.610093340540944773e+00
3.350671620462989608e+01,5.107150452563244514e+00
3.352672192054873079e+01,4.573728423791339814e+00
3.354672763646756550e+01,4.666266824478790376e+00
3.356673335238639311e+01,4.672904113356819877e+00
3.358673906830523492e+01,4.749400070197625112e+00
3.360674478422406253e+01,5.112205993520461789e+00
3.362675050014290434e+01,5.090189556914230806e+00
3.364675621606173195e+01,4.810885022466130145e+00
3.366676193198056666e+01,5.139569637875000652e+00
3.368676764789940137e+01,5.324370408760955797e+00
3.370677336381823608e+01,5.393540142157147166e+00
3.372677907973707079e+01,5.328071051291935589e+00
3.374678479565589839e+01,5.797202646761782319e+00
3.376679051157474021e+01,5.885972250756053015e+00
3.378679622749356781e+01,5.862479679816201994e+00
3.380680194341240963e+01,5.723109954215216177e+00
3.382680765933123723e+01,4.612419915585595831e+00
3.384681337525007194e+01,4.997888369105073281e+00
3.386681909116890665e+01,4.986937967844069952e+00
3.388682480708774136e+01,5.811500787342177787e+00
3.390683052300657607e+01,4.297210162489754737e+00
3.392683623892540368e+01,4.943603384007114521e+00
3.394684195484424549e+01,5.621137783474400074e+00
3.396684767076307310e+01,4.878905361665355045e+00
3.398685338668191491e+01,4.414956450422704570e+00
3.400685910260074252e+01,5.055418227220438432e+00
3.402686481851957723e+01,5.083802151584325024e+00
3.404687053443841194e+01,5.168635728523240047e+00
3.406687625035724665e+01,5.800545578121808710e+00
3.408688196627608136e+01,5.127251135548714700e+00
3.410688768219490896e+01,5.176247573054583384e+00
3.412689339811375078e+01,4.999783683918333388e+00
3.414689911403257838e+01,5.163473143800878518e+00
3.416690482995142020e+01,5.851244132455182267e+00
3.418691054587024780e+01,5.374149841496922875e+00
3.420691626178908251e+01,5.978546590658806892e+00
3.422692197770791722e+01,4.693535567225065819e+00
3.424692769362675193e+01,5.623993159474362180e+00
3.426693340954558664e+01,5.293832837126558388e+00
3.428693912546442135e+01,5.536435254156516272e+00
3.430694484138325606e+01,4.890822955969682084e+00
3.432695055730208367e+01,5.974352365375525942e+00
3.434695627322092548e+01,4.863002894589462777e+00
3.436696198913975309e+01,4.834107684188033716e+00
3.438696770505858780e+01,5.551446360226770516e+00
3.440697342097742251e+01,4.780521848759475390e+00
3.442697913689625722e+01,4.739399674888314706e+00
3.444698485281509193e+01,5.083018958527281583e+00
3.446699056873392664e+01,4.953971485307198108e+00
3.448699628465276135e+01,3.950080005200691691e+00
3.450700200057158895e+01,4.410644669455011879e+00
3.452700771649043077e+01,4.497896116997339711e+00
3.454701343240925837e+01,4.063112537610060748e+00
3.456701914832810019e+01,3.396371189575190463e+00
3.458702486424692779e+01,4.513236321621116431e+00
3.460703058016576250e+01,3.089274434842271599e+00
3.462703629608459721e+01,3.884405582246366784e+00
3.464704201200343192e+01,3.739548862351863789e+00
3.466704772792226663e+01,4.576115025828998206e+00
3.468705344384109424e+01,4.210654335898405876e+00
3.470705915975993605e+01,4.084813885494106067e+00
3.472706487567876366e+01,3.490183104250426549e+00
3.474707059159760547e+01,4.108556032408865910e+00
3.476707630751643308e+01,3.912447673286400196e+00
3.478708202343526779e+01,4.446942522484285121e+00
3.480708773935410250e+01,4.049041909831910147e+00
3.482709345527293721e+01,4.097212078212169928e+00
3.484709917119177192e+01,3.927398216091841476e+00
3.486710488711059952e+01,3.913945603404526796e+00
3.488711060302944134e+01,4.113111794083919470e+00
3.490711631894826894e+01,4.299267782147076389e+00
3.492712203486711076e+01,3.209657365448021160e+00
3.494712775078593836e+01,3.491685906739376843e+00
3.496713346670477307e+01,3.789350847472854777e+00
3.498713918262360778e+01,3.523292495734617891e+00
3.500714489854244249e+01,3.850778070823905885e+00
3.502715061446127720e+01,3.754326050918368018e+00
3.504715633038010481e+01,3.635960018771034363e+00
3.506716204629894662e+01,4.208084826585519522e+00
3.508716776221777423e+01,4.502691491756539932e+00
3.510717347813661604e+01,4.590243041198224461e+00
3.512717919405544365e+01,5.119074060112601465e+00
3.514718490997427836e+01,4.295738673967334442e+00
3.516719062589311307e+01,5.038414943575451943e+00
3.518719634181194778e+01,5.474278973993941477e+00
3.520720205773078249e+01,4.835176045007236745e+00
3.522720777364961720e+01,4.844671889175992341e+00
3.524721348956845191e+01,6.196243909067897349e+00
3.526721920548727951e+01,6.322865169743817404e+00
3.528722492140612133e+01,6.670701318145131786e+00
3.530723063732494893e+01,6.658748905299152199e+00
3.532723635324378364e+01,7.490889469451255778e+00
3.534724206916261835e+01,7.578560297128555945e+00
3.536724778508145306e+01,8.569506828387918773e+00
3.538725350100028777e+01,8.914270055555604699e+00
3.540725921691912248e+01,9.658807125300430840e+00
3.542726493283795719e+01,1.089401096335085839e+01
3.544727064875678479e+01,1.058083974432718932e+01
3.546727636467562661e+01,1.230627322948761737e+01
3.548728208059445421e+01,1.318513397382222152e+01
3.550728779651329603e+01,1.389432166962371795e+01
3.552729351243212363e+01,1.499955239027891984e+01
3.554729922835095834e+01,1.675461942458803932e+01
3.556730494426979305e+01,1.749416310327389823e+01
3.558731066018862776e+01,1.829277205265864126e+01
3.560731637610746247e+01,1.955628759449980691e+01
3.562732209202629008e+01,2.081127284076492856e+01
3.564732780794513189e+01,2.291885230434527543e+01
3.566733352386395950e+01,2.489033185817245197e+01
3.568733923978280131e+01,2.547190625027389999e+01
3.570734495570162892e+01,2.682145772093074143e+01
3.572735067162046363e+01,2.874361409631512743e+01
3.574735638753929834e+01,3.128054246628371260e+01
3.576736210345813305e+01,3.235398961613783797e+01
3.578736781937696776e+01,3.336377660502822096e+01
3.580737353529579536e+01,3.408866414109167664e+01
3.582737925121463718e+01,3.576182372945817889e+01
3.584738496713346478e+01,3.645933359175768373e+01
3.586739068305230660e+01,3.699760717667968635e+01
3.588739639897113420e+01,3.813613507951161097e+01
3.590740211488996891e+01,3.874399593081211890e+01
3.592740783080880362e+01,3.829092961943236162e+01
3.594741354672763833e+01,3.866088927556263855e+01
3.596741926264647304e+01,3.866599316475981141e+01
3.598742497856530065e+01,3.868690345124871754e+01
3.600743069448414246e+01,3.734963470710472677e+01
3.602743641040297007e+01,3.686745549549720380e+01
3.604744212632181188e+01,3.652047879372340589e+01
3.606744784224063949e+01,3.523204111695124396e+01
3.608745355815947420e+01,3.366625006193068259e+01
3.610745927407830891e+01,3.277908423279115624e+01
3.612746498999714362e+01,3.077443099796622050e+01
3.614747070591597833e+01,2.969372005837515616e+01
3.616747642183481304e+01,2.756970323133367984e+01
3.618748213775364775e+01,2.639136807796109707e+01
3.620748785367247535e+01,2.499555435230689682e+01
3.622749356959131717e+01,2.314607317823602983e+01
3.624749928551014477e+01,2.127652920579147278e+01
3.626750500142897948e+01,1.980000611755675521e+01
3.628751071734781419e+01,1.892208179997118833e+01
3.630751643326664890e+01,1.617029798990518330e+01
3.632752214918548361e+01,1.529005516058179737e+01
3.634752786510431832e+01,1.324292621059792019e+01
3.636753358102315303e+01,1.354366795727202799e+01
3.638753929694198064e+01,1.196988621984654344e+01
3.640754501286082245e+01,1.064235938035517925e+01
3.642755072877965006e+01,9.804044482277729955e+00
3.644755644469849187e+01,9.229585668846342017e+00
3.646756216061731948e+01,8.012820629272695783e+00
3.648756787653615419e+01,8.159885735591494438e+00
3.650757359245498890e+01,7.572225040933194151e+00
3.652757930837382361e+01,7.135349156816921834e+00
3.654758502429265832e+01,7.384405838418533818e+00
3.656759074021148592e+01,6.731176339371483408e+00
3.658759645613032774e+01,7.919811983678634704e+00
3.660760217204915534e+01,7.504943145285905004e+00
3.662760788796799716e+01,6.961576736468524373e+00
3.664761360388682476e+01,7.895059181791706848e+00
3.666761931980565947e+01,7.615306300710018128e+00
3.668762503572449418e+01,8.169541564077304585e+00
3.670763075164332889e+01,8.601264481691179853e+00
3.672763646756216360e+01,8.322562407247971805e+00
3.674764218348099121e+01,8.486135121631809497e+00
3.676764789939983302e+01,9.200311618880208542e+00
3.678765361531866063e+01,8.340446821769937458e+00
3.680765933123750244e+01,8.789777547121110146e+00
3.682766504715633005e+01,8.724262957051383438e+00
3.684767076307516476e+01,9.155219362259515492e+00
3.686767647899399947e+01,8.820642577326616163e+00
3.688768219491283418e+01,9.382305478656812525e+00
3.690768791083166889e+01,9.161298859099863634e+00
3.692769362675049649e+01,8.782816021884686464e+00
3.694769934266933831e+01,8.845566091224625893e+00
3.696770505858816591e+01,8.803550140369136301e+00
3.698771077450700773e+01,8.549192249312433489e+00
3.700771649042583533e+01,7.687189971589348580e+00
3.702772220634467004e+01,7.647261910500025905e+00
3.704772792226350475e+01,8.131342736738671917e+00
3.706773363818233946e+01,7.207821496103331782e+00
3.708773935410117417e+01,6.452775503167694993e+00
3.710774507002000888e+01,7.143282837586026446e+00
3.712775078593884359e+01,6.152433005003279831e+00
3.714775650185767120e+01,5.756235993520333771e+00
3.716776221777651301e+01,5.538852880570576787e+00
3.718776793369534062e+01,4.903188481280705169e+00
3.720777364961417533e+01,5.280171304302460733e+00
3.722777936553301004e+01,4.888238188463259526e+00
3.724778508145184475e+01,5.594084991800166939e+00
3.726779079737067946e+01,5.611580221438799754e+00
3.728779651328951417e+01,5.361785056190378818e+00
3.730780222920834888e+01,5.578448222065404138e+00
3.732780794512717648e+01,5.476685927483802452e+00
3.734781366104601830e+01,5.977711832128778546e+00
3.736781937696484590e+01,5.807787361463168985e+00
3.738782509288368772e+01,5.508127064442406962e+00
3.740783080880251532e+01,5.728844288708730303e+00
3.742783652472135003e+01,5.189696592918641826e+00
3.744784224064018474e+01,6.264212353467089045e+00
3.746784795655901945e+01,5.674460873532264138e+00
3.748785367247785416e+01,6.598191776991638946e+00
3.750785938839668177e+01,6.450446140254253891e+00
3.752786510431552358e+01,7.046597940394899950e+00
3.754787082023435119e+01,6.863281832184290110e+00
3.756787653615319300e+01,7.942330901051830594e+00
3.758788225207202061e+01,8.471431481380589545e+00
3.760788796799085532e+01,8.565169806097284066e+00
3.762789368390969003e+01,8.948549730362101329e+00
3.764789939982852474e+01,9.439999882164521239e+00
3.766790511574735945e+01,9.239601198400455573e+00
3.768791083166618705e+01,9.640665022611463186e+00
3.770791654758502887e+01,9.574237305030225187e+00
3.772792226350385647e+01,1.092911628435469495e+01
3.774792797942269829e+01,1.106831703099253872e+01
3.776793369534152589e+01,1.095453849845299743e+01
3.778793941126036060e+01,1.188406433659252315e+01
3.780794512717919531e+01,1.235432688410124769e+01
3.782795084309803002e+01,1.294855587979891709e+01
3.784795655901686473e+01,1.269939241844853584e+01
3.786796227493569234e+01,1.372792704512319872e+01
3.788796799085453415e+01,1.428617945564928782e+01
3.790797370677336176e+01,1.438539588189340357e+01
3.792797942269220357e+01,1.424621645858927721e+01
3.794798513861103118e+01,1.383503089159453481e+01
3.796799085452986589e+01,1.351159097066659243e+01
3.798799657044870060e+01,1.461183929698137973e+01
3.800800228636753531e+01,1.396464530844702523e+01
3.802800800228637002e+01,1.351308556286781304e+01
3.804801371820520473e+01,1.321778335578725105e+01
3.806801943412403944e+01,1.378310109795377869e+01
3.808802515004286704e+01,1.235110647955927199e+01
3.810803086596170886e+01,1.253424972696303641e+01
3.812803658188053646e+01,1.201392186317345079e+01
3.814804229779937117e+01,1.180675957255446207e+01
3.816804801371820588e+01,1.118885085500026122e+01
3.818805372963704059e+01,1.145878202876028062e+01
3.820805944555587530e+01,1.020499424732549265e+01
3.822806516147471001e+01,1.067349677617908199e+01
3.824807087739354472e+01,1.110865861753746309e+01
3.826807659331237232e+01,9.848473441383749361e+00
3.828808230923121414e+01,1.026538619357861215e+01
3.830808802515004174e+01,1.010433182165391486e+01
3.832809374106888356e+01,1.009161560080413444e+01
3.834809945698771116e+01,1.096208629311987437e+01
3.836810517290654587e+01,1.047883887245503232e+01
3.838811088882538058e+01,1.118928127154000762e+01
3.840811660474421529e+01,1.104759273131634956e+01
3.842812232066305000e+01,1.103762440052710225e+01
3.844812803658187761e+01,1.248134296619022265e+01
3.846813375250071942e+01,1.250057992755585445e+01
3.848813946841954703e+01,1.310731428203120075e+01
3.850814518433838884e+01,1.289542685671365163e+01
3.852815090025721645e+01,1.460201440100115455e+01
3.854815661617605116e+01,1.481454241578871489e+01
3.856816233209488587e+01,1.559523786204820439e+01
3.858816804801372058e+01,1.671243560797130812e+01
3.860817376393255529e+01,1.666029049066819923e+01
3.862817947985138289e+01,1.742452289905531160e+01
3.864818519577022471e+01,1.801268644917229977e+01
3.866819091168905231e+01,1.861897040161512251e+01
3.868819662760789413e+01,1.891022604310653321e+01
3.870820234352672173e+01,1.917612157417647722e+01
3.872820805944555644e+01,1.827384300079526369e+01
3.874821377536439115e+01,1.940373401470773018e+01
3.876821949128322586e+01,1.992739976252676826e+01
3.878822520720206057e+01,1.809031708018858353e+01
3.880823092312088818e+01,1.836380701887339839e+01
3.882823663903972999e+01,1.793766891540995090e+01
3.884824235495855760e+01,1.787796609739013931e+01
3.886824807087739941e+01,1.623006246152997534e+01
3.888825378679622702e+01,1.594686339998446201e+01
3.890825950271506173e+01,1.445949478602221383e+01
3.892826521863389644e+01,1.391930301903481038e+01
3.894827093455273115e+01,1.312837989985330722e+01
3.896827665047156586e+01,1.251082652491743374e+01
3.898828236639040057e+01,1.120937949121042898e+01
3.900828808230923528e+01,1.053836313069043307e+01
3.902829379822806288e+01,9.268066400069585598e+00
3.904829951414690470e+01,9.230101621964101000e+00
3.906830523006573230e+01,8.652367715788219726e+00
3.908831094598456701e+01,8.066541037242032530e+00
3.910831666190340172e+01,7.994504262612228018e+00
3.912832237782223643e+01,8.702762265051521950e+00
3.914832809374107114e+01,9.012627702460283885e+00
3.916833380965990585e+01,8.143994250132806201e+00
3.918833952557874056e+01,9.140464117276646761e+00
3.920834524149756817e+01,8.930834150583301323e+00
3.922835095741640998e+01,9.368654959947928518e+00
3.924835667333523759e+01,8.925424230794224201e+00
3.926836238925407940e+01,1.082264571900381078e+01
3.928836810517290701e+01,1.071595517967029743e+01
3.930837382109174172e+01,1.125834584837020635e+01
3.932837953701057643e+01,1.192191057639584528e+01
3.934838525292941114e+01,1.172441263452992644e+01
3.936839096884824585e+01,1.225811274367857351e+01
3.938839668476707345e+01,1.395493494224799136e+01
3.940840240068591527e+01,1.339608956955249930e+01
3.942840811660474287e+01,1.360439446246396500e+01
3.944841383252358469e+01,1.435717837689011134e+01
3.946841954844241229e+01,1.479346441729796169e+01
3.948842526436124700e+01,1.490931478579286562e+01
3.950843098028008171e+01,1.564605015519767583e+01
3.952843669619891642e+01,1.471244279213700423e+01
3.954844241211775113e+01,1.489582492669362601e+01
3.956844812803657874e+01,1.457377115050641692e+01
3.958845384395542055e+01,1.515937166265972813e+01
3.960845955987424816e+01,1.422396818779337835e+01
3.962846527579308997e+01,1.294369270362491164e+01
3.964847099171191758e+01,1.311429452102550641e+01
3.966847670763075229e+01,1.337724315315615087e+01
3.968848242354958700e+01,1.143144638946183633e+01
3.970848813946842171e+01,1.197583873906977558e+01
3.972849385538725642e+01,1.071135939667485815e+01
3.974849957130608402e+01,1.066172336192229508e+01
3.976850528722492584e+01,9.757769536946648614e+00
3.978851100314375344e+01,9.266494363175727500e+00
3.980851671906259526e+01,8.247586401425911262e+00
3.982852243498142286e+01,7.580679711071486082e+00
3.984852815090025757e+01,6.991276395243311903e+00
3.986853386681909228e+01,6.443253143731191734e+00
3.988853958273792699e+01,5.618583585443012396e+00
3.990854529865676170e+01,5.795630835700137595e+00
3.992855101457559641e+01,5.748866788685850437e+00
3.994855673049443112e+01,4.393471848727648066e+00
3.996856244641325873e+01,5.148720492803296800e+00
3.998856816233210054e+01,4.407604050845701948e+00
4.000857387825092815e+01,5.089852345502579922e+00
4.002857959416976286e+01,4.875381294026359669e+00
4.004858531008859757e+01,4.237875093816237282e+00
4.006859102600743228e+01,4.248403714749223070e+00
4.008859674192626699e+01,4.095957328135386710e+00
4.010860245784510170e+01,4.145708637808810160e+00
4.012860817376393641e+01,4.057509530400276176e+00
4.014861388968276401e+01,4.378527041209583359e+00
4.016861960560160583e+01,4.466320615213442480e+00
4.018862532152043343e+01,4.266262375302870780e+00
4.020863103743927525e+01,5.012168391535072764e+00
4.022863675335810285e+01,4.411601130372957869e+00
4.024864246927693756e+01,4.267036516089619980e+00
4.026864818519577227e+01,5.059257184321651835e+00
4.028865390111460698e+01,4.947250100809776008e+00
4.030865961703344169e+01,5.191648052863560459e+00
4.032866533295226930e+01,5.493418742861101656e+00
4.034867104887111111e+01,5.321519336409111567e+00
4.036867676478993872e+01,5.126947479111869654e+00
4.038868248070878053e+01,5.274049353874201707e+00
4.040868819662760814e+01,6.230118767091206600e+00
4.042869391254644285e+01,5.715300978194146175e+00
4.044869962846527756e+01,5.350787910245935919e+00
4.046870534438411227e+01,6.206013713181022240e+00
4.048871106030294698e+01,6.330974242544787245e+00
4.050871677622177458e+01,6.035751029653667388e+00
4.052872249214061640e+01,6.817032359920188966e+00
4.054872820805944400e+01,7.201789318379263172e+00
4.056873392397828582e+01,6.741506636754248660e+00
4.058873963989711342e+01,7.269130259929439397e+00
4.060874535581594813e+01,6.316581822126888568e+00
4.062875107173478284e+01,7.231433651150318553e+00
4.064875678765361755e+01,7.619478319188409010e+00
4.066876250357245226e+01,6.763501813004197061e+00
4.068876821949127986e+01,7.454543461796330206e+00
4.070877393541012168e+01,7.021511192273081292e+00
4.072877965132894929e+01,8.337842747367524510e+00
4.074878536724779110e+01,8.482332045364680440e+00
4.076879108316661871e+01,8.206469213973896615e+00
4.078879679908545342e+01,8.608081064113573433e+00
4.080880251500428813e+01,8.131339720626288070e+00
4.082880823092312284e+01,9.102155975664457443e+00
4.084881394684195755e+01,8.476638216090737643e+00
4.086881966276079226e+01,8.984608410227181707e+00
4.088882537867962697e+01,9.944581091778669446e+00
4.090883109459845457e+01,9.726628054029387016e+00
4.092883681051729639e+01,9.352359906294740455e+00
4.094884252643612399e+01,9.440179079598234324e+00
4.096884824235495870e+01,9.476067398069009329e+00
4.098885395827379341e+01,8.895111503297812305e+00
4.100885967419262812e+01,9.192166025461725454e+00
4.102886539011146283e+01,9.087422688176983954e+00
4.104887110603029754e+01,9.112016675074620764e+00
4.106887682194913225e+01,8.477322126521187329e+00
4.108888253786795985e+01,8.407441917288753785e+00
4.110888825378680167e+01,8.048388273934884651e+00
4.112889396970562927e+01,7.438501285704835375e+00
4.114889968562447109e+01,7.169850901415196986e+00
4.116890540154329869e+01,7.173742082106178586e+00
4.118891111746213340e+01,6.704422016028959597e+00
4.120891683338096811e+01,7.048618782571152153e+00
4.122892254929980282e+01,7.307800829452469671e+00
4.124892826521863753e+01,6.792088565072146977e+00
4.126893398113746514e+01,6.482400289756185430e+00
4.128893969705630695e+01,6.613624920625332138e+00
4.130894541297513456e+01,7.226451150769227283e+00
4.132895112889397637e+01,7.535912652858739236e+00
4.134895684481280398e+01,7.491565839554740869e+00
4.136896256073163869e+01,8.476975417149336778e+00
4.138896827665047340e+01,8.111617761465057086e+00
4.140897399256930811e+01,8.990679920119928781e+00
4.142897970848814282e+01,8.278205197279621785e+00
4.144898542440697042e+01,8.845287273866608402e+00
4.146899114032581224e+01,9.862649794994126751e+00
4.148899685624463984e+01,9.027397116853691728e+00
4.150900257216348166e+01,9.674578651970787035e+00
4.152900828808230926e+01,9.960410903682198835e+00
4.154901400400114397e+01,1.003987594353877277e+01
4.156901971991997868e+01,1.032969706925388920e+01
4.158902543583881339e+01,9.949808598893680411e+00
4.160903115175764810e+01,1.031818321521945769e+01
4.162903686767647571e+01,9.377468599056797416e+00
4.164904258359531752e+01,9.870010495831692765e+00
4.166904829951414513e+01,9.813889333542480387e+00
4.168905401543298694e+01,9.074411952905542478e+00
4.170905973135181455e+01,9.319171910879644471e+00
4.172906544727064926e+01,8.103904377849856289e+00
4.174907116318948397e+01,8.494165376060855976e+00
4.176907687910831868e+01,8.548706831312255616e+00
4.178908259502715339e+01,7.397900240119430926e+00
4.180908831094598810e+01,6.563630345800154586e+00
4.182909402686482281e+01,6.713435168214498816e+00
4.184909974278365041e+01,6.177341498343924542e+00
4.186910545870249223e+01,5.834454025650027909e+00
4.188911117462131983e+01,5.261558970490645137e+00
4.190911689054015454e+01,5.257365935972262427e+00
4.192912260645898925e+01,5.060037339319944039e+00
4.194912832237782396e+01,4.555896758687740800e+00
4.196913403829665867e+01,4.650261563569852541e+00
4.198913975421549338e+01,4.158145556424249989e+00
4.200914547013432809e+01,4.233695818159640467e+00
4.202915118605316280e+01,4.475025385364524766e+00
4.204915690197199041e+01,4.237489421429740055e+00
4.206916261789082512e+01,3.493433503011670993e+00
4.208916833380965983e+01,4.033898630986760381e+00
4.210917404972849454e+01,3.216609980809831182e+00
4.212917976564732925e+01,3.634763697407263017e+00
4.214918548156616396e+01,3.301560696815776463e+00
4.216919119748499867e+01,3.930937633702559442e+00
4.218919691340383338e+01,3.905037471219798384e+00
4.220920262932266809e+01,4.387209332813641005e+00
4.222920834524150280e+01,3.036399809449059184e+00
4.224921406116033040e+01,3.371656517102427308e+00
4.226921977707916511e+01,2.753686153279859106e+00
4.228922549299799982e+01,3.008683999073330284e+00
4.230923120891683453e+01,4.192570336425806232e+00
4.232923692483566924e+01,3.581088180440149760e+00
4.234924264075450395e+01,3.567427331525264034e+00
4.236924835667333866e+01,3.683720739929285060e+00
4.238925407259217337e+01,3.926300892961110289e+00
4.240925978851100808e+01,3.711338431186317344e+00
4.242926550442983569e+01,3.611003121910970393e+00
4.244927122034867040e+01,4.079958014993668058e+00
4.246927693626750511e+01,3.549440086019711504e+00
4.248928265218633982e+01,3.645697272416644097e+00
4.250928836810517453e+01,3.699203559914434614e+00
4.252929408402400924e+01,3.881983933929372022e+00
4.254929979994284395e+01,4.127732220860162116e+00
4.256930551586167866e+01,4.791302199982983012e+00
4.258931123178051337e+01,4.887927645374691821e+00
4.260931694769934097e+01,4.683684162657595351e+00
4.262932266361817568e+01,4.719299647814972687e+00
4.264932837953701039e+01,4.592989354701989768e+00
4.266933409545584510e+01,4.474295887858573906e+00
4.268933981137467981e+01,5.223594647242548739e+00
4.270934552729351452e+01,4.762126944417111929e+00
4.272935124321234923e+01,5.522973286269752258e+00
4.274935695913118394e+01,4.875105710311620655e+00
4.276936267505001865e+01,5.824082438172766274e+00
4.278936839096885336e+01,5.752187662290768166e+00
4.280937410688768097e+01,6.521321916871890778e+00
4.282937982280651568e+01,6.703906922268528135e+00
4.284938553872535039e+01,6.118248173542573554e+00
4.286939125464418510e+01,6.821590205485654757e+00
4.288939697056301981e+01,7.071086409370593628e+00
4.290940268648185452e+01,7.022446975721680751e+00
4.292940840240068923e+01,7.704199924794855825e+00
4.294941411831952394e+01,8.071291842769023006e+00
4.296941983423835865e+01,8.149156880560209260e+00
4.298942555015718625e+01,8.942137921644002674e+00
4.300943126607602096e+01,8.813371644720142228e+00
4.302943698199485567e+01,1.000803545545425877e+01
4.304944269791369038e+01,9.608516480033241436e+00
4.306944841383252509e+01,1.077457980461296749e+01
4.308945412975135980e+01,1.058480363093268295e+01
4.310945984567019451e+01,1.114656055521957612e+01
4.312946556158902922e+01,1.186633404984634410e+01
4.314947127750786393e+01,1.190300325559209504e+01
4.316947699342669864e+01,1.187185839546534538e+01
4.318948270934552625e+01,1.095399014043563035e+01
4.320948842526436096e+01,1.138912659172387443e+01
4.322949414118319567e+01,1.139340754077429452e+01
4.324949985710203038e+01,1.032542219314108323e+01
4.326950557302086509e+01,1.066910070456077797e+01
4.328951128893969980e+01,9.727511386351949341e+00
4.330951700485853451e+01,9.286964476235509025e+00
4.332952272077736922e+01,8.744228164398331060e+00
4.334952843669620393e+01,9.452461215011217277e+00
4.336953415261503153e+01,8.570505956545932946e+00
4.338953986853386624e+01,8.154012651840210069e+00
4.340954558445270095e+01,7.935441487477413069e+00
4.342955130037153566e+01,7.145696460723858223e+00
4.344955701629037037e+01,6.686023247252451895e+00
4.346956273220920508e+01,6.533498301256084773e+00
4.348956844812803979e+01,6.252579732549483182e+00
4.350957416404687450e+01,6.238114995864178169e+00
4.352957987996570921e+01,6.317335106498634723e+00
4.354958559588453681e+01,5.561227202197407848e+00
4.356959131180337153e+01,4.821459552285467076e+00
4.358959702772220624e+01,5.368802943507917647e+00
4.360960274364104095e+01,5.412660274712226993e+00
4.362960845955987566e+01,4.548494345449713094e+00
4.364961417547871037e+01,5.461436570521930101e+00
4.366961989139754508e+01,4.729561178133883992e+00
4.368962560731637979e+01,5.044574493382230074e+00
4.370963132323521450e+01,3.767661459815224045e+00
4.372963703915404921e+01,4.201761720209908901e+00
4.374964275507287681e+01,3.490935093916966103e+00
4.376964847099171152e+01,4.281307125988889517e+00
4.378965418691054623e+01,3.878871369479703013e+00
4.380965990282938094e+01,3.659416586858146747e+00
4.382966561874821565e+01,4.146620106927156435e+00
4.384967133466705036e+01,4.265913935234612708e+00
4.386967705058588507e+01,3.777395671181371206e+00
4.388968276650471978e+01,3.954785041183001226e+00
4.390968848242355449e+01,4.026570851422664354e+00
4.392969419834238209e+01,4.704984418288294279e+00
4.394969991426121680e+01,4.947853792606210277e+00
4.396970563018005151e+01,4.836802411018921610e+00
4.398971134609888622e+01,3.875650113907466832e+00
4.400971706201772093e+01,4.472735062725881505e+00
4.402972277793655564e+01,5.021458479116085449e+00
4.404972849385539035e+01,4.829449431516723124e+00
4.406973420977422506e+01,4.769904687901545870e+00
4.408973992569305977e+01,6.272222095118383578e+00
4.410974564161189448e+01,5.239480279996380219e+00
4.412975135753072209e+01,7.007069169682363707e+00
4.414975707344955680e+01,6.727608410952977458e+00
4.416976278936839151e+01,7.265727686150931675e+00
4.418976850528722622e+01,7.722767046856835904e+00
4.420977422120606093e+01,7.327972927065682818e+00
4.422977993712489564e+01,8.200565439197259110e+00
4.424978565304373035e+01,8.523043542332015221e+00
4.426979136896256506e+01,8.859876786408031890e+00
4.428979708488139977e+01,8.580010137401046677e+00
4.430980280080022737e+01,9.259188878250963484e+00
4.432980851671906208e+01,1.023324603424380541e+01
4.434981423263789679e+01,1.036517617696350690e+01
4.436981994855673150e+01,1.046500004138282591e+01
4.438982566447556621e+01,1.131605324884530361e+01
4.440983138039440092e+01,1.154677938956415062e+01
4.442983709631323563e+01,1.265811595553499203e+01
4.444984281223207034e+01,1.223871580294847483e+01
4.446984852815090505e+01,1.205488575587984812e+01
4.448985424406973266e+01,1.219461446700033491e+01
4.450985995998856737e+01,1.273543103586384539e+01
4.452986567590740208e+01,1.335855644783554297e+01
4.454987139182623679e+01,1.227668619958496166e+01
4.456987710774507150e+01,1.290298268270053228e+01
4.458988282366390621e+01,1.336888628120792433e+01
4.460988853958274092e+01,1.260195910043090883e+01
4.462989425550157563e+01,1.302268725574970887e+01
4.464989997142041034e+01,1.340760223997689593e+01
4.466990568733924505e+01,1.359256133547260248e+01
4.468991140325807265e+01,1.400179468874523536e+01
4.470991711917690736e+01,1.317053818591076819e+01
4.472992283509574207e+01,1.416859834075090063e+01
4.474992855101457678e+01,1.322226637664515358e+01
4.476993426693341149e+01,1.455965957793535992e+01
4.478993998285224620e+01,1.462615343687534164e+01
4.480994569877108091e+01,1.362075994057991934e+01
4.482995141468991562e+01,1.352545763787757238e+01
4.484995713060875033e+01,1.295322444095816650e+01
4.486996284652757794e+01,1.350830655497166077e+01
4.488996856244641265e+01,1.323915766281238326e+01
4.490997427836524736e+01,1.224906534508162004e+01
4.492997999428408207e+01,1.079165809407584220e+01
4.494998571020291678e+01,1.046890722929503070e+01
4.496999142612175149e+01,9.823217712800383694e+00
4.498999714204058620e+01,9.460556297465156916e+00
4.501000285795942091e+01,9.719793406339352515e+00
4.503000857387825562e+01,8.516442022031490922e+00
4.505001428979709033e+01,7.101901796306069770e+00
4.507002000571591793e+01,7.862925173640816112e+00
4.509002572163475264e+01,6.915558402174398545e+00
4.511003143755358735e+01,7.443769595708578990e+00
4.513003715347242206e+01,5.860141603581881853e+00
4.515004286939125677e+01,6.051836410899433361e+00
4.517004858531009148e+01,5.820545817077632300e+00
4.519005430122892619e+01,5.272276887199007334e+00
4.521006001714776090e+01,5.588952151915712818e+00
4.523006573306659561e+01,5.876738076966086410e+00
4.525007144898542322e+01,4.806051118197126826e+00
4.527007716490425793e+01,4.815573903774546416e+00
4.529008288082309264e+01,5.272753342124829601e+00
4.531008859674192735e+01,5.253339302684816303e+00
4.533009431266076206e+01,4.910680406516400254e+00
4.535010002857959677e+01,5.272009001347945478e+00
4.537010574449843148e+01,4.682330583951728187e+00
4.539011146041726619e+01,5.505636386807378990e+00
4.541011717633610090e+01,4.880158043400699697e+00
4.543012289225492850e+01,5.635063934684525933e+00
4.545012860817376321e+01,5.557947661297232500e+00
4.547013432409259792e+01,5.177363158341178995e+00
4.549014004001143263e+01,5.881565570584360358e+00
4.551014575593026734e+01,6.169239866249943027e+00
4.553015147184910205e+01,6.253248708512860077e+00
4.555015718776793676e+01,6.217358127733003670e+00
4.557016290368677147e+01,6.162700888857285619e+00
4.559016861960560618e+01,6.619037971182322622e+00
4.561017433552444089e+01,6.529974835353030471e+00
4.563018005144326850e+01,7.643892062334133541e+00
4.565018576736210321e+01,6.930914211790048185e+00
4.567019148328093792e+01,6.561957705396862295e+00
4.569019719919977263e+01,7.321098051631492076e+00
4.571020291511860734e+01,8.010909390709811007e+00
4.573020863103744205e+01,7.994259531413664632e+00
4.575021434695627676e+01,7.580564417185023274e+00
4.577022006287511147e+01,8.245252297769365413e+00
4.579022577879394618e+01,7.517824447384222175e+00
4.581023149471277378e+01,7.026415950822411105e+00
4.583023721063160849e+01,7.206270464543703014e+00
4.585024292655044320e+01,8.204821498280891134e+00
4.587024864246927791e+01,7.762005686202805066e+00
4.589025435838811262e+01,7.205583625484844212e+00
4.591026007430694733e+01,7.549197774709490716e+00
4.593026579022578204e+01,7.442123784180354917e+00
4.595027150614461675e+01,7.555806283110082511e+00
4.597027722206345146e+01,7.626510255894524803e+00
4.599028293798228617e+01,6.856834877540626039e+00
4.601028865390111378e+01,8.065013616430656285e+00
4.603029436981994849e+01,7.879107805935246844e+00
4.605030008573878320e+01,7.861501021838950720e+00
4.607030580165761791e+01,7.697782801996134516e+00
4.609031151757645262e+01,7.480608663845252693e+00
4.611031723349528733e+01,8.539365589958414660e+00
4.613032294941412204e+01,7.888774128889588511e+00
4.615032866533295675e+01,8.475343642061178073e+00
4.617033438125179146e+01,8.913785154342239281e+00
4.619034009717061906e+01,8.236121652365858026e+00
4.621034581308945377e+01,8.872248532605064852e+00
4.623035152900828848e+01,8.915667070396731120e+00
4.625035724492712319e+01,9.453745125744692501e+00
4.627036296084595790e+01,9.191226269923113534e+00
4.629036867676479261e+01,1.022521147048695589e+01
4.631037439268362732e+01,1.005563117977861687e+01
4.633038010860246203e+01,9.322513510261826397e+00
4.635038582452129674e+01,9.583616771730641304e+00
4.637039154044012434e+01,8.628867502213243057e+00
4.639039725635895905e+01,9.144987428963336384e+00
4.641040297227779376e+01,9.040274473608775452e+00
4.643040868819662847e+01,9.228338924905777674e+00
4.645041440411546319e+01,7.831646642571741701e+00
4.647042012003429790e+01,7.997204646540078343e+00
4.649042583595313261e+01,7.577309656618925970e+00
4.651043155187196732e+01,8.001480890906709220e+00
4.653043726779080203e+01,6.710836277516853521e+00
4.655044298370963674e+01,7.141585981903466163e+00
4.657044869962846434e+01,6.285712598042643151e+00
4.659045441554729905e+01,6.633879055048273798e+00
4.661046013146613376e+01,5.602435513244042653e+00
4.663046584738496847e+01,5.117966001999816328e+00
4.665047156330380318e+01,5.230314076926719125e+00
4.667047727922263789e+01,4.900058697043327527e+00
4.669048299514147260e+01,4.372167400341480992e+00
4.671048871106030731e+01,4.407468888863318668e+00
4.673049442697914202e+01,4.716450200800017534e+00
4.675050014289796962e+01,3.861622870972349464e+00
4.677050585881680433e+01,4.558953328041856601e+00
4.679051157473563904e+01,4.763355315260178635e+00
4.681051729065447375e+01,4.494362708081512281e+00
4.683052300657330846e+01,4.431606428792541408e+00
4.685052872249214317e+01,4.175407185397927101e+00
4.687053443841097788e+01,3.458704343684598115e+00
4.689054015432981259e+01,4.203738139274255659e+00
4.691054587024864730e+01,4.548542810957590277e+00
4.693055158616748201e+01,5.211948040989551778e+00
4.695055730208630962e+01,4.397276334646928575e+00
4.697056301800514433e+01,4.815991630233696696e+00
4.699056873392397904e+01,4.732665453587681981e+00
4.701057444984281375e+01,5.210617171821964710e+00
4.703058016576164846e+01,5.279448305034592615e+00
4.705058588168048317e+01,6.041795113834462327e+00
4.707059159759931788e+01,6.241065208458183022e+00
4.709059731351815259e+01,6.316469056745408928e+00
4.711060302943698730e+01,6.862393022386455321e+00
4.713060874535581490e+01,6.852794821129466918e+00
4.715061446127464961e+01,8.247474165453532180e+00
4.717062017719348432e+01,8.873855282201406069e+00
4.719062589311231903e+01,8.946457767959429930e+00
4.721063160903115374e+01,8.962514635446646949e+00
4.723063732494998845e+01,1.025493851004288359e+01
4.725064304086882316e+01,1.118272503844936061e+01
4.727064875678765787e+01,1.189808817379656247e+01
4.729065447270649258e+01,1.176707357162256073e+01
4.731066018862532019e+01,1.285968878690511374e+01
4.733066590454415490e+01,1.290502231794898691e+01
4.735067162046298961e+01,1.288221401630709373e+01
4.737067733638182432e+01,1.432262083762536164e+01
4.739068305230065903e+01,1.482752575048696642e+01
4.741068876821949374e+01,1.537076288500424326e+01
4.743069448413832845e+01,1.558664856431111545e+01
4.745070020005716316e+01,1.588105206801248670e+01
4.747070591597599787e+01,1.580932560384271568e+01
4.749071163189483258e+01,1.602163620551855061e+01
4.751071734781366018e+01,1.580258588708982259e+01
4.753072306373249489e+01,1.607208237393603412e+01
4.755072877965132960e+01,1.616309273177358108e+01
4.757073449557016431e+01,1.590063798770747994e+01
4.759074021148899902e+01,1.588071957838406334e+01
4.761074592740783373e+01,1.630174966201420972e+01
4.763075164332666844e+01,1.511979899161582708e+01
4.765075735924550315e+01,1.656783806848611817e+01
4.767076307516433786e+01,1.550692167509264863e+01
4.769076879108316547e+01,1.592718041516703131e+01
4.771077450700200018e+01,1.566869383923923387e+01
4.773078022292083489e+01,1.713946109636684056e+01
4.775078593883966960e+01,1.718055190101299345e+01
4.777079165475850431e+01,1.702409754467370817e+01
4.779079737067733902e+01,1.693860518823679229e+01
4.781080308659617373e+01,1.741346520788041019e+01
4.783080880251500844e+01,1.807850229149580201e+01
4.785081451843384315e+01,1.792782622911909840e+01
4.787082023435267075e+01,1.780941366427929395e+01
4.789082595027150546e+01,1.809417862476961503e+01
4.791083166619034017e+01,1.857861760988134137e+01
4.793083738210917488e+01,1.698571806700725517e+01
4.795084309802800959e+01,1.750876761939671411e+01
4.797084881394684430e+01,1.630944929394538434e+01
4.799085452986567901e+01,1.592279647183813651e+01
4.801086024578451372e+01,1.508915721698223678e+01
4.803086596170334843e+01,1.398327227765463832e+01
4.805087167762218314e+01,1.266225333817524046e+01
4.807087739354101075e+01,1.138160215467330261e+01
4.809088310945984546e+01,1.006617025956033551e+01
4.811088882537868017e+01,1.019728656304018877e+01
4.813089454129751488e+01,8.195527289069120869e+00
4.815090025721634959e+01,8.043180591148534120e+00
4.817090597313518430e+01,7.650981255812147275e+00
4.819091168905401901e+01,6.083840647667843271e+00
4.821091740497285372e+01,5.853812752605452197e+00
4.823092312089168843e+01,5.138186157815568755e+00
4.825092883681051603e+01,4.949356887187299492e+00
4.827093455272935074e+01,5.136751607762060523e+00
4.829094026864818545e+01,4.916163062186313937e+00
4.831094598456702016e+01,4.879687184293331370e+00
4.833095170048585487e+01,4.295176359203433769e+00
4.835095741640468958e+01,3.680380168888267356e+00
4.837096313232352429e+01,4.172852571349465300e+00
4.839096884824235900e+01,4.009465130471177474e+00
4.841097456416119371e+01,3.867321623909828254e+00
4.843098028008002842e+01,3.701087966648026750e+00
4.845098599599885603e+01,3.945760372671275995e+00
4.847099171191769074e+01,4.146263418762753616e+00
4.849099742783652545e+01,3.457229385096805441e+00
4.851100314375536016e+01,3.300114424254640966e+00
4.853100885967419487e+01,3.834360536708522282e+00
4.855101457559302958e+01,3.873812370565384633e+00
4.857102029151186429e+01,3.892823946720562311e+00
4.859102600743069900e+01,3.519796678585579208e+00
4.861103172334953371e+01,4.178978920292585109e+00
4.863103743926836131e+01,4.182908696615981192e+00
4.865104315518719602e+01,4.267661801351312789e+00
4.867104887110603073e+01,3.602392598964004211e+00
4.869105458702486544e+01,3.952967174976751430e+00
4.871106030294370015e+01,3.868768262507463973e+00
4.873106601886253486e+01,3.827202386229529019e+00
4.875107173478136957e+01,4.905707360401061479e+00
4.877107745070020428e+01,4.834238659475811772e+00
4.879108316661903899e+01,4.395510526510530980e+00
4.881108888253786660e+01,4.771727948434990374e+00
4.883109459845670131e+01,5.024453352019183860e+00
4.885110031437553602e+01,5.200666060179845118e+00
4.887110603029437073e+01,5.601992730931597109e+00
4.889111174621320544e+01,6.145430555667647177e+00
4.891111746213204015e+01,5.522954242098107258e+00
4.893112317805087486e+01,6.461008500768790519e+00
4.895112889396970957e+01,7.126105611019356800e+00
4.897113460988854428e+01,7.201214148543332527e+00
4.899114032580737899e+01,7.421201551042093669e+00
4.901114604172620659e+01,8.820558013272265185e+00
4.903115175764504130e+01,8.601970184821176701e+00
4.905115747356387601e+01,1.004103451976685690e+01
4.907116318948271072e+01,9.680768298628303015e+00
4.909116890540154543e+01,1.026308635583062312e+01
4.911117462132038014e+01,1.145140080744766564e+01
4.913118033723921485e+01,1.258954168321315059e+01
4.915118605315804956e+01,1.265914580803462997e+01
4.917119176907688427e+01,1.299122972028961875e+01
4.919119748499571187e+01,1.436222433853245128e+01
4.921120320091454658e+01,1.392352365956512905e+01
4.923120891683338129e+01,1.437243594592353269e+01
4.925121463275221600e+01,1.420778086245426408e+01
4.927122034867105071e+01,1.405095306815448097e+01
4.929122606458988542e+01,1.339754695293753883e+01
4.931123178050872014e+01,1.408756436151206515e+01
4.933123749642755485e+01,1.315672583028874243e+01
4.935124321234638956e+01,1.245241055783897011e+01
4.937124892826522427e+01,1.288604039127646850e+01
4.939125464418405187e+01,1.106710050060569195e+01
4.941126036010288658e+01,1.107107908413115815e+01
4.943126607602172129e+01,1.075898073233687136e+01
4.945127179194055600e+01,9.555018945243862305e+00
4.947127750785939071e+01,8.762744708080791867e+00
4.949128322377822542e+01,8.066617977676411755e+00
4.951128893969706013e+01,8.341365063553512371e+00
4.953129465561589484e+01,7.872288023790853018e+00
4.955130037153472955e+01,6.648321553257208194e+00
4.957130608745355715e+01,7.044284662926557417e+00
4.959131180337239186e+01,7.382766982871766359e+00
4.961131751929122657e+01,6.367902151392698329e+00
4.963132323521006128e+01,6.338053613883540827e+00
4.965132895112889599e+01,4.958363346601036170e+00
4.967133466704773070e+01,6.289779764566216791e+00
4.969134038296656541e+01,5.100160477231220568e+00
4.971134609888540012e+01,5.206151327404821672e+00
4.973135181480423483e+01,5.403395901477406227e+00
4.975135753072306244e+01,5.486457482419596410e+00
4.977136324664189715e+01,5.569372438644541567e+00
4.979136896256073186e+01,4.527498024450591352e+00
4.981137467847956657e+01,4.796817540198007990e+00
4.983138039439840128e+01,5.264672704284643956e+00
4.985138611031723599e+01,5.154764291191178849e+00
4.987139182623607070e+01,5.610503260704215123e+00
4.989139754215490541e+01,5.257767983614626495e+00
4.991140325807374012e+01,6.164891954204970048e+00
4.993140897399257483e+01,6.528422710083446212e+00
4.995141468991140243e+01,5.066741935405029373e+00
4.997142040583023714e+01,5.603748649231602208e+00
4.999142612174907185e+01,6.409626191679773655e+00
5.001143183766790656e+01,6.601652934725548150e+00
5.003143755358674127e+01,6.449477134540446244e+00
5.005144326950557598e+01,6.778809238689604832e+00
5.007144898542441069e+01,6.742879194951399313e+00
5.009145470134324540e+01,7.467060532957137120e+00
5.011146041726208011e+01,7.349889469126873465e+00
5.013146613318090772e+01,7.700481728033194528e+00
5.015147184909974243e+01,7.920002179868038894e+00
5.017147756501857714e+01,7.103957738043155778e+00
5.019148328093741185e+01,7.512060286062814285e+00
5.021148899685624656e+01,7.104657930445799963e+00
5.023149471277508127e+01,7.635777042125655001e+00
5.025150042869391598e+01,7.814073668531136718e+00
5.027150614461275069e+01,7.293038561818175225e+00
5.029151186053158540e+01,6.722372078708310106e+00
5.031151757645042011e+01,7.472189143434579073e+00
5.033152329236924771e+01,6.611536540839381360e+00
5.035152900828808242e+01,7.049693751730346847e+00
5.037153472420691713e+01,6.125164779569550078e+00
5.039154044012575184e+01,6.560390958255721827e+00
5.041154615604458655e+01,7.029591613937173022e+00
5.043155187196342126e+01,5.590451845468852987e+00
5.045155758788225597e+01,5.933070205556109755e+00
5.047156330380109068e+01,5.509419853689775159e+00
5.049156901971992539e+01,4.990428925162714080e+00
5.051157473563875300e+01,5.295890968477261929e+00
5.053158045155758771e+01,4.901545581926942674e+00
5.055158616747642242e+01,4.864586727248015663e+00
5.057159188339525713e+01,4.103186976062914937e+00
5.059159759931409184e+01,4.673955489945593733e+00
5.061160331523292655e+01,4.727253763131338715e+00
5.063160903115176126e+01,5.243402967034556994e+00
5.065161474707059597e+01,4.577099124524407259e+00
5.067162046298943068e+01,5.280996539302384107e+00
5.069162617890825828e+01,4.328470122279062693e+00
5.071163189482709299e+01,4.471677256754370333e+00
5.073163761074592770e+01,4.627296198165044672e+00
5.075164332666476241e+01,5.015487991455223060e+00
5.077164904258359712e+01,4.513205708921313786e+00
5.079165475850243183e+01,4.944768556623548861e+00
5.081166047442126654e+01,4.731049906950460127e+00
5.083166619034010125e+01,4.944188084076539980e+00
5.085167190625893596e+01,5.944639773492866652e+00
5.087167762217777067e+01,5.372353696678543677e+00
5.089168333809659828e+01,5.855895295772771902e+00
5.091168905401543299e+01,6.607258258880086998e+00
5.093169476993426770e+01,6.822436018750194009e+00
5.095170048585310241e+01,7.210271477953119401e+00
5.097170620177193712e+01,6.757245977938117321e+00
5.099171191769077183e+01,7.693746099956806361e+00
5.101171763360960654e+01,7.276284298191960431e+00
5.103172334952844125e+01,8.133518936277862821e+00
5.105172906544727596e+01,8.127538903606323473e+00
5.107173478136610356e+01,7.915567271045965470e+00
5.109174049728493827e+01,8.433893868853436615e+00
5.111174621320377298e+01,8.526803654714305125e+00
5.113175192912260769e+01,9.257163875682461907e+00
5.115175764504144240e+01,9.102646297346076665e+00
5.117176336096027711e+01,9.108860622744240132e+00
5.119176907687911182e+01,8.952317465144570718e+00
5.121177479279794653e+01,9.816299908372782212e+00
5.123178050871678124e+01,9.053781695925090744e+00
5.125178622463561595e+01,9.557130354552928253e+00
5.127179194055444356e+01,9.328421648519336529e+00
5.129179765647327827e+01,9.377555018217773153e+00
5.131180337239211298e+01,8.162846177409537773e+00
5.133180908831094769e+01,8.249347522938265342e+00
5.135181480422978240e+01,8.024392371544927016e+00
5.137182052014861711e+01,8.846617068403178408e+00
5.139182623606745182e+01,8.286665787810530759e+00
5.141183195198628653e+01,8.056724175970968460e+00
5.143183766790512124e+01,7.353363407641985816e+00
5.145184338382394884e+01,7.530126897691117982e+00
5.147184909974278355e+01,7.161611942273443887e+00
5.149185481566161826e+01,7.642523264236380953e+00
5.151186053158045297e+01,7.773433719341356962e+00
5.153186624749928768e+01,8.043955514085521230e+00
5.155187196341812239e+01,8.212505192856859537e+00
5.157187767933695710e+01,8.318086542595079180e+00
5.159188339525579181e+01,8.081753605343251934e+00
5.161188911117462652e+01,9.375104639697660502e+00
5.163189482709345413e+01,9.153723398648081044e+00
5.165190054301228884e+01,9.116114602286412349e+00
5.167190625893112355e+01,9.835528095178579733e+00
5.169191197484995826e+01,9.681965058581234018e+00
5.171191769076879297e+01,1.114706396755719986e+01
5.173192340668762768e+01,1.127275654339276301e+01
5.175192912260646239e+01,1.189445036805133782e+01
5.177193483852529710e+01,1.300773843931008145e+01
5.179194055444413181e+01,1.295680011109683250e+01
5.181194627036296652e+01,1.357005596951252002e+01
5.183195198628179412e+01,1.371178919078196579e+01
5.185195770220062883e+01,1.414691001383817692e+01
5.187196341811946354e+01,1.476523098585153448e+01
5.189196913403829825e+01,1.533575119443816348e+01
5.191197484995713296e+01,1.467121449822404067e+01
5.193198056587596767e+01,1.429026925070465737e+01
5.195198628179480238e+01,1.504041476068375260e+01
5.197199199771363709e+01,1.483774327047824748e+01
5.199199771363247180e+01,1.523016990111478108e+01
5.201200342955129940e+01,1.490720051398254320e+01
5.203200914547013411e+01,1.432553007326878536e+01
5.205201486138896882e+01,1.472006407120125360e+01
5.207202057730780353e+01,1.411027428931653915e+01
5.209202629322663824e+01,1.338569444265051089e+01
5.211203200914547295e+01,1.350135018202358772e+01
5.213203772506430766e+01,1.346141914168754106e+01
5.215204344098314237e+01,1.283042702718962502e+01
5.217204915690197708e+01,1.254685415670852677e+01
5.219205487282081180e+01,1.117946939618872193e+01
5.221206058873963940e+01,1.182698826554861604e+01
5.223206630465847411e+01,1.155895633151785695e+01
5.225207202057730882e+01,1.062520607632897374e+01
5.227207773649614353e+01,1.127637813041545201e+01
5.229208345241497824e+01,1.031487821335888455e+01
5.231208916833381295e+01,1.002552042459097237e+01
5.233209488425264766e+01,1.004254421590897373e+01
5.235210060017148237e+01,9.431899827371660550e+00
5.237210631609031708e+01,8.961506876614064865e+00
5.239211203200914468e+01,9.690957227012059860e+00
5.241211774792797939e+01,1.033102856480641663e+01
5.243212346384681410e+01,9.410037488930978355e+00
5.245212917976564881e+01,9.622272506499026434e+00
5.247213489568448352e+01,1.031580486553971632e+01
5.249214061160331823e+01,1.033998226505483231e+01
5.251214632752215294e+01,1.171753846541697719e+01
5.253215204344098765e+01,1.140055046665394478e+01
5.255215775935982236e+01,1.197523746234591968e+01
5.257216347527864997e+01,1.260957750786114140e+01
5.259216919119748468e+01,1.206047820677122751e+01
5.261217490711631939e+01,1.278668828634156185e+01
5.263218062303515410e+01,1.238516616219379074e+01
5.265218633895398881e+01,1.270197805384028200e+01
5.267219205487282352e+01,1.241275580252100497e+01
5.269219777079165823e+01,1.168112092204675179e+01
5.271220348671049294e+01,1.122869257594234860e+01
5.273220920262932765e+01,1.144565713440602828e+01
5.275221491854816236e+01,1.082894455781834964e+01
5.277222063446698996e+01,1.052879548863229076e+01
5.279222635038582467e+01,9.332861255220365138e+00
5.281223206630465938e+01,9.250353516341167648e+00
5.283223778222349409e+01,9.825222250624848996e+00
5.285224349814232880e+01,8.622819087649498115e+00
5.287224921406116351e+01,8.918005842587298559e+00
5.289225492997999822e+01,7.921304374495715450e+00
5.291226064589883293e+01,7.651349117390951804e+00
5.293226636181766764e+01,8.200742385170748605e+00
5.295227207773649525e+01,8.586607165242821083e+00
5.297227779365532996e+01,7.830650188852111171e+00
5.299228350957416467e+01,7.691606602480291599e+00
5.301228922549299938e+01,8.580640839249880969e+00
5.303229494141183409e+01,8.264261753002710265e+00
5.305230065733066880e+01,7.697559058192382508e+00
5.307230637324950351e+01,7.709319050864730016e+00
5.309231208916833822e+01,8.676378444129536405e+00
5.311231780508717293e+01,7.662299888599164888e+00
5.313232352100600764e+01,7.150352702858869591e+00
5.315232923692483524e+01,7.025831943496278598e+00
5.317233495284366995e+01,6.489288154762647309e+00
5.319234066876250466e+01,6.844853802583330982e+00
5.321234638468133937e+01,6.380898949214172333e+00
5.323235210060017408e+01,6.009215582813264511e+00
5.325235781651900879e+01,6.510445694518232074e+00
5.327236353243784350e+01,5.825468931527972849e+00
5.329236924835667821e+01,5.121836902053998664e+00
5.331237496427551292e+01,4.865746119364201761e+00
5.333238068019434053e+01,4.034917015951564601e+00
5.335238639611317524e+01,4.556766988502440441e+00
5.337239211203200995e+01,3.978073355720586068e+00
5.339239782795084466e+01,4.357150669519566755e+00
5.341240354386967937e+01,4.405357714721760409e+00
5.343240925978851408e+01,3.879390462305921883e+00
5.345241497570734879e+01,4.044892305921755415e+00
5.347242069162618350e+01,3.722858917763206321e+00
5.349242640754501821e+01,3.888358887838105460e+00
5.351243212346384581e+01,4.065864953921231262e+00
5.353243783938268052e+01,4.115634368961321066e+00
5.355244355530151523e+01,3.192022700169808935e+00
5.357244927122034994e+01,4.465912073346514077e+00
5.359245498713918465e+01,4.200688708343656153e+00
5.361246070305801936e+01,3.533000633747636954e+00
5.363246641897685407e+01,4.276707833659691538e+00
5.365247213489568878e+01,4.527325559490069651e+00
5.367247785081452349e+01,3.631337560271499232e+00
5.369248356673335820e+01,3.252629815939590330e+00
5.371248928265218581e+01,3.849131280055408943e+00
5.373249499857102052e+01,3.871278539863449275e+00
5.375250071448985523e+01,4.082909876835932650e+00
5.377250643040868994e+01,3.750300213739320654e+00
5.379251214632752465e+01,3.618814593018299774e+00
5.381251786224635936e+01,3.656673040647729689e+00
5.383252357816519407e+01,3.329976272483261557e+00
5.385252929408402878e+01,3.744466805394209175e+00
5.387253501000286349e+01,3.324579468892688183e+00
5.389254072592169109e+01,3.769717782976910403e+00
5.391254644184052580e+01,3.600327870096060145e+00
5.393255215775936051e+01,4.427025219172533888e+00
5.395255787367819522e+01,4.129515272519284075e+00
5.397256358959702993e+01,4.280128174680079667e+00
5.399256930551586464e+01,4.936001709108119861e+00
5.401257502143469935e+01,4.131490274160696252e+00
5.403258073735353406e+01,4.436117309533782915e+00
5.405258645327236877e+01,4.965701296778084917e+00
5.407259216919120348e+01,4.680122122349026803e+00
5.409259788511003109e+01,4.582334245847528464e+00
5.411260360102886580e+01,4.765026388727640949e+00
5.413260931694770051e+01,4.766183484172532125e+00
5.415261503286653522e+01,5.414843057087582068e+00
5.417262074878536993e+01,5.843550397704895261e+00
5.419262646470420464e+01,6.469503741547201869e+00
5.421263218062303935e+01,6.327249034999930188e+00
5.423263789654187406e+01,6.451224027027415708e+00
5.425264361246070877e+01,7.647118604046158730e+00
5.427264932837953637e+01,7.083779873919901604e+00
5.429265504429837108e+01,7.955609977310735381e+00
5.431266076021720579e+01,8.771141987512351079e+00
5.433266647613604050e+01,8.480954597421852981e+00
5.435267219205487521e+01,9.213506939150647668e+00
5.437267790797370992e+01,9.342074219249113298e+00
5.439268362389254463e+01,9.166500615475017710e+00
5.441268933981137934e+01,1.000261580036058362e+01
5.443269505573021405e+01,9.792949216271132684e+00
5.445270077164904166e+01,8.947904417891169970e+00
5.447270648756787637e+01,1.015383157123592461e+01
5.449271220348671108e+01,9.795030977235013481e+00
5.451271791940554579e+01,9.111067213858991209e+00
5.453272363532438050e+01,9.433707145347899115e+00
5.455272935124321521e+01,8.922719847571190854e+00
5.457273506716204992e+01,8.655724930404323558e+00
5.459274078308088463e+01,9.003329620966242786e+00
5.461274649899971934e+01,8.885626439144553856e+00
5.463275221491855405e+01,8.477691287936371722e+00
5.465275793083738165e+01,8.712184224436153812e+00
5.467276364675621636e+01,9.472191509716655133e+00
5.469276936267505107e+01,1.019152501063506477e+01
5.471277507859388578e+01,9.693561547420252111e+00
5.473278079451272049e+01,8.636052450995206797e+00
5.475278651043155520e+01,9.242859285626733978e+00
5.477279222635038991e+01,9.427158672901539305e+00
5.479279794226922462e+01,9.977761665806996305e+00
5.481280365818805933e+01,1.051467708835766679e+01
5.483280937410688693e+01,9.709265046132694366e+00
5.485281509002572164e+01,1.031707541036362130e+01
5.487282080594455635e+01,1.119470180037093954e+01
5.489282652186339106e+01,1.043684815213263306e+01
5.491283223778222577e+01,1.141112520638221461e+01
5.493283795370106048e+01,1.082531222805429394e+01
5.495284366961989519e+01,1.082641547063357734e+01
5.497284938553872990e+01,1.051045933628481066e+01
5.499285510145756461e+01,1.061144999826773372e+01
5.501286081737639222e+01,1.095958769279311440e+01
5.503286653329522693e+01,1.035330786181957130e+01
5.505287224921406164e+01,9.960356034681913329e+00
5.507287796513289635e+01,1.083944338414443287e+01
5.509288368105173106e+01,1.009075283393228339e+01
5.511288939697056577e+01,9.726441883253002629e+00
5.513289511288940048e+01,9.646872726877980142e+00
5.515290082880823519e+01,1.006302902858697834e+01
5.517290654472706990e+01,9.625352004023485009e+00
5.519291226064590461e+01,9.381749998725805284e+00
5.521291797656473221e+01,9.423327162978445415e+00
5.523292369248356692e+01,9.486835076071374218e+00
5.525292940840240163e+01,1.032732664305626891e+01
5.527293512432123634e+01,1.008225372644595907e+01
5.529294084024007105e+01,1.065464325910378918e+01
5.531294655615890576e+01,1.112634971438134457e+01
5.533295227207774047e+01,1.137256972757533902e+01
5.535295798799657518e+01,1.101060110957457283e+01
5.537296370391540989e+01,1.175731860531228889e+01
5.539296941983423750e+01,1.293080008284074012e+01
5.541297513575307221e+01,1.253036446217424782e+01
5.543298085167190692e+01,1.305646808718982754e+01
5.545298656759074163e+01,1.359298299525558029e+01
5.547299228350957634e+01,1.426168283807656856e+01
5.549299799942841105e+01,1.513780603029065475e+01
5.551300371534724576e+01,1.538518790551406923e+01
5.553300943126608047e+01,1.481523295625495606e+01
5.555301514718491518e+01,1.599540357201818352e+01
5.557302086310374989e+01,1.625338492981985894e+01
5.559302657902257749e+01,1.598419223552138391e+01
5.561303229494141220e+01,1.678430921903164474e+01
5.563303801086024691e+01,1.634556071352103146e+01
5.565304372677908162e+01,1.672395201718020630e+01
5.567304944269791633e+01,1.563791712547613599e+01
5.569305515861675104e+01,1.620694780327279716e+01
5.571306087453558575e+01,1.634364593527315535e+01
5.573306659045442046e+01,1.587744351462680292e+01
5.575307230637325517e+01,1.567656042498355973e+01
5.577307802229208278e+01,1.490922398793884796e+01
5.579308373821091749e+01,1.544759706721832693e+01
5.581308945412975220e+01,1.443441452382588253e+01
5.583309517004858691e+01,1.416251572888038801e+01
5.585310088596742162e+01,1.527810882841162332e+01
5.587310660188625633e+01,1.476500723899803624e+01
5.589311231780509104e+01,1.342333601608022420e+01
5.591311803372392575e+01,1.382932604864339510e+01
5.593312374964276046e+01,1.376391419753631951e+01
5.595312946556158806e+01,1.309803119293124674e+01
5.597313518148042277e+01,1.288037522320789030e+01
5.599314089739925748e+01,1.168933256703683554e+01
5.601314661331809219e+01,1.122208412896395657e+01
5.603315232923692690e+01,1.071163632196337545e+01
5.605315804515576161e+01,1.111348079704941583e+01
5.607316376107459632e+01,1.024961967135367757e+01
5.609316947699343103e+01,9.366161127309206691e+00
5.611317519291226574e+01,8.179918012214502099e+00
5.613318090883110045e+01,8.003389296901891825e+00
5.615318662474992806e+01,7.372076732799441423e+00
5.617319234066876277e+01,6.918617471513917927e+00
5.619319805658759748e+01,7.095952848549268666e+00
5.621320377250643219e+01,6.279805044323371277e+00
5.623320948842526690e+01,6.155802046198255439e+00
5.625321520434410161e+01,6.625886733167055453e+00
5.627322092026293632e+01,7.093306416957859462e+00
5.629322663618177103e+01,5.816857357248682803e+00
5.631323235210060574e+01,5.644546009738700576e+00
5.633323806801943334e+01,6.733566832736421759e+00
5.635324378393826805e+01,7.041657949785022907e+00
5.637324949985710276e+01,7.359370907070058365e+00
5.639325521577593747e+01,6.880131943704625108e+00
5.641326093169477218e+01,8.004289938775858815e+00
5.643326664761360689e+01,8.228894309293140807e+00
5.645327236353244160e+01,8.391205292263961724e+00
5.647327807945127631e+01,8.324842295750880083e+00
5.649328379537011102e+01,8.336206609741738660e+00
5.651328951128894573e+01,1.001197448250600175e+01
5.653329522720777334e+01,9.053699169842445826e+00
5.655330094312660805e+01,9.651656004770853059e+00
5.657330665904544276e+01,9.082817254670565887e+00
5.659331237496427747e+01,1.012171215292113047e+01
5.661331809088311218e+01,9.505694141442734946e+00
5.663332380680194689e+01,9.329051437703672178e+00
5.665332952272078160e+01,8.665918793857681379e+00
5.667333523863961631e+01,8.164982968206272673e+00
5.669334095455845102e+01,8.756224209039221051e+00
5.671334667047727862e+01,7.425898943621526804e+00
5.673335238639611333e+01,8.008977242944235186e+00
5.675335810231494804e+01,7.661983886476737560e+00
5.677336381823378275e+01,6.391337747394919333e+00
5.679336953415261746e+01,6.615298274792435151e+00
5.681337525007145217e+01,7.168640156715923695e+00
5.683338096599028688e+01,5.998515017407904715e+00
5.685338668190912159e+01,5.825495838242606084e+00
5.687339239782795630e+01,5.721906455220753251e+00
5.689339811374678391e+01,5.151534332602913935e+00
5.691340382966561862e+01,4.827861043703492783e+00
5.693340954558445333e+01,5.564987121020327443e+00
5.695341526150328804e+01,5.757609270120486400e+00
5.697342097742212275e+01,5.272557510649088286e+00
5.699342669334095746e+01,4.434184773584446404e+00
5.701343240925979217e+01,5.018606645854921666e+00
5.703343812517862688e+01,5.089426866753183454e+00
5.705344384109746159e+01,4.982352919582360151e+00
5.707344955701629630e+01,5.293297971612892283e+00
5.709345527293512390e+01,4.853661379775953577e+00
5.711346098885395861e+01,4.993932919073994725e+00
5.713346670477279332e+01,5.003940205837601241e+00
5.715347242069162803e+01,5.024634373967343137e+00
5.717347813661046274e+01,4.762441143969240898e+00
5.719348385252929745e+01,4.736821031529370174e+00
5.721348956844813216e+01,4.187865915901465286e+00
5.723349528436696687e+01,4.531835818303649788e+00
5.725350100028580158e+01,4.619032228695104436e+00
5.727350671620462919e+01,3.751026603973053319e+00
5.729351243212346390e+01,4.959453514095077509e+00
5.731351814804229861e+01,4.247349287435643106e+00
5.733352386396113332e+01,3.656382864188475690e+00
5.735352957987996803e+01,4.271247197453215350e+00
5.737353529579880274e+01,4.201314437049585848e+00
5.739354101171763745e+01,3.446595654016296972e+00
5.741354672763647216e+01,3.295341971158572303e+00
5.743355244355530687e+01,3.072380788665908469e+00
5.745355815947414158e+01,3.548895639151253167e+00
5.747356387539296918e+01,3.840078420138808735e+00
5.749356959131180389e+01,4.282473333735329568e+00
5.751357530723063860e+01,4.042371070917087472e+00
5.753358102314947331e+01,4.565800271249715436e+00
5.755358673906830802e+01,4.210681395987053044e+00
5.757359245498714273e+01,3.120930708604317427e+00
5.759359817090597744e+01,3.950717902464494280e+00
5.761360388682481215e+01,3.689832606212674726e+00
5.763360960274364686e+01,3.924554223410475551e+00
5.765361531866247446e+01,3.575234126750515884e+00
5.767362103458130917e+01,4.633786635026723388e+00
5.769362675050014388e+01,3.209022921093280800e+00
5.771363246641897859e+01,3.537930533385242882e+00
5.773363818233781330e+01,4.328605362123826517e+00
5.775364389825664801e+01,4.167069537414696434e+00
5.777364961417548272e+01,3.652864805000287873e+00
5.779365533009431743e+01,3.462875945267400724e+00
5.781366104601315214e+01,4.104737990014547755e+00
5.783366676193197975e+01,4.565611509804272217e+00
5.785367247785081446e+01,3.984447146363871095e+00
5.787367819376964917e+01,4.448069060763014448e+00
5.789368390968848388e+01,3.913397667318970541e+00
5.791368962560731859e+01,3.866184367051334281e+00
5.793369534152615330e+01,3.827832877039734516e+00
5.795370105744498801e+01,3.646446883828736496e+00
5.797370677336382272e+01,4.588358803918636042e+00
5.799371248928265743e+01,3.731782669115652595e+00
5.801371820520149214e+01,4.320770453481723727e+00
5.803372392112031974e+01,3.547682315283062771e+00
5.805372963703915445e+01,3.865736368166487580e+00
5.807373535295798916e+01,4.810060277654479854e+00
5.809374106887682387e+01,4.489740423746010123e+00
5.811374678479565858e+01,4.286572053935485016e+00
5.813375250071449329e+01,4.730982155462249317e+00
5.815375821663332800e+01,4.053226974777348168e+00
5.817376393255216271e+01,4.987086042867938218e+00
5.819376964847099742e+01,4.684296233865492987e+00
5.821377536438982503e+01,4.445125721838883770e+00
5.823378108030865974e+01,4.411177267030616633e+00
5.825378679622749445e+01,5.346840260741575257e+00
5.827379251214632916e+01,4.951728973349539764e+00
5.829379822806516387e+01,5.090630244542146521e+00
5.831380394398399858e+01,5.107707460537460165e+00
5.833380965990283329e+01,5.291485336974771414e+00
5.835381537582166800e+01,6.049263421383061612e+00
5.837382109174050271e+01,5.331481570986326801e+00
5.839382680765933742e+01,5.141075770475958429e+00
5.841383252357816502e+01,5.898519534394237596e+00
5.843383823949699973e+01,6.029917238633114351e+00
5.845384395541583444e+01,5.835113254192661358e+00
5.847384967133466915e+01,6.124624523376476226e+00
5.849385538725350386e+01,6.691504035509866277e+00
5.851386110317233857e+01,6.853804050460617248e+00
5.853386681909117328e+01,5.734865325056640373e+00
5.855387253501000799e+01,6.128461288521272365e+00
5.857387825092884270e+01,6.930257368294979514e+00
5.859388396684767031e+01,6.067002925567051008e+00
5.861388968276650502e+01,6.946818991437007540e+00
5.863389539868533973e+01,6.289541851278752205e+00
5.865390111460417444e+01,6.333938663431023741e+00
5.867390683052300915e+01,7.087743436046322287e+00
5.869391254644184386e+01,7.012269374582153603e+00
5.871391826236067857e+01,6.771831933311368346e+00
5.873392397827951328e+01,7.556170467209641473e+00
5.875392969419834799e+01,7.143578924629892413e+00
5.877393541011717559e+01,6.995345609973113277e+00
5.879394112603601030e+01,7.722656884874521843e+00
5.881394684195484501e+01,7.092534106697863550e+00
5.883395255787367972e+01,8.175707452355689853e+00
5.885395827379251443e+01,8.599828062948359886e+00
5.887396398971134914e+01,8.064611265310945853e+00
5.889396970563018385e+01,8.993007695282987157e+00
5.891397542154901856e+01,9.901567146206138759e+00
5.893398113746785327e+01,9.559755511157886687e+00
5.895398685338668798e+01,9.576991796587726924e+00
5.897399256930551559e+01,9.776521083321195960e+00
5.899399828522435030e+01,9.870615098690048939e+00
5.901400400114318501e+01,1.004602727911874283e+01
5.903400971706201972e+01,9.955453305920519469e+00
5.905401543298085443e+01,9.530467978818620622e+00
5.907402114889968914e+01,9.142406442800806943e+00
5.909402686481852385e+01,9.555057528393437138e+00
5.911403258073735856e+01,9.265340312556823221e+00
5.913403829665619327e+01,8.502598687662180410e+00
5.915404401257502087e+01,8.094844891994197766e+00
5.917404972849385558e+01,8.604472607648116167e+00
5.919405544441269029e+01,7.278993598506930063e+00
5.921406116033152500e+01,7.223147967542095316e+00
5.923406687625035971e+01,7.076614614213591281e+00
5.925407259216919442e+01,7.214738473934128926e+00
5.927407830808802913e+01,6.663327991727942212e+00
5.929408402400686384e+01,6.358142398786446492e+00
5.931408973992569855e+01,6.738436174740607854e+00
5.933409545584453326e+01,6.678384835208817094e+00
5.935410117176336087e+01,6.519447212746131370e+00
5.937410688768219558e+01,6.786988651722941412e+00
5.939411260360103029e+01,5.797177374659271187e+00
5.941411831951986500e+01,6.039908958994358201e+00
5.943412403543869971e+01,6.895196478097370019e+00
5.945412975135753442e+01,6.862215398896095664e+00
5.947413546727636913e+01,6.445472246280509410e+00
5.949414118319520384e+01,7.073253331500139574e+00
5.951414689911403855e+01,6.568265427772695730e+00
5.953415261503286615e+01,7.552086767596531303e+00
5.955415833095170086e+01,7.526649483333388346e+00
5.957416404687053557e+01,6.946225065181561575e+00
5.959416976278937028e+01,7.890182011921967664e+00
5.961417547870820499e+01,7.142857518148105100e+00
5.963418119462703970e+01,7.123744168688904921e+00
5.965418691054587441e+01,6.693390386319698848e+00
5.967419262646470912e+01,6.868650717203575340e+00
5.969419834238354383e+01,6.738197178686458066e+00
5.971420405830237144e+01,7.020035927535907661e+00
5.973420977422120615e+01,5.855002920725834947e+00
5.975421549014004086e+01,6.304651916501824438e+00
5.977422120605887557e+01,6.148445423495770612e+00
5.979422692197771028e+01,5.232047309371851362e+00
5.981423263789654499e+01,6.046348340544621891e+00
5.983423835381537970e+01,5.435543105224647675e+00
5.985424406973421441e+01,4.875116622205890593e+00
5.987424978565304912e+01,5.497035815968646766e+00
5.989425550157188383e+01,5.994220274503867074e+00
5.991426121749071143e+01,4.743583135390132988e+00
5.993426693340954614e+01,4.735153503574226264e+00
5.995427264932838085e+01,5.438770072261490895e+00
5.997427836524721556e+01,5.107458271091146251e+00
5.999428408116605027e+01,5.089875946043499688e+00
6.001428979708488498e+01,4.583243370022449525e+00
6.003429551300371969e+01,4.710533815117070588e+00
6.005430122892255440e+01,5.106659428380831756e+00
6.007430694484138911e+01,4.582944597680802090e+00
6.009431266076021672e+01,4.292745237040069384e+00
6.011431837667905143e+01,5.404677945260586647e+00
6.013432409259788614e+01,4.965877090668023186e+00
6.015432980851672085e+01,5.013132462455506477e+00
6.017433552443555556e+01,5.572566041540484072e+00
6.019434124035439027e+01,5.450119876858453338e+00
6.021434695627322498e+01,5.973391112054933672e+00
6.023435267219205969e+01,5.781907647268366368e+00
6.025435838811089440e+01,5.898625790491743182e+00
6.027436410402972911e+01,6.388943720591258923e+00
6.029436981994855671e+01,5.862616818896629667e+00
6.031437553586739142e+01,5.686032537429384526e+00
6.033438125178622613e+01,5.176213058119680355e+00
6.035438696770506084e+01,5.666252140901581136e+00
6.037439268362389555e+01,5.091331302131808734e+00
6.039439839954273026e+01,5.783609534751585457e+00
6.041440411546156497e+01,5.504704806743974999e+00
6.043440983138039968e+01,5.919899526454670102e+00
6.045441554729923439e+01,5.329503400329111962e+00
6.047442126321806199e+01,5.769706605650043230e+00
6.049442697913689670e+01,5.223559158126814594e+00
6.051443269505573141e+01,5.870027253654585664e+00
6.053443841097456612e+01,4.840215827677605276e+00
6.055444412689340083e+01,4.869622623120464233e+00
6.057444984281223554e+01,4.893191558819671272e+00
6.059445555873107025e+01,5.834139220836052075e+00
6.061446127464990496e+01,4.478833967173947883e+00
6.063446699056873967e+01,5.069515378353285584e+00
6.065447270648756728e+01,4.778449984673132533e+00
6.067447842240640199e+01,5.243389082248083533e+00
6.069448413832523670e+01,5.166175711757335698e+00
6.071448985424407141e+01,4.219232758981077858e+00
6.073449557016290612e+01,4.715367540613795150e+00
6.075450128608174083e+01,4.660405624033894689e+00
6.077450700200057554e+01,4.568440280333370573e+00
6.079451271791941025e+01,5.261534770829648266e+00
6.081451843383824496e+01,4.675348196721512473e+00
6.083452414975707967e+01,5.454206779727930332e+00
6.085452986567590727e+01,5.598077717194906988e+00
6.087453558159474198e+01,5.238722287918622378e+00
6.089454129751357669e+01,6.148592926571649464e+00
6.091454701343241140e+01,5.532184299104839553e+00
6.093455272935124611e+01,5.319976920618321614e+00
6.095455844527008082e+01,6.244091729475934827e+00
6.097456416118891553e+01,5.719858145911707936e+00
6.099456987710775024e+01,5.731077109955250215e+00
6.101457559302658495e+01,5.728489696474172277e+00
6.103458130894541256e+01,5.536693881462638522e+00
6.105458702486424727e+01,5.485127278178667964e+00
6.107459274078308198e+01,4.958058758722849291e+00
6.109459845670191669e+01,5.606896145272312282e+00
6.111460417262075140e+01,4.921210654713583210e+00
6.113460988853958611e+01,5.247657617169368294e+00
6.115461560445842082e+01,4.376935271424216012e+00
6.117462132037725553e+01,4.545586243597486309e+00
6.119462703629609024e+01,5.574500108965192879e+00
6.121463275221492495e+01,5.518534059828784422e+00
6.123463846813375255e+01,5.115507798655084315e+00
6.125464418405258726e+01,4.777987339740932704e+00
6.127464989997142197e+01,4.836806593077574767e+00
6.129465561589025668e+01,5.204522503813192813e+00
6.131466133180909139e+01,5.340993954319545267e+00
6.133466704772792610e+01,5.533026045485159194e+00
6.135467276364676081e+01,5.778174374781428924e+00
6.137467847956559552e+01,5.100262729544141393e+00
6.139468419548443023e+01,5.904724821575629612e+00
6.141468991140325784e+01,6.293686251529998721e+00
6.143469562732209255e+01,5.610763479326267955e+00
6.145470134324092726e+01,5.921797040640994325e+00
6.147470705915976197e+01,5.838152018617305927e+00
6.149471277507859668e+01,6.788541534417184664e+00
6.151471849099743139e+01,6.644892064058310233e+00
6.153472420691626610e+01,5.751927167600034529e+00
6.155472992283510081e+01,6.453272457242787752e+00
6.157473563875393552e+01,7.085883704889148760e+00
6.159474135467276312e+01,7.063772116256008538e+00
6.161474707059159783e+01,7.124867047055142955e+00
6.163475278651043254e+01,7.582031558768854040e+00
6.165475850242926725e+01,8.566123839710702015e+00
6.167476421834810196e+01,8.742926810364986423e+00
6.169476993426693667e+01,8.346663475232478646e+00
6.171477565018577138e+01,8.522415594690011531e+00
6.173478136610460609e+01,8.661668936757397574e+00
6.175478708202344080e+01,8.504349727757547939e+00
6.177479279794227551e+01,8.579114287806458350e+00
6.179479851386110312e+01,8.409795527079932498e+00
6.181480422977993783e+01,8.641577754232230291e+00
6.183480994569877254e+01,8.290312583797021517e+00
6.185481566161760725e+01,9.024677620718756899e+00
6.187482137753644196e+01,8.796815586752318339e+00
6.189482709345527667e+01,8.387718370454820160e+00
6.191483280937411138e+01,8.768243374364775633e+00
6.193483852529294609e+01,8.380215542962897501e+00
6.195484424121178080e+01,8.146641779058580113e+00
6.197484995713060840e+01,8.060417563544348241e+00
6.199485567304944311e+01,8.660984964256252638e+00
6.201486138896827782e+01,9.265175518928593590e+00
6.203486710488711253e+01,9.222616339790985052e+00
6.205487282080594724e+01,8.874068746346878811e+00
6.207487853672478195e+01,9.770965792282513718e+00
6.209488425264361666e+01,1.012278341249656322e+01
6.211488996856245137e+01,1.018065756477703232e+01
6.213489568448128608e+01,1.143814040671550813e+01
6.215490140040011369e+01,1.199554664675752669e+01
6.217490711631894840e+01,1.210915198389172609e+01
6.219491283223778311e+01,1.354033234330256619e+01
6.221491854815661782e+01,1.421172906511776901e+01
6.223492426407545253e+01,1.423252593231161356e+01
6.225492997999428724e+01,1.553509742598786758e+01
6.227493569591312195e+01,1.597593210237001671e+01
6.229494141183195666e+01,1.627774072278164397e+01
6.231494712775079137e+01,1.739244011191572170e+01
6.233495284366962608e+01,1.808793517762279635e+01
6.235495855958845368e+01,1.769746972649434724e+01
6.237496427550728839e+01,1.869659099450304041e+01
6.239496999142612310e+01,1.808649205101208324e+01
6.241497570734495781e+01,1.778909607295860695e+01
6.243498142326379252e+01,1.709202635438219531e+01
6.245498713918262723e+01,1.584010535559448130e+01
6.247499285510146194e+01,1.588323668842753378e+01
6.249499857102029665e+01,1.478689192705144251e+01
6.251500428693913136e+01,1.508438145015737142e+01
6.253501000285795897e+01,1.415327668741202061e+01
6.255501571877679368e+01,1.278157750728353292e+01
6.257502143469562839e+01,1.129515048958232981e+01
6.259502715061446310e+01,1.097329255168158468e+01
6.261503286653329781e+01,1.058987462397127288e+01
6.263503858245213252e+01,1.029105311472133266e+01
6.265504429837096723e+01,9.065533330158991987e+00
6.267505001428980194e+01,8.475908403450423734e+00
6.269505573020863665e+01,7.453622432485484062e+00
6.271506144612747136e+01,7.068305311855137774e+00
6.273506716204629896e+01,7.801239341355948653e+00
6.275507287796513367e+01,6.750600532775143492e+00
6.277507859388396838e+01,6.530692033608785252e+00
6.279508430980280309e+01,6.943000936963781733e+00
6.281509002572163780e+01,6.198800601854511427e+00
6.283509574164047251e+01,5.566399568803445774e+00
6.285510145755930722e+01,6.559448177491266740e+00
6.287510717347814193e+01,5.907760449151994386e+00
6.289511288939697664e+01,5.795152369191524322e+00
6.291511860531580425e+01,5.473332191143222225e+00
6.293512432123463896e+01,6.140818421298887664e+00
6.295513003715347367e+01,5.637766850539081886e+00
6.297513575307230838e+01,5.775486030017793482e+00
6.299514146899114309e+01,5.410789790104658437e+00
6.301514718490997780e+01,5.864220307866347071e+00
6.303515290082881251e+01,5.339421391948408591e+00
6.305515861674764722e+01,6.183127760706024212e+00
6.307516433266648193e+01,5.365468057043998762e+00
6.309517004858530953e+01,5.690471475158516590e+00
6.311517576450414424e+01,6.118622350432567636e+00
6.313518148042297895e+01,5.663366960468541045e+00
6.315518719634181366e+01,5.690808851058119622e+00
6.317519291226064837e+01,5.747148749909733567e+00
6.319519862817948308e+01,5.794409881831045439e+00
6.321520434409831779e+01,4.701413655660426016e+00
6.323521006001715250e+01,5.085086818007909848e+00
6.325521577593598721e+01,5.582593222051375648e+00
6.327522149185482192e+01,5.243180041085659937e+00
6.329522720777364952e+01,4.992910880773266946e+00
6.331523292369248423e+01,5.156584550106295239e+00
6.333523863961131894e+01,5.906824124489750361e+00
6.335524435553015365e+01,5.985668496964451357e+00
6.337525007144898836e+01,4.796851107835646388e+00
6.339525578736782307e+01,6.506805819282353021e+00
6.341526150328665778e+01,5.889382188649424421e+00
6.343526721920549249e+01,5.734966332527569932e+00
6.345527293512432720e+01,6.271013648336248636e+00
6.347527865104315481e+01,6.044861250034291977e+00
6.349528436696198952e+01,6.805203798832796025e+00
6.351529008288082423e+01,6.612320100940809020e+00
6.353529579879965894e+01,5.934808501437784045e+00
6.355530151471849365e+01,6.969929625011573648e+00
6.357530723063732836e+01,6.329413524410680836e+00
6.359531294655616307e+01,7.062721429095164538e+00
6.361531866247499778e+01,6.761361711489827897e+00
6.363532437839383249e+01,6.686172522005876750e+00
6.365533009431266720e+01,7.382359816283710074e+00
6.367533581023149480e+01,8.037033583835487605e+00
6.369534152615032951e+01,7.075023313429356975e+00
6.371534724206916422e+01,7.411972883738600970e+00
6.373535295798799893e+01,7.730377020155259515e+00
6.375535867390683364e+01,6.856397566200275406e+00
6.377536438982566835e+01,6.916844857465584084e+00
6.379537010574450306e+01,6.864181424467982851e+00
6.381537582166333777e+01,6.815659053722241012e+00
6.383538153758217248e+01,6.534811825652651507e+00
6.385538725350100009e+01,5.599894303761980829e+00
6.387539296941983480e+01,5.725028110118337565e+00
6.389539868533866951e+01,5.417033191762884670e+00
6.391540440125750422e+01,5.381231322695594343e+00
6.393541011717633893e+01,4.635021071047461305e+00
6.395541583309517364e+01,5.296418395192989514e+00
6.397542154901400835e+01,4.473353431436014382e+00
6.399542726493284306e+01,4.743072418213263752e+00
6.401543298085167066e+01,4.513073510919811682e+00
6.403543869677051248e+01,4.492017862905579584e+00
6.405544441268934008e+01,4.066951446100151912e+00
6.407545012860816769e+01,4.212127741996205543e+00
6.409545584452700950e+01,4.378151507138621668e+00
6.411546156044585132e+01,3.852045492197172738e+00
6.413546727636467892e+01,3.894972322539698162e+00
6.415547299228350653e+01,3.453458168252296900e+00
6.417547870820234834e+01,3.307630488317641504e+00
6.419548442412119016e+01,3.808706850828412982e+00
6.421549014004001776e+01,4.081722067805151788e+00
6.423549585595884537e+01,4.031123426650193409e+00
6.425550157187768718e+01,4.152778422142366033e+00
6.427550728779651479e+01,4.548518285667919159e+00
6.429551300371534239e+01,3.657394288841516072e+00
6.431551871963418421e+01,4.509595862588854587e+00
6.433552443555302602e+01,3.844728349498852449e+00
6.435553015147185363e+01,3.350387793686132376e+00
6.437553586739068123e+01,4.280425647002836342e+00
6.439554158330952305e+01,3.980371165650832044e+00
6.441554729922835065e+01,4.492757685752689412e+00
6.443555301514717826e+01,4.033987689834430235e+00
6.445555873106602007e+01,4.475384212739699663e+00
6.447556444698486189e+01,4.478327896128672769e+00
6.449557016290368949e+01,5.115106908176713318e+00
6.451557587882251710e+01,4.984366830547864780e+00
6.453558159474135891e+01,4.854903311666921795e+00
6.455558731066020073e+01,4.903904290961967227e+00
6.457559302657902833e+01,5.176907201693872196e+00
6.459559874249785594e+01,5.098818834098375774e+00
6.461560445841669775e+01,5.884386336297602327e+00
6.463561017433552536e+01,5.924260555126867445e+00
6.465561589025435296e+01,6.064805123269941589e+00
6.467562160617319478e+01,5.373979953089911277e+00
6.469562732209203659e+01,6.053055711822715068e+00
6.471563303801086420e+01,5.535077420644372026e+00
6.473563875392969180e+01,5.453498043695370612e+00
6.475564446984853362e+01,6.054061939070613185e+00
6.477565018576737543e+01,5.838670137207166100e+00
6.479565590168618883e+01,5.763810020323936634e+00
6.481566161760503064e+01,5.296978364902277470e+00
6.483566733352387246e+01,6.191844811709803942e+00
6.485567304944270006e+01,5.817667051984058979e+00
6.487567876536152767e+01,4.958906496475863790e+00
6.489568448128036948e+01,6.076112286958511355e+00
6.491569019719921130e+01,5.215422544590116338e+00
6.493569591311803890e+01,5.238154896699653840e+00
6.495570162903686651e+01,5.051379158917002954e+00
6.497570734495570832e+01,4.562486997247559906e+00
6.499571306087453593e+01,5.208446251065792509e+00
6.501571877679336353e+01,6.097034153998475148e+00
6.503572449271220535e+01,5.730372742281987897e+00
6.505573020863104716e+01,6.124526885349260041e+00
6.507573592454987477e+01,6.327635370592261665e+00
6.509574164046870237e+01,6.500325730747841035e+00
6.511574735638754419e+01,6.400113440615153415e+00
6.513575307230638600e+01,7.122486393962636164e+00
6.515575878822521361e+01,7.851779599730173587e+00
6.517576450414404121e+01,7.789602520110046058e+00
6.519577022006288303e+01,7.767492024539663475e+00
6.521577593598171063e+01,8.029226786900336421e+00
6.523578165190053824e+01,8.765679345022022062e+00
6.525578736781938005e+01,9.350560079960203552e+00
6.527579308373822187e+01,8.856073979981925248e+00
6.529579879965704947e+01,9.894446124869311632e+00
6.531580451557587708e+01,9.436280350588253540e+00
6.533581023149471889e+01,9.152310310191598575e+00
6.535581594741354650e+01,1.000140573548099887e+01
6.537582166333237410e+01,9.376631843489340312e+00
6.539582737925121592e+01,9.146479872378787235e+00
6.541583309517005773e+01,8.634198021353290287e+00
6.543583881108888534e+01,8.855381096711530731e+00
6.545584452700771294e+01,9.281397426938402972e+00
6.547585024292655476e+01,8.256991088013434066e+00
6.549585595884539657e+01,8.084276976351162602e+00
6.551586167476422418e+01,7.543770831218489903e+00
6.553586739068305178e+01,6.896651718840720591e+00
6.555587310660189360e+01,6.663402502784284920e+00
6.557587882252072120e+01,6.690694960528499990e+00
6.559588453843954881e+01,6.660694513744007672e+00
6.561589025435839062e+01,5.159119141080242166e+00
6.563589597027723244e+01,5.212647836714514149e+00
6.565590168619606004e+01,5.122080902870100871e+00
6.567590740211488765e+01,5.216744984043502953e+00
6.569591311803372946e+01,5.244611933039282192e+00
6.571591883395257128e+01,4.746073303346612704e+00
6.573592454987138467e+01,5.054915572250993527e+00
6.575593026579022649e+01,4.530518743218530986e+00
6.577593598170906830e+01,4.909309281322045138e+00
6.579594169762789591e+01,4.928683254352810295e+00
6.581594741354672351e+01,4.786199095056296926e+00
6.583595312946556533e+01,4.461953244929232731e+00
6.585595884538440714e+01,4.846426999401957758e+00
6.587596456130323475e+01,5.352667481804444627e+00
6.589597027722206235e+01,5.352070857277213989e+00
6.591597599314090417e+01,5.127564911196691000e+00
6.593598170905973177e+01,5.622527719032699878e+00
6.595598742497855937e+01,5.893480172802793682e+00
6.597599314089740119e+01,6.609920036967592338e+00
6.599599885681624301e+01,7.077327406737431659e+00
6.601600457273507061e+01,6.683226298162324497e+00
6.603601028865389821e+01,6.780031149865067164e+00
6.605601600457274003e+01,6.995189895815636660e+00
6.607602172049158185e+01,7.493737608948900508e+00
6.609602743641040945e+01,7.264258783749093951e+00
6.611603315232923705e+01,6.988014274844870144e+00
6.613603886824807887e+01,8.034995656043639300e+00
6.615604458416690647e+01,7.303974321788663460e+00
6.617605030008573408e+01,7.230054632533073899e+00
6.619605601600457589e+01,7.057947931534421571e+00
6.621606173192341771e+01,7.315993787048351571e+00
6.623606744784224531e+01,7.086541446934716326e+00
6.625607316376107292e+01,7.367086520686015660e+00
6.627607887967991473e+01,6.510393794164530235e+00
6.629608459559874234e+01,6.210465521334032069e+00
6.631609031151756994e+01,6.190464193800717219e+00
6.633609602743641176e+01,6.337457674183220924e+00
6.635610174335525357e+01,6.635846092064409341e+00
6.637610745927408118e+01,6.388648687360628742e+00
6.639611317519290878e+01,6.188161249422458710e+00
6.641611889111175060e+01,6.971498284931026745e+00
6.643612460703059241e+01,7.136196636314533492e+00
6.645613032294942002e+01,7.551569464330430748e+00
6.647613603886824762e+01,7.072721413012967417e+00
6.649614175478708944e+01,6.642227232957838012e+00
6.651614747070591704e+01,7.438653100618989100e+00
6.653615318662474465e+01,7.601753739712057367e+00
6.655615890254358646e+01,8.799873942122646397e+00
6.657616461846242828e+01,8.545143143210353287e+00
6.659617033438125588e+01,1.018247695590970103e+01
6.661617605030008349e+01,9.166454941125444122e+00
6.663618176621892530e+01,1.063272992027421182e+01
6.665618748213776712e+01,1.119869814871992020e+01
6.667619319805658051e+01,1.124944813458860438e+01
6.669619891397542233e+01,1.073631143803351407e+01
6.671620462989426414e+01,1.155718203730570792e+01
6.673621034581309175e+01,1.145583518372389520e+01
6.675621606173191935e+01,1.127890668358216075e+01
6.677622177765076117e+01,1.202752043286115757e+01
6.679622749356960298e+01,1.155345179944189837e+01
6.681623320948843059e+01,1.205731639230960184e+01
6.683623892540725819e+01,1.125576498956796989e+01
6.685624464132610001e+01,1.073652601771330595e+01
6.687625035724492761e+01,1.086501133690064691e+01
6.689625607316375522e+01,9.915879726389917437e+00
6.691626178908259703e+01,9.546762188644450475e+00
6.693626750500143885e+01,9.306846848392162030e+00
6.695627322092026645e+01,9.424901049252724761e+00
6.697627893683909406e+01,9.227110376687758020e+00
6.699628465275793587e+01,9.727766252842222627e+00
6.701629036867677769e+01,9.475900344428605848e+00
6.703629608459560529e+01,8.481227643351083145e+00
6.705630180051443290e+01,8.930400817604017050e+00
6.707630751643327471e+01,8.932673485807191227e+00
6.709631323235210232e+01,9.503147115537444733e+00
6.711631894827092992e+01,9.442231649023378637e+00
6.713632466418977174e+01,9.630768895389248740e+00
6.715633038010861355e+01,9.870222346221227738e+00
6.717633609602744116e+01,1.051178766410881771e+01
6.719634181194626876e+01,1.099365335584724868e+01
6.721634752786511058e+01,1.184486295723033322e+01
6.723635324378393818e+01,1.070614426975633826e+01
6.725635895970276579e+01,1.161459414221068442e+01
6.727636467562160760e+01,1.216945976627751236e+01
6.729637039154044942e+01,1.239625046285162391e+01
6.731637610745927702e+01,1.265432645636397879e+01
6.733638182337810463e+01,1.348920722673205219e+01
6.735638753929694644e+01,1.374640566330052494e+01
6.737639325521578826e+01,1.295110613871942995e+01
6.739639897113461586e+01,1.369149217778036665e+01
6.741640468705344347e+01,1.456647347983723506e+01
6.743641040297228528e+01,1.407161425828869383e+01
6.745641611889111289e+01,1.402301039575984731e+01
6.747642183480994049e+01,1.375603169153245986e+01
6.749642755072878231e+01,1.298640470311538841e+01
6.751643326664762412e+01,1.300628446988497799e+01
6.753643898256645173e+01,1.288825695605092925e+01
6.755644469848527933e+01,1.272477662188222070e+01
6.757645041440412115e+01,1.161987630463493382e+01
6.759645613032296296e+01,1.132228806972538138e+01
6.761646184624177636e+01,1.057534843780817724e+01
6.763646756216061817e+01,1.043782808382445459e+01
6.765647327807945999e+01,9.931656912473016519e+00
6.767647899399828759e+01,9.527389116980950590e+00
6.769648470991711520e+01,8.559053616883049997e+00
6.771649042583595701e+01,8.018768422079579850e+00
6.773649614175479883e+01,8.039693788911776551e+00
6.775650185767362643e+01,7.151266142027393968e+00
6.777650757359245404e+01,7.007291031090797873e+00
6.779651328951129585e+01,6.674210071146439383e+00
6.781651900543012346e+01,6.131985398036992940e+00
6.783652472134895106e+01,5.340336584559021382e+00
6.785653043726779288e+01,5.089849089920042147e+00
6.787653615318663469e+01,5.226066394395060044e+00
6.789654186910546230e+01,4.547606018157259733e+00
6.791654758502428990e+01,3.797585224934915793e+00
6.793655330094313172e+01,3.799919925672585297e+00
6.795655901686197353e+01,4.668422169915967146e+00
6.797656473278080114e+01,3.612952824204515245e+00
6.799657044869962874e+01,4.826766751593863702e+00
6.801657616461847056e+01,4.075454427846118222e+00
6.803658188053729816e+01,3.252052935362331088e+00
6.805658759645612577e+01,4.272151467309569739e+00
6.807659331237496758e+01,3.548276564467567340e+00
6.809659902829380940e+01,3.437603495136143383e+00
6.811660474421263700e+01,4.173543117363930577e+00
6.813661046013146461e+01,3.900017692922810753e+00
6.815661617605030642e+01,3.686622872311064558e+00
6.817662189196913403e+01,3.709238535139172122e+00
6.819662760788796163e+01,4.044359041382386444e+00
6.821663332380680345e+01,3.981023875956815949e+00
6.823663903972564526e+01,4.503926759875586328e+00
6.825664475564447287e+01,3.949270490655345967e+00
6.827665047156330047e+01,4.042005113493644330e+00
6.829665618748214229e+01,3.848877412573016077e+00
6.831666190340098410e+01,4.036094045745165282e+00
6.833666761931981171e+01,3.311058559962287706e+00
6.835667333523863931e+01,4.202409902935702490e+00
6.837667905115748113e+01,3.749902856917767480e+00
6.839668476707630873e+01,4.050366477868924342e+00
6.841669048299513634e+01,4.064257503714754804e+00
6.843669619891397815e+01,4.293875439937234972e+00
6.845670191483281997e+01,3.883934853120992958e+00
6.847670763075164757e+01,3.942949374440271271e+00
6.849671334667047518e+01,3.727848771215630741e+00
6.851671906258931699e+01,4.370604449035627503e+00
6.853672477850815881e+01,3.958474076426618637e+00
6.855673049442697220e+01,4.184543052528036711e+00
6.857673621034581402e+01,4.881022168803170302e+00
6.859674192626465583e+01,4.270511507567366749e+00
6.861674764218348344e+01,4.101882588152241382e+00
6.863675335810231104e+01,4.849977807819495723e+00
6.865675907402115286e+01,4.454402745327005420e+00
6.867676478993999467e+01,4.729278058558999298e+00
6.869677050585882228e+01,4.232462629106236385e+00
6.871677622177764988e+01,4.069469413361082033e+00
6.873678193769649170e+01,5.044147628142497730e+00
6.875678765361531930e+01,4.174664495642358197e+00
6.877679336953414690e+01,3.535390125968363328e+00
6.879679908545298872e+01,3.943671758036947139e+00
6.881680480137183054e+01,4.674903452136018878e+00
6.883681051729065814e+01,3.816758020358725467e+00
6.885681623320948574e+01,4.203274659161039040e+00
6.887682194912832756e+01,3.534760933983224440e+00
6.889682766504716938e+01,4.104868562699844681e+00
6.891683338096599698e+01,3.158837467796222764e+00
6.893683909688482458e+01,2.973102967577688993e+00
6.895684481280366640e+01,3.870712024269505669e+00
6.897685052872249400e+01,2.939751591460528335e+00
6.899685624464132161e+01,4.599644133251204359e+00
6.901686196056016342e+01,4.339771359819478036e+00
6.903686767647900524e+01,3.540042949296916319e+00
6.905687339239783284e+01,3.865227418666942416e+00
6.907687910831666045e+01,4.210593633000669023e+00
6.909688482423550226e+01,3.829828920074943355e+00
6.911689054015432987e+01,4.504856395773850330e+00
6.913689625607315747e+01,4.188805199296664838e+00
6.915690197199199929e+01,4.278446550755971245e+00
6.917690768791084110e+01,4.080314812141744518e+00
6.919691340382966871e+01,4.496614457503829598e+00
6.921691911974849631e+01,4.546709915977590555e+00
6.923692483566733813e+01,4.450158402425897108e+00
6.925693055158617994e+01,5.659971505677690473e+00
6.927693626750500755e+01,4.431353274459469915e+00
6.929694198342383515e+01,5.609001318039908313e+00
6.931694769934267697e+01,5.318982095393886667e+00
6.933695341526150457e+01,5.263905063292919628e+00
6.935695913118033218e+01,5.658937445833823077e+00
6.937696484709917399e+01,6.234080432660384474e+00
6.939697056301801581e+01,5.869591445579338540e+00
6.941697627893684341e+01,6.440811846406457875e+00
6.943698199485567102e+01,6.000446111230942847e+00
6.945698771077451283e+01,6.232217166558138288e+00
6.947699342669335465e+01,6.521460837280615763e+00
6.949699914261216804e+01,6.607892913695726733e+00
6.951700485853100986e+01,5.792500202245639329e+00
6.953701057444985167e+01,6.166951023867119019e+00
6.955701629036867928e+01,6.674576635406646474e+00
6.957702200628750688e+01,5.341669839858496083e+00
6.959702772220634870e+01,5.915705277130168582e+00
6.961703343812519051e+01,6.285827699965545357e+00
6.963703915404401812e+01,5.244603957808428696e+00
6.965704486996284572e+01,5.921754363955587408e+00
6.967705058588168754e+01,5.353363293544052937e+00
6.969705630180051514e+01,5.494670772369981471e+00
6.971706201771934275e+01,5.515268664808898436e+00
6.973706773363818456e+01,4.390234889332513823e+00
6.975707344955702638e+01,4.561663477106552733e+00
6.977707916547585398e+01,4.625469821712475671e+00
6.979708488139468159e+01,3.799644467613576104e+00
6.981709059731352340e+01,4.835672667867072505e+00
6.983709631323236522e+01,3.843133461015576291e+00
6.985710202915119282e+01,4.768988377591329098e+00
6.987710774507002043e+01,4.892504477777488425e+00
6.989711346098886224e+01,5.018753807430496927e+00
6.991711917690768985e+01,3.676967107464843565e+00
6.993712489282651745e+01,4.543095054640089892e+00
6.995713060874535927e+01,4.015024464149391292e+00
6.997713632466420108e+01,4.430547165395646303e+00
6.999714204058302869e+01,5.030076680806780942e+00
7.001714775650185629e+01,4.720012747423946387e+00
7.003715347242069811e+01,4.422313518882753591e+00
7.005715918833952571e+01,4.928330448757911597e+00
7.007716490425835332e+01,4.463877586315427415e+00
7.009717062017719513e+01,5.112576151694034010e+00
7.011717633609603695e+01,4.268221653910575952e+00
7.013718205201486455e+01,4.619524791262706209e+00
7.015718776793369216e+01,5.194736919546554255e+00
7.017719348385253397e+01,4.828347853986532989e+00
7.019719919977137579e+01,5.024494163628967947e+00
7.021720491569020339e+01,4.907020460776248427e+00
7.023721063160903100e+01,4.836359677436977478e+00
7.025721634752787281e+01,5.310930911489895045e+00
7.027722206344670042e+01,5.207090984218186946e+00
7.029722777936552802e+01,5.012345433102836090e+00
7.031723349528436984e+01,5.240533892910679725e+00
7.033723921120321165e+01,5.286948493790239567e+00
7.035724492712203926e+01,4.858680498282929250e+00
7.037725064304086686e+01,5.235126207088002914e+00
7.039725635895970868e+01,4.749190367742968100e+00
7.041726207487855049e+01,5.778200009997598308e+00
7.043726779079736389e+01,5.033283768615276266e+00
7.045727350671620570e+01,4.787173077322469439e+00
7.047727922263504752e+01,4.970350319877885781e+00
7.049728493855387512e+01,4.560762234895253897e+00
7.051729065447270273e+01,4.677396052319335418e+00
7.053729637039154454e+01,5.335089905219276396e+00
7.055730208631038636e+01,5.048550157645904868e+00
7.057730780222921396e+01,4.788868256637226040e+00
7.059731351814804157e+01,4.889278438797350468e+00
7.061731923406688338e+01,4.320717069624723905e+00
7.063732494998571099e+01,4.763841172300289806e+00
7.065733066590453859e+01,4.160697621548413494e+00
7.067733638182338041e+01,5.075649289240108608e+00
7.069734209774222222e+01,4.320387510637117678e+00
7.071734781366104983e+01,4.127022839145578104e+00
7.073735352957987743e+01,5.241312296513372715e+00
7.075735924549871925e+01,5.264611521619242396e+00
7.077736496141756106e+01,4.596430137244537306e+00
7.079737067733638867e+01,5.465295817247664445e+00
7.081737639325521627e+01,5.225292368300118895e+00
7.083738210917405809e+01,4.689152965094958603e+00
7.085738782509288569e+01,4.462495728718055332e+00
7.087739354101171330e+01,4.894955511446299923e+00
7.089739925693055511e+01,4.777483061507370898e+00
7.091740497284939693e+01,4.530615885645508101e+00
7.093741068876822453e+01,4.678498668975609398e+00
7.095741640468705214e+01,4.515464609175026567e+00
7.097742212060589395e+01,4.904487112966195994e+00
7.099742783652472156e+01,4.896903324924131162e+00
7.101743355244354916e+01,5.220794177387912960e+00
7.103743926836239098e+01,5.054387585660424342e+00
7.105744498428123279e+01,4.435347472015759074e+00
7.107745070020006040e+01,4.543878973254505738e+00
7.109745641611888800e+01,4.881567996324884362e+00
7.111746213203772982e+01,4.132373574899260049e+00
7.113746784795657163e+01,4.943008475240940669e+00
7.115747356387539924e+01,4.273007020410551249e+00
7.117747927979422684e+01,4.570374682700693469e+00
7.119748499571306866e+01,4.547279766182713345e+00
7.121749071163189626e+01,4.739549618348298132e+00
7.123749642755072387e+01,4.483006498854546606e+00
7.125750214346956568e+01,4.485390164755651554e+00
7.127750785938840750e+01,4.250482818039446720e+00
7.129751357530723510e+01,3.804036701370048235e+00
7.131751929122606271e+01,4.202607968260679172e+00
7.133752500714490452e+01,5.070083354109429230e+00
7.135753072306374634e+01,4.140056365960729678e+00
7.137753643898255973e+01,4.057428406571686352e+00
7.139754215490140155e+01,4.529856615763036665e+00
7.141754787082024336e+01,4.784755506992759422e+00
7.143755358673907097e+01,4.610872255075193493e+00
7.145755930265789857e+01,4.536079167898100728e+00
7.147756501857674039e+01,4.505541604710725956e+00
7.149757073449558220e+01,4.217290899453767672e+00
7.151757645041440981e+01,5.632500887741629825e+00
7.153758216633323741e+01,5.066069914371341909e+00
7.155758788225207923e+01,5.574113524161873556e+00
7.157759359817090683e+01,5.724714425087814362e+00
7.159759931408973443e+01,5.220314967712888610e+00
7.161760503000857625e+01,5.447525769775371174e+00
7.163761074592741807e+01,5.943615902351675473e+00
7.165761646184624567e+01,5.627264960815001160e+00
7.167762217776507327e+01,5.602024235808194419e+00
7.169762789368391509e+01,5.725078595636597711e+00
7.171763360960275691e+01,5.975157030734219887e+00
7.173763932552158451e+01,5.712027056269683989e+00
7.175764504144041211e+01,5.205346045675526945e+00
7.177765075735925393e+01,6.217506845526038717e+00
7.179765647327808153e+01,6.125644565941861686e+00
7.181766218919690914e+01,5.710726757790882679e+00
7.183766790511575095e+01,6.402262319349789621e+00
7.185767362103459277e+01,6.084320640688741122e+00
7.187767933695342037e+01,5.792433462074413342e+00
7.189768505287224798e+01,6.309970101056896041e+00
7.191769076879108979e+01,5.500753105205527405e+00
7.193769648470991740e+01,5.485598613858743811e+00
7.195770220062874500e+01,6.334826646708979325e+00
7.197770791654758682e+01,6.263245767694039401e+00
7.199771363246642863e+01,6.779446101455846474e+00
7.201771934838525624e+01,5.631638339972871776e+00
7.203772506430408384e+01,6.287674649891071610e+00
7.205773078022292566e+01,6.436535328462646532e+00
7.207773649614176747e+01,5.406857551913201831e+00
7.209774221206059508e+01,5.435237892598800968e+00
7.211774792797942268e+01,5.675164358395967668e+00
7.213775364389826450e+01,5.453793864120591195e+00
7.215775935981709210e+01,6.196565932448683256e+00
7.217776507573591971e+01,5.857299134749429648e+00
7.219777079165476152e+01,5.287964279843583526e+00
7.221777650757360334e+01,5.175145314663293306e+00
7.223778222349243094e+01,4.717768726726895956e+00
7.225778793941125855e+01,5.038178492483104343e+00
7.227779365533010036e+01,4.144798557749563628e+00
7.229779937124894218e+01,4.648557084110779059e+00
7.231780508716775557e+01,4.274299617640939353e+00
7.233781080308659739e+01,3.928349993972644505e+00
7.235781651900543920e+01,5.130561251783724686e+00
7.237782223492426681e+01,4.198899728020915489e+00
7.239782795084309441e+01,4.497253755947754783e+00
7.241783366676193623e+01,4.078933203939321572e+00
7.243783938268077804e+01,4.201029333769660923e+00
7.245784509859960565e+01,4.873748348841363764e+00
7.247785081451843325e+01,3.861679097382146875e+00
7.249785653043727507e+01,4.633300545161317174e+00
7.251786224635610267e+01,4.973298098406887746e+00
7.253786796227493028e+01,4.899577281635699499e+00
7.255787367819377209e+01,5.120675960677245619e+00
7.257787939411261391e+01,5.522151261241276643e+00
7.259788511003144151e+01,4.586259895623003402e+00
7.261789082595026912e+01,4.591067655487565347e+00
7.263789654186911093e+01,5.314675944054449097e+00
7.265790225778795275e+01,4.472284248720217903e+00
7.267790797370678035e+01,4.447125014970705337e+00
7.269791368962560796e+01,5.270456312967479739e+00
7.271791940554444977e+01,5.482620061469459571e+00
7.273792512146327738e+01,5.182949224447243708e+00
7.275793083738210498e+01,5.043846145721980534e+00
7.277793655330094680e+01,5.548420155778638119e+00
7.279794226921978861e+01,4.990001795186212341e+00
7.281794798513861622e+01,4.865730143919914319e+00
7.283795370105744382e+01,5.782721483753434200e+00
7.285795941697628564e+01,5.182523632664118196e+00
7.287796513289511324e+01,5.227279963605127477e+00
7.289797084881394085e+01,6.442152713148608711e+00
7.291797656473278266e+01,5.829557689412149912e+00
7.293798228065162448e+01,6.551080051764163414e+00
7.295798799657045208e+01,6.698957097365291879e+00
7.297799371248927969e+01,6.372401736465975297e+00
7.299799942840812150e+01,7.219714318244119688e+00
7.301800514432696332e+01,6.803304969694849547e+00
7.303801086024579092e+01,7.815949287122007760e+00
7.305801657616461853e+01,7.976767068472543798e+00
7.307802229208346034e+01,8.147270260654298824e+00
7.309802800800228795e+01,8.375910252217970253e+00
7.311803372392111555e+01,7.468690777460038177e+00
7.313803943983995737e+01,7.873697348407230123e+00
7.315804515575879918e+01,7.372953760941117096e+00
7.317805087167762679e+01,6.934289450980264391e+00
7.319805658759645439e+01,7.833989527427490884e+00
7.321806230351529621e+01,7.718452926489068666e+00
7.323806801943413802e+01,8.171873327526030906e+00
7.325807373535295142e+01,7.695811306613281388e+00
7.327807945127179323e+01,7.031855593850566244e+00
7.329808516719063505e+01,7.222179875585030828e+00
7.331809088310946265e+01,6.665764801934686901e+00
7.333809659902829026e+01,7.088271066656728792e+00
7.335810231494713207e+01,6.228394583896027292e+00
7.337810803086597389e+01,6.972536133613299825e+00
7.339811374678480149e+01,5.834457018006472317e+00
7.341811946270362910e+01,5.898752869746186178e+00
7.343812517862247091e+01,6.354971923137204826e+00
7.345813089454129852e+01,5.577976313000596598e+00
7.347813661046012612e+01,5.546117084886557969e+00
7.349814232637896794e+01,5.264157239327983184e+00
7.351814804229780975e+01,4.812568386454949554e+00
7.353815375821663736e+01,4.933824557810329026e+00
7.355815947413546496e+01,5.226732750577654407e+00
7.357816519005430678e+01,4.685178417418393693e+00
7.359817090597314859e+01,5.096266680908223989e+00
7.361817662189197620e+01,4.848733846434238437e+00
7.363818233781080380e+01,5.289709778186505673e+00
7.365818805372964562e+01,4.194246404958843044e+00
7.367819376964847322e+01,4.467548234394925544e+00
7.369819948556730083e+01,5.309483398467011561e+00
7.371820520148614264e+01,4.323220260432270479e+00
7.373821091740498446e+01,5.580533264748443578e+00
7.375821663332381206e+01,5.040230334309988791e+00
7.377822234924263967e+01,4.369588428242609623e+00
7.379822806516148148e+01,4.689351685678937010e+00
7.381823378108030909e+01,4.908075446349135618e+00
7.383823949699913669e+01,4.831443548430049972e+00
7.385824521291797851e+01,4.553484517407612842e+00
7.387825092883682032e+01,5.292668385237052853e+00
7.389825664475564793e+01,3.902634506629341082e+00
7.391826236067447553e+01,5.309158089963652571e+00
7.393826807659331735e+01,4.048399667222707166e+00
7.395827379251215916e+01,5.108779129753933113e+00
7.397827950843098677e+01,4.798152988269176689e+00
7.399828522434981437e+01,4.940026068517874513e+00
7.401829094026865619e+01,4.392152692860862295e+00
7.403829665618748379e+01,4.421217532252724070e+00
7.405830237210632561e+01,4.364616127987477334e+00
7.407830808802515321e+01,4.030005150435951755e+00
7.409831380394398082e+01,4.267821054668895719e+00
7.411831951986282263e+01,3.997956562845050854e+00
7.413832523578165024e+01,3.636465106782452494e+00
7.415833095170049205e+01,4.122422362480253177e+00
7.417833666761931966e+01,4.572645872535224143e+00
7.419834238353816147e+01,4.725415810328279065e+00
7.421834809945698908e+01,4.753322430273116517e+00
7.423835381537583089e+01,4.980501159251081056e+00
7.425835953129465850e+01,4.407829974491765057e+00
7.427836524721348610e+01,5.009105704904422751e+00
7.429837096313232792e+01,4.740448371251716253e+00
7.431837667905115552e+01,4.849551306373157011e+00
7.433838239496999734e+01,5.631777125916054061e+00
7.435838811088882494e+01,5.428968504784108973e+00
7.437839382680766676e+01,5.625422838857635277e+00
7.439839954272649436e+01,4.871491877436867846e+00
7.441840525864533618e+01,5.441462016139537283e+00
7.443841097456416378e+01,5.161501172769859203e+00
7.445841669048300560e+01,5.557841420269145516e+00
7.447842240640183320e+01,5.179383038850088106e+00
7.449842812232066080e+01,5.694194800506910958e+00
7.451843383823950262e+01,6.437328963868294451e+00
7.453843955415833022e+01,5.079220413818998026e+00
7.455844527007717204e+01,5.463328569850074423e+00
7.457845098599599964e+01,6.259566433869709456e+00
7.459845670191484146e+01,6.017911888535905085e+00
7.461846241783366906e+01,4.965199058013152644e+00
7.463846813375251088e+01,5.728487453268997776e+00
7.465847384967133848e+01,5.434133974863216032e+00
7.467847956559016609e+01,4.904233855825440358e+00
7.469848528150900790e+01,6.173564658047369313e+00
7.471849099742783551e+01,5.109275389242490029e+00
7.473849671334667732e+01,5.368983723917331474e+00
7.475850242926550493e+01,5.571815910312537312e+00
7.477850814518434674e+01,5.704123906487534867e+00
7.479851386110317435e+01,5.431626020381926878e+00
7.481851957702201616e+01,4.473665861603730143e+00
7.483852529294084377e+01,4.962550363811219611e+00
7.485853100885967137e+01,4.726732670330829222e+00
7.487853672477851319e+01,4.984716148499710897e+00
7.489854244069734079e+01,4.668910574245613176e+00
7.491854815661618261e+01,4.959452911640479300e+00
7.493855387253501021e+01,5.067965171910328692e+00
7.495855958845385203e+01,5.484665922743482191e+00
7.497856530437267963e+01,4.498810156978795050e+00
7.499857102029152145e+01,5.539033064695139785e+00
7.501857673621034905e+01,5.668827963119162483e+00
7.503858245212917666e+01,5.372769769299797993e+00
7.505858816804801847e+01,5.320760440391147483e+00
7.507859388396684608e+01,4.875517669332247728e+00
7.509859959988568789e+01,4.786310947191633858e+00
7.511860531580451550e+01,4.454891248208621590e+00
7.513861103172335731e+01,4.779247844452878979e+00
7.515861674764218492e+01,4.763542642351993983e+00
7.517862246356102673e+01,5.517267389310607228e+00
7.519862817947985434e+01,5.717593774725635569e+00
7.521863389539868194e+01,4.745043886905698116e+00
7.523863961131752376e+01,4.577892336729275868e+00
7.525864532723635136e+01,4.917222824818201055e+00
7.527865104315519318e+01,5.077641114857932791e+00
7.529865675907402078e+01,5.342527017015691548e+00
7.531866247499286260e+01,5.553330840463235774e+00
7.533866819091169020e+01,4.976332190414607837e+00
7.535867390683053202e+01,5.906582228311282101e+00
7.537867962274935962e+01,5.297673882227428521e+00
7.539868533866820144e+01,5.832583467749522299e+00
7.541869105458702904e+01,5.009578895777902829e+00
7.543869677050585665e+01,5.291547863761824289e+00
7.545870248642469846e+01,5.774749773719941359e+00
7.547870820234352607e+01,5.968220792201792690e+00
7.549871391826236788e+01,6.207986098901892014e+00
7.551871963418119549e+01,6.423952377823918702e+00
7.553872535010003730e+01,5.948695504336503070e+00
7.555873106601886491e+01,6.638347353853223609e+00
7.557873678193770672e+01,5.769221728437207375e+00
7.559874249785653433e+01,5.384298087007830524e+00
7.561874821377536193e+01,6.602027800123098089e+00
7.563875392969420375e+01,6.120760544170861905e+00
7.565875964561303135e+01,6.345338966136758074e+00
7.567876536153187317e+01,5.625478508136146694e+00
7.569877107745070077e+01,6.124283667459691216e+00
7.571877679336954259e+01,4.990776420276121783e+00
7.573878250928837019e+01,5.322285391294743206e+00
7.575878822520721201e+01,5.326411737535357460e+00
7.577879394112603961e+01,4.791889219283641310e+00
7.579879965704486722e+01,5.222477864300817174e+00
7.581880537296370903e+01,5.316095791099252565e+00
7.583881108888253664e+01,5.666333705303702395e+00
7.585881680480137845e+01,5.276932863395010109e+00
7.587882252072020606e+01,4.967548056157240488e+00
7.589882823663904787e+01,5.183972539983649597e+00
7.591883395255787548e+01,5.451802122997190914e+00
7.593883966847671729e+01,5.438039483069347924e+00
7.595884538439554490e+01,5.071655909130252660e+00
7.597885110031437250e+01,5.506153415059536371e+00
7.599885681623321432e+01,4.674511084122227267e+00
7.601886253215204192e+01,5.012267429083193448e+00
7.603886824807088374e+01,4.706864647070611696e+00
7.605887396398971134e+01,4.827921662261829283e+00
7.607887967990855316e+01,4.716120685663997669e+00
7.609888539582738076e+01,5.779489835090446448e+00
7.611889111174622258e+01,5.115449351408241085e+00
7.613889682766505018e+01,4.854304477348143187e+00
7.615890254358387779e+01,5.058589396821309592e+00
7.617890825950271960e+01,4.659955122087265700e+00
7.619891397542154721e+01,5.505867405338509712e+00
7.621891969134038902e+01,5.230723850084002535e+00
7.623892540725921663e+01,4.889707258016933622e+00
7.625893112317805844e+01,6.038001348110398681e+00
7.627893683909688605e+01,5.228765285925480732e+00
7.629894255501572786e+01,5.722383288218694020e+00
7.631894827093455547e+01,5.539139151334915745e+00
7.633895398685339728e+01,6.410850608997021638e+00
7.635895970277222489e+01,5.995656176490292921e+00
7.637896541869105249e+01,6.910095199720770687e+00
7.639897113460989431e+01,6.404049297592464107e+00
7.641897685052872191e+01,6.531975643394265063e+00
7.643898256644756373e+01,6.725124480388679160e+00
7.645898828236639133e+01,6.877662957765902974e+00
7.647899399828523315e+01,6.961344916464619281e+00
7.649899971420406075e+01,6.598320896504729305e+00
7.651900543012290257e+01,7.658794184244264613e+00
7.653901114604173017e+01,7.633230132437605064e+00
7.655901686196055778e+01,6.225360911142898246e+00
7.657902257787939959e+01,6.900791266346821828e+00
7.659902829379822720e+01,7.320322131569405144e+00
7.661903400971706901e+01,7.287005098230670441e+00
7.663903972563589662e+01,7.304367982899501399e+00
7.665904544155473843e+01,7.199234671918262052e+00
7.667905115747356604e+01,6.249272519054704489e+00
7.669905687339240785e+01,6.872759344178806629e+00
7.671906258931123546e+01,6.914441313526323185e+00
7.673906830523006306e+01,6.978973869597012936e+00
7.675907402114890488e+01,7.355775874025070493e+00
7.677907973706773248e+01,7.024066489978242345e+00
7.679908545298657430e+01,6.609877138223550830e+00
7.681909116890540190e+01,7.635835465586561455e+00
7.683909688482424372e+01,7.189118731734108536e+00
7.685910260074307132e+01,6.903843288717017579e+00
7.687910831666191314e+01,7.479730701987285180e+00
7.689911403258074074e+01,7.799267467785472974e+00
7.691911974849956835e+01,7.521783717112107581e+00
7.693912546441841016e+01,6.343615044294862670e+00
7.695913118033723777e+01,6.766748847328756256e+00
7.697913689625607958e+01,6.800012574230249740e+00
7.699914261217490719e+01,6.602509034366853768e+00
7.701914832809374900e+01,6.123738113331032906e+00
7.703915404401257661e+01,6.375902896231331773e+00
7.705915975993141842e+01,6.924055861775613607e+00
7.707916547585024603e+01,6.526189153204439819e+00
7.709917119176907363e+01,5.943881849528310113e+00
7.711917690768791545e+01,6.744835988751608724e+00
7.713918262360674305e+01,7.037014112362259155e+00
7.715918833952558487e+01,6.134034004607013202e+00
7.717919405544441247e+01,6.286458199528166091e+00
7.719919977136325429e+01,6.173039912611315572e+00
7.721920548728208189e+01,6.236761618722612255e+00
7.723921120320092371e+01,6.468234077953789019e+00
7.725921691911975131e+01,6.453248723235011752e+00
7.727922263503859313e+01,5.423736619372752976e+00
7.729922835095742073e+01,5.893485144286331412e+00
7.731923406687624833e+01,4.996407468345385183e+00
7.733923978279509015e+01,5.752676513313505602e+00
7.735924549871391775e+01,4.900394689957861871e+00
7.737925121463275957e+01,5.799406533730140367e+00
7.739925693055158717e+01,5.121987744375418927e+00
7.741926264647042899e+01,4.515110294977786154e+00
7.743926836238925659e+01,5.455184047849364504e+00
7.745927407830809841e+01,4.598270143596927539e+00
7.747927979422692601e+01,4.649129117954362123e+00
7.749928551014575362e+01,5.066593544033821672e+00
7.751929122606459543e+01,4.714317386660915155e+00
7.753929694198342304e+01,5.153312139275179504e+00
7.755930265790226485e+01,4.624636544243600156e+00
7.757930837382109246e+01,4.743113865937561791e+00
7.759931408973993427e+01,4.649841137079961051e+00
7.761931980565876188e+01,5.267610645994760254e+00
7.763932552157760369e+01,5.389425193946727255e+00
7.765933123749643130e+01,5.074547854044249462e+00
7.767933695341525890e+01,5.587929966256456105e+00
7.769934266933410072e+01,5.336492653972682021e+00
7.771934838525292832e+01,5.772710859029048791e+00
7.773935410117177014e+01,5.064110097625814433e+00
7.775935981709059774e+01,5.969867697646190408e+00
7.777936553300943956e+01,5.387509559784117386e+00
7.779937124892826716e+01,5.838911505570870020e+00
7.781937696484710898e+01,5.567765307694537036e+00
7.783938268076593658e+01,5.853169510169658807e+00
7.785938839668476419e+01,5.256787747511987519e+00
7.787939411260360600e+01,5.939449140710269859e+00
7.789939982852243361e+01,5.648800560029024531e+00
7.791940554444127542e+01,6.750692576654072852e+00
7.793941126036010303e+01,5.696619214968824174e+00
7.795941697627894484e+01,6.467096625196298909e+00
7.797942269219777245e+01,5.440826942021919521e+00
7.799942840811661426e+01,5.582190405576788805e+00
7.801943412403544187e+01,6.770705507590490946e+00
7.803943983995426947e+01,6.447708503327690188e+00
7.805944555587311129e+01,6.208761136763299326e+00
7.807945127179193889e+01,5.647233529004525465e+00
7.809945698771078071e+01,6.057616666815244244e+00
7.811946270362960831e+01,5.713710060256093293e+00
7.813946841954845013e+01,6.612131964742454571e+00
7.815947413546727773e+01,6.500493053957979939e+00
7.817947985138611955e+01,6.071280539621835004e+00
7.819948556730494715e+01,5.785960098685047015e+00
7.821949128322378897e+01,5.439999367459602553e+00
7.823949699914261657e+01,5.347076745509088624e+00
7.825950271506144418e+01,5.288606231610105013e+00
7.827950843098028599e+01,4.523459079204429578e+00
7.829951414689911360e+01,4.793521589852891118e+00
7.831951986281795541e+01,5.298425617598506498e+00
7.833952557873678302e+01,4.526716200280798574e+00
7.835953129465562483e+01,4.590462231271701832e+00
7.837953701057445244e+01,4.909330184188162249e+00
7.839954272649329425e+01,3.583429718570058320e+00
7.841954844241212186e+01,4.348715270927061560e+00
7.843955415833094946e+01,4.471830062203286715e+00
7.845955987424979128e+01,4.687501711869681564e+00
7.847956559016861888e+01,4.732685144356160833e+00
7.849957130608746070e+01,4.486255916567711388e+00
7.851957702200628830e+01,4.890860077666978611e+00
7.853958273792513012e+01,4.748687419141412569e+00
7.855958845384395772e+01,5.008908290419489262e+00
7.857959416976279954e+01,4.686209991650620132e+00
7.859959988568162714e+01,5.809513218587811778e+00
7.861960560160045475e+01,5.087168257081289724e+00
7.863961131751929656e+01,4.971294417348336658e+00
7.865961703343812417e+01,5.532983561742883971e+00
7.867962274935696598e+01,5.667715421635819872e+00
7.869962846527579359e+01,5.311262824399862303e+00
7.871963418119463540e+01,5.469871788763938980e+00
7.873963989711346301e+01,5.750370803506376305e+00
7.875964561303230482e+01,4.923362800390320260e+00
7.877965132895113243e+01,4.774531638487967022e+00
7.879965704486996003e+01,5.044367099170235846e+00
7.881966276078880185e+01,5.604690272496975822e+00
7.883966847670762945e+01,4.725133916794542976e+00
7.885967419262647127e+01,5.076483850458466840e+00
7.887967990854529887e+01,4.512211644555874202e+00
7.889968562446414069e+01,4.844163695449265283e+00
7.891969134038296829e+01,4.620127741193886806e+00
7.893969705630181011e+01,5.052896855612273974e+00
7.895970277222063771e+01,4.796313688025186650e+00
7.897970848813946532e+01,4.369149081360576226e+00
7.899971420405830713e+01,4.317752616829385381e+00
7.901971991997713474e+01,4.726643847684360189e+00
7.903972563589597655e+01,3.973139357901496638e+00
7.905973135181480416e+01,3.777525641699521319e+00
7.907973706773364597e+01,4.319034660062529341e+00
7.909974278365247358e+01,4.574799203218557153e+00
7.911974849957131539e+01,4.258021985977882728e+00
7.913975421549014300e+01,3.869230642604190251e+00
7.915975993140898481e+01,3.734962606636282878e+00
7.917976564732781242e+01,4.117662174166576428e+00
7.919977136324664002e+01,4.749300119562530398e+00
7.921977707916548184e+01,4.619143286381827807e+00
7.923978279508430944e+01,4.666957270118601286e+00
7.925978851100315126e+01,4.578488634201060670e+00
7.927979422692197886e+01,4.501990966786591386e+00
7.929979994284082068e+01,4.668744423731506110e+00
7.931980565875964828e+01,4.450350025468738480e+00
7.933981137467849010e+01,5.003035891191984774e+00
7.935981709059731770e+01,4.478408599628762587e+00
7.937982280651614531e+01,4.584612754225157794e+00
7.939982852243498712e+01,4.653312228854850296e+00
7.941983423835381473e+01,5.560312244624644684e+00
7.943983995427265654e+01,4.796114879965291067e+00
7.945984567019148415e+01,4.459341028436314858e+00
7.947985138611032596e+01,4.438610459383089513e+00
7.949985710202915357e+01,4.959268584078520448e+00
7.951986281794799538e+01,5.006622199394682227e+00
7.953986853386682299e+01,4.840050804676144125e+00
7.955987424978565059e+01,4.221882069101392077e+00
7.957987996570449241e+01,4.726059719222378774e+00
7.959988568162332001e+01,3.803780629589606388e+00
7.961989139754216183e+01,3.743318525031105182e+00
7.963989711346098943e+01,4.903354049043069374e+00
7.965990282937983125e+01,4.331288077916457979e+00
7.967990854529865885e+01,4.705064765565891705e+00
7.969991426121750067e+01,4.967543470264505601e+00
7.971991997713632827e+01,4.425704536235564923e+00
7.973992569305515588e+01,3.533103957453985089e+00
7.975993140897399769e+01,3.650209507628590533e+00
7.977993712489282530e+01,3.858768559896585071e+00
7.979994284081166711e+01,4.394976485448949255e+00
7.981994855673049472e+01,4.147336202144916939e+00
7.983995427264933653e+01,4.559076915682373610e+00
7.985995998856816414e+01,3.846408167857976235e+00
7.987996570448700595e+01,3.940447404175344559e+00
7.989997142040583356e+01,3.419344235866917270e+00
7.991997713632466116e+01,3.859925453464011724e+00
7.993998285224350298e+01,4.009856595969917059e+00
7.995998856816233058e+01,3.985673867998644315e+00
7.997999428408117240e+01,3.882269322455240257e+00
8.000000000000000000e+01,3.342680284736534002e+00
