angle,intensity
1.000000000000000000e+01,3.474758768012021992e+00
1.002000571591883471e+01,3.046911437663059719e+00
1.004001143183766764e+01,3.106009735932014681e+00
1.006001714775650235e+01,3.482214948941404487e+00
1.008002286367533529e+01,3.650322979191674477e+00
1.010002857959417000e+01,3.573643872775625230e+00
1.012003429551300293e+01,2.934867767353529722e+00
1.014004001143183764e+01,3.856982753304670553e+00
1.016004572735067235e+01,3.272839375219057434e+00
1.018005144326950528e+01,4.254027368440716828e+00
1.020005715918833999e+01,3.255255265888869154e+00
1.022006287510717293e+01,3.820448745580423466e+00
1.024006859102600764e+01,2.978425375837860933e+00
1.026007430694484057e+01,3.553774913964951487e+00
1.028008002286367528e+01,3.910665142581577491e+00
1.030008573878250999e+01,4.227621217993384306e+00
1.032009145470134293e+01,3.430945196484129323e+00
1.034009717062017764e+01,3.046500826643299575e+00
1.036010288653901057e+01,4.021810584942567601e+00
1.038010860245784528e+01,3.121207815511072070e+00
1.040011431837667999e+01,3.536516495205756616e+00
1.042012003429551292e+01,2.955721581095566375e+00
1.044012575021434763e+01,3.864655026470511512e+00
1.046013146613318057e+01,3.122719719414373873e+00
1.048013718205201528e+01,3.298323487977513402e+00
1.050014289797084821e+01,3.493360174572986310e+00
1.052014861388968292e+01,3.092884815368648788e+00
1.054015432980851585e+01,3.311036781754514990e+00
1.056016004572735056e+01,3.102321023796828836e+00
1.058016576164618527e+01,4.046950170247717082e+00
1.060017147756501821e+01,3.542058315931768231e+00
1.062017719348385292e+01,3.274643416008090391e+00
1.064018290940268585e+01,4.069914204389426970e+00
1.066018862532152056e+01,3.629234238445739447e+00
1.068019434124035527e+01,2.713493848433039535e+00
1.070020005715918820e+01,3.158119767033651382e+00
1.072020577307802292e+01,3.605272248082230568e+00
1.074021148899685585e+01,2.615664801485442226e+00
1.076021720491569056e+01,3.123083895831173074e+00
1.078022292083452349e+01,3.384371233738896478e+00
1.080022863675335820e+01,3.413379787003738119e+00
1.082023435267219291e+01,2.913857043888762988e+00
1.084024006859102585e+01,3.802649607555518951e+00
1.086024578450986056e+01,3.093010763853004885e+00
1.088025150042869349e+01,4.104698975742250511e+00
1.090025721634752820e+01,4.041145613551836213e+00
1.092026293226636113e+01,3.489533670794763509e+00
1.094026864818519584e+01,4.030884159481000317e+00
1.096027436410403055e+01,3.394471202810544597e+00
1.098028008002286349e+01,3.382112968262781294e+00
1.100028579594169820e+01,4.116904436311410009e+00
1.102029151186053113e+01,3.020452194768747045e+00
1.104029722777936584e+01,3.844484459330949733e+00
1.106030294369819877e+01,3.377560438908341567e+00
1.108030865961703348e+01,3.446391061293231584e+00
1.110031437553586819e+01,3.503314784840330987e+00
1.112032009145470113e+01,3.623901851487473014e+00
1.114032580737353584e+01,3.292746398545379094e+00
1.116033152329236877e+01,3.359745571253166307e+00
1.118033723921120348e+01,3.427900390827958610e+00
1.120034295513003642e+01,3.434001878610668523e+00
1.122034867104887113e+01,3.128349863009348475e+00
1.124035438696770584e+01,3.169863400619068905e+00
1.126036010288653877e+01,3.123448489946426765e+00
1.128036581880537348e+01,3.842927652717242459e+00
1.130037153472420641e+01,3.907982307141451450e+00
1.132037725064304112e+01,3.795593572395858928e+00
1.134038296656187583e+01,2.794431967322345223e+00
1.136038868248070877e+01,2.882350853181008699e+00
1.138039439839954348e+01,3.418649591367575624e+00
1.140040011431837641e+01,3.223317383210820619e+00
1.142040583023721112e+01,3.496664140814286892e+00
1.144041154615604405e+01,4.189348533975457478e+00
1.146041726207487876e+01,3.215575263238573900e+00
1.148042297799371170e+01,3.445453734863495932e+00
1.150042869391254641e+01,2.876250745902800610e+00
1.152043440983138112e+01,3.197996273216082930e+00
1.154044012575021405e+01,3.275516613387789100e+00
1.156044584166904876e+01,3.710366411198710246e+00
1.158045155758788169e+01,3.252440698610351344e+00
1.160045727350671640e+01,3.607952896294037259e+00
1.162046298942555111e+01,3.671624764683335318e+00
1.164046870534438405e+01,3.874395543067355785e+00
1.166047442126321876e+01,3.284288151440824866e+00
1.168048013718205169e+01,3.563847155079344908e+00
1.170048585310088640e+01,3.143751554937148196e+00
1.172049156901971934e+01,2.731120186324639931e+00
1.174049728493855405e+01,3.611300437199517432e+00
1.176050300085738698e+01,3.559642171285068990e+00
1.178050871677622169e+01,3.375186486789393925e+00
1.180051443269505640e+01,4.231372887045154130e+00
1.182052014861388933e+01,3.310444875173855994e+00
1.184052586453272404e+01,3.928203016818128113e+00
1.186053158045155698e+01,3.122965878853227295e+00
1.188053729637039169e+01,3.900042284492554412e+00
1.190054301228922640e+01,3.370236606419163117e+00
1.192054872820805933e+01,3.147624209308761856e+00
1.194055444412689404e+01,3.533290902265672884e+00
1.196056016004572697e+01,3.015804402902360515e+00
1.198056587596456168e+01,3.179263742425128658e+00
1.200057159188339639e+01,2.746900940351338249e+00
1.202057730780222933e+01,3.367439800719606247e+00
1.204058302372106226e+01,3.490126188652975081e+00
1.206058873963989697e+01,3.647095402054715940e+00
1.208059445555873168e+01,3.575502385602198352e+00
1.210060017147756461e+01,3.537348970246883884e+00
1.212060588739639932e+01,4.026251747782747969e+00
1.214061160331523226e+01,3.411853163861733762e+00
1.216061731923406697e+01,3.530050305189257109e+00
1.218062303515290168e+01,3.775705101358289628e+00
1.220062875107173461e+01,3.469259086987463991e+00
1.222063446699056932e+01,3.798980426506690655e+00
1.224064018290940226e+01,2.886387496348466808e+00
1.226064589882823697e+01,3.843665127330283315e+00
1.228065161474707168e+01,3.183650151857350785e+00
1.230065733066590461e+01,3.664811808292607775e+00
1.232066304658473754e+01,3.452480722283759462e+00
1.234066876250357225e+01,4.314645303925347619e+00
1.236067447842240696e+01,3.806010841498495001e+00
1.238068019434123990e+01,4.027861912685020584e+00
1.240068591026007461e+01,3.386426955151447427e+00
1.242069162617890754e+01,2.870995099277677376e+00
1.244069734209774225e+01,3.608050743411408412e+00
1.246070305801657696e+01,2.877819245083703681e+00
1.248070877393540989e+01,3.501204518386072273e+00
1.250071448985424460e+01,3.649730989185294927e+00
1.252072020577307754e+01,4.358190161453278755e+00
1.254072592169191225e+01,4.061276441263744097e+00
1.256073163761074696e+01,3.480600809168666654e+00
1.258073735352957989e+01,4.258794863475002579e+00
1.260074306944841460e+01,3.713447133990600335e+00
1.262074878536724754e+01,3.755320949780329709e+00
1.264075450128608225e+01,3.503004874563627524e+00
1.266076021720491518e+01,3.902992432173167270e+00
1.268076593312374989e+01,2.931490729831035758e+00
1.270077164904258282e+01,4.321723136773242047e+00
1.272077736496141753e+01,4.276308214660796025e+00
1.274078308088025224e+01,3.354949427544184459e+00
1.276078879679908518e+01,3.475220086128908203e+00
1.278079451271791989e+01,4.085359062601744640e+00
1.280080022863675282e+01,3.714157772668094104e+00
1.282080594455558753e+01,4.259670262929113882e+00
1.284081166047442224e+01,4.577303265757839412e+00
1.286081737639325517e+01,3.806623380019666936e+00
1.288082309231208988e+01,4.116775261568079713e+00
1.290082880823092282e+01,4.619564024473848285e+00
1.292083452414975753e+01,3.395290394770899223e+00
1.294084024006859224e+01,3.432597438143689672e+00
1.296084595598742517e+01,3.649412684127772089e+00
1.298085167190625810e+01,3.553828814085885135e+00
1.300085738782509281e+01,3.938761601388002020e+00
1.302086310374392752e+01,3.300544913457539309e+00
1.304086881966276046e+01,3.471189735926467179e+00
1.306087453558159517e+01,3.959107952441069944e+00
1.308088025150042810e+01,4.002408046374392292e+00
1.310088596741926281e+01,4.804154166863393804e+00
1.312089168333809752e+01,3.751098950128371801e+00
1.314089739925693046e+01,3.752623200001987236e+00
1.316090311517576517e+01,3.922902872688556197e+00
1.318090883109459810e+01,3.460147535561404641e+00
1.320091454701343281e+01,4.356317878335130622e+00
1.322092026293226752e+01,4.547041691145398801e+00
1.324092597885110045e+01,4.427939127958451238e+00
1.326093169476993339e+01,3.859946670345358211e+00
1.328093741068876810e+01,3.784368285741884996e+00
1.330094312660760281e+01,4.796757290460218925e+00
1.332094884252643574e+01,3.834506506865081654e+00
1.334095455844527045e+01,4.110705215200346707e+00
1.336096027436410338e+01,4.669577632132003941e+00
1.338096599028293809e+01,4.718412455871793476e+00
1.340097170620177280e+01,4.673595136078152024e+00
1.342097742212060574e+01,4.400163417631756779e+00
1.344098313803944045e+01,4.665614164532038366e+00
1.346098885395827338e+01,4.578059713070685710e+00
1.348099456987710809e+01,5.224013085010279056e+00
1.350100028579594280e+01,4.459195356779735775e+00
1.352100600171477573e+01,4.835668509186468178e+00
1.354101171763361044e+01,5.544584462295937044e+00
1.356101743355244338e+01,5.225874933406480238e+00
1.358102314947127809e+01,4.445116281523885604e+00
1.360102886539011102e+01,5.736600836013825422e+00
1.362103458130894573e+01,5.622653595514812253e+00
1.364104029722777867e+01,5.874750654978226905e+00
1.366104601314661338e+01,5.023143283484770016e+00
1.368105172906544809e+01,5.092299819722651222e+00
1.370105744498428102e+01,4.858256176619260458e+00
1.372106316090311573e+01,5.312149699032004513e+00
1.374106887682194866e+01,5.383479157527387038e+00
1.376107459274078337e+01,5.358806756950891703e+00
1.378108030865961808e+01,5.162086887848206018e+00
1.380108602457845102e+01,5.526612506602758934e+00
1.382109174049728573e+01,4.771197260322763256e+00
1.384109745641611866e+01,5.399863674069364627e+00
1.386110317233495337e+01,6.284238521856023496e+00
1.388110888825378808e+01,5.768425396053673104e+00
1.390111460417262101e+01,6.306126223610133863e+00
1.392112032009145395e+01,5.970171691146789250e+00
1.394112603601028866e+01,6.367483023141989662e+00
1.396113175192912337e+01,5.388108999162365187e+00
1.398113746784795630e+01,5.503736181591531995e+00
1.400114318376679101e+01,5.258475242658173343e+00
1.402114889968562395e+01,5.144721970904644337e+00
1.404115461560445866e+01,6.114601179023417821e+00
1.406116033152329337e+01,6.319984584552716278e+00
1.408116604744212630e+01,6.067565821943674997e+00
1.410117176336095923e+01,6.672970368993328627e+00
1.412117747927979394e+01,6.990451989948761380e+00
1.414118319519862865e+01,6.552899949893447484e+00
1.416118891111746336e+01,6.398596834960455837e+00
1.418119462703629630e+01,6.609929480678898628e+00
1.420120034295512923e+01,5.990998936546185760e+00
1.422120605887396394e+01,5.759329773686561182e+00
1.424121177479279865e+01,6.158020146916467041e+00
1.426121749071163336e+01,6.978667282974533315e+00
1.428122320663046629e+01,6.272357436323909852e+00
1.430122892254929923e+01,7.298723427155282550e+00
1.432123463846813394e+01,7.380502716649782968e+00
1.434124035438696865e+01,7.073377296557413985e+00
1.436124607030580158e+01,6.648539089559395876e+00
1.438125178622463629e+01,7.079977202892861143e+00
1.440125750214346922e+01,6.947305317007754333e+00
1.442126321806230393e+01,7.119075792059578411e+00
1.444126893398113864e+01,7.696856056332377349e+00
1.446127464989997158e+01,6.629536238877471455e+00
1.448128036581880451e+01,7.767919768584023998e+00
1.450128608173763922e+01,7.012517358134099155e+00
1.452129179765647393e+01,7.422930080175480505e+00
1.454129751357530864e+01,7.142829086674237438e+00
1.456130322949414158e+01,7.713208853599953230e+00
1.458130894541297451e+01,7.078726997692662337e+00
1.460131466133180922e+01,7.519488063035131731e+00
1.462132037725064393e+01,7.259193223783898752e+00
1.464132609316947686e+01,7.085024669802354680e+00
1.466133180908831157e+01,7.197359920068785222e+00
1.468133752500714451e+01,7.665051662053772752e+00
1.470134324092597922e+01,6.946865677532710670e+00
1.472134895684481393e+01,6.399871836457206697e+00
1.474135467276364686e+01,6.562044982118353076e+00
1.476136038868247979e+01,6.722041087683605198e+00
1.478136610460131450e+01,5.839561867897265834e+00
1.480137182052014921e+01,5.250962404725506794e+00
1.482137753643898392e+01,5.623337098754833896e+00
1.484138325235781686e+01,5.219078230326202217e+00
1.486138896827664979e+01,5.361136509264852634e+00
1.488139468419548450e+01,4.278221340248645532e+00
1.490140040011431921e+01,4.687646670846589814e+00
1.492140611603315392e+01,4.531320585907973708e+00
1.494141183195198685e+01,4.203032428800058007e+00
1.496141754787081979e+01,4.669769364473345341e+00
1.498142326378965450e+01,4.883497742843645462e+00
1.500142897970848921e+01,4.443713191666396334e+00
1.502143469562732214e+01,4.160368293114409255e+00
1.504144041154615508e+01,3.961803956888701350e+00
1.506144612746498979e+01,4.887587286059755343e+00
1.508145184338382450e+01,3.914236813548920058e+00
1.510145755930265921e+01,4.435173640771206571e+00
1.512146327522149214e+01,4.586511745316885325e+00
1.514146899114032507e+01,3.770725488886524701e+00
1.516147470705915978e+01,4.022993360864379753e+00
1.518148042297799449e+01,4.019106074020793784e+00
1.520148613889682920e+01,4.124994584674185560e+00
1.522149185481566214e+01,4.050872772677213796e+00
1.524149757073449507e+01,4.220613901243284616e+00
1.526150328665332978e+01,4.250166864614473461e+00
1.528150900257216449e+01,4.009260448253832543e+00
1.530151471849099742e+01,4.406268187381933821e+00
1.532152043440983036e+01,4.372452314632052861e+00
1.534152615032866507e+01,4.436567211495146879e+00
1.536153186624749978e+01,3.705559300853837890e+00
1.538153758216633449e+01,4.483064235387732133e+00
1.540154329808516742e+01,4.138711274362867343e+00
1.542154901400400036e+01,4.287723321091630346e+00
1.544155472992283507e+01,4.416924109157632117e+00
1.546156044584166978e+01,3.756245945372433503e+00
1.548156616176050449e+01,3.571285180108193291e+00
1.550157187767933742e+01,3.419657971334763236e+00
1.552157759359817035e+01,4.317368449398665042e+00
1.554158330951700506e+01,3.460431377508947470e+00
1.556158902543583977e+01,3.801795286412922081e+00
1.558159474135467271e+01,4.029988869662091133e+00
1.560160045727350742e+01,3.413742833539979316e+00
1.562160617319234035e+01,3.860346780381584963e+00
1.564161188911117506e+01,4.333358877692050193e+00
1.566161760503000977e+01,4.084252036388310358e+00
1.568162332094884270e+01,3.504200853033681007e+00
1.570162903686767564e+01,3.767862711988805735e+00
1.572163475278651035e+01,3.655774825935553363e+00
1.574164046870534506e+01,3.359702999364854392e+00
1.576164618462417977e+01,3.507670655874184362e+00
1.578165190054301270e+01,3.044087438355792763e+00
1.580165761646184563e+01,3.040109278021093875e+00
1.582166333238068034e+01,3.918631443230890188e+00
1.584166904829951505e+01,3.493763825687846492e+00
1.586167476421834799e+01,3.197999335696732892e+00
1.588168048013718270e+01,3.280994239330605744e+00
1.590168619605601563e+01,3.248246733779359907e+00
1.592169191197485034e+01,3.472573432790110992e+00
1.594169762789368505e+01,3.601927461728822610e+00
1.596170334381251799e+01,3.613303908052964086e+00
1.598170905973135092e+01,2.769016990327044958e+00
1.600171477565018563e+01,3.823786332127686372e+00
1.602172049156902034e+01,4.149045573792905728e+00
1.604172620748785505e+01,3.514031989820840085e+00
1.606173192340668976e+01,3.304887803847456063e+00
1.608173763932552092e+01,3.487828954554761829e+00
1.610174335524435563e+01,3.444724002105373550e+00
1.612174907116319034e+01,3.496170781596735555e+00
1.614175478708202505e+01,3.168306180867086930e+00
1.616176050300085620e+01,4.340777579006283915e+00
1.618176621891969091e+01,3.498607779809831619e+00
1.620177193483852562e+01,2.805411729996055925e+00
1.622177765075736033e+01,3.609601110786322842e+00
1.624178336667619504e+01,3.363159489853743800e+00
1.626178908259502620e+01,3.032559917560922358e+00
1.628179479851386091e+01,2.988893619271907554e+00
1.630180051443269562e+01,3.433253371127027886e+00
1.632180623035153033e+01,3.484331328899084035e+00
1.634181194627036149e+01,2.970379160597051538e+00
1.636181766218919620e+01,3.370821855594316574e+00
1.638182337810803091e+01,3.472250688971314947e+00
1.640182909402686562e+01,3.345217515174325751e+00
1.642183480994570033e+01,3.887354926820898449e+00
1.644184052586453504e+01,3.807308948721736641e+00
1.646184624178336620e+01,3.528379868010562692e+00
1.648185195770220091e+01,3.284239610408253185e+00
1.650185767362103562e+01,2.798773807396501390e+00
1.652186338953986677e+01,3.529544601710020935e+00
1.654186910545870148e+01,3.716196952409220877e+00
1.656187482137753619e+01,4.004714147935231949e+00
1.658188053729637090e+01,3.609530004569400763e+00
1.660188625321520561e+01,2.876887642860838312e+00
1.662189196913404032e+01,3.742034762710233942e+00
1.664189768505287148e+01,4.069027513247933214e+00
1.666190340097170619e+01,3.800468847422306951e+00
1.668190911689054090e+01,3.677645114440706742e+00
1.670191483280937561e+01,4.607703999573395492e+00
1.672192054872820677e+01,3.322916586942526784e+00
1.674192626464704148e+01,3.632715007607716373e+00
1.676193198056587619e+01,3.718310876224844463e+00
1.678193769648471090e+01,3.902862901766505743e+00
1.680194341240354561e+01,3.510750008993527516e+00
1.682194912832238032e+01,3.533271215235663121e+00
1.684195484424121148e+01,3.346503198608096863e+00
1.686196056016004619e+01,3.345822941490057545e+00
1.688196627607888090e+01,3.978054703043146567e+00
1.690197199199771205e+01,4.005855139379089103e+00
1.692197770791654676e+01,3.170193376058411339e+00
1.694198342383538147e+01,3.253298419885571668e+00
1.696198913975421618e+01,3.913002051301216255e+00
1.698199485567305089e+01,4.270162131852282883e+00
1.700200057159188560e+01,3.945369441153160572e+00
1.702200628751071676e+01,4.125312829917566759e+00
1.704201200342955147e+01,4.263921406499758149e+00
1.706201771934838618e+01,3.602148384488914612e+00
1.708202343526722089e+01,4.087698689715279166e+00
1.710202915118605205e+01,3.741079753900380389e+00
1.712203486710488676e+01,3.898157916037563897e+00
1.714204058302372147e+01,3.400659087148516058e+00
1.716204629894255618e+01,4.294909474609434064e+00
1.718205201486139089e+01,4.622023931720145029e+00
1.720205773078022204e+01,4.815682180799978340e+00
1.722206344669905675e+01,4.637266896712143094e+00
1.724206916261789146e+01,3.545786848819981962e+00
1.726207487853672617e+01,3.715159326613358903e+00
1.728208059445555733e+01,3.932388920434344737e+00
1.730208631037439204e+01,4.913722047210880461e+00
1.732209202629322675e+01,3.943829503199260955e+00
1.734209774221206146e+01,4.565056214811802349e+00
1.736210345813089617e+01,4.157198691059535989e+00
1.738210917404973088e+01,3.960578276187131763e+00
1.740211488996856204e+01,4.204495621313034448e+00
1.742212060588739675e+01,4.009403836110146280e+00
1.744212632180623146e+01,3.714419985006729430e+00
1.746213203772506262e+01,4.187283360731907322e+00
1.748213775364389733e+01,4.601353080467601053e+00
1.750214346956273204e+01,3.843463730797342492e+00
1.752214918548156675e+01,3.925299752209047810e+00
1.754215490140040146e+01,4.835530019794280321e+00
1.756216061731923617e+01,4.283541005863497730e+00
1.758216633323806732e+01,4.578178026303284298e+00
1.760217204915690203e+01,4.601143879881211873e+00
1.762217776507573674e+01,3.894691161305880556e+00
1.764218348099457145e+01,3.908448022662492694e+00
1.766218919691340261e+01,3.537266418363604004e+00
1.768219491283223732e+01,4.520706873205238452e+00
1.770220062875107203e+01,4.033298067292726330e+00
1.772220634466990674e+01,4.290968401893263895e+00
1.774221206058874145e+01,3.854109936294344507e+00
1.776221777650757616e+01,3.880971859633926435e+00
1.778222349242640732e+01,3.759162559004581183e+00
1.780222920834524203e+01,4.428132787107180057e+00
1.782223492426407674e+01,4.342108596162161049e+00
1.784224064018290790e+01,4.517688657970412081e+00
1.786224635610174261e+01,3.689134606927980897e+00
1.788225207202057732e+01,4.078084041036152740e+00
1.790225778793941203e+01,3.677932435039041881e+00
1.792226350385824674e+01,3.648447229200163733e+00
1.794226921977708145e+01,3.740070370924510001e+00
1.796227493569591260e+01,3.906489423049775311e+00
1.798228065161474731e+01,4.974514298891387298e+00
1.800228636753358202e+01,3.898177134056790560e+00
1.802229208345241318e+01,4.043653374592246053e+00
1.804229779937124789e+01,3.725905547964939668e+00
1.806230351529008260e+01,3.886622853513226339e+00
1.808230923120891731e+01,4.144559913792916106e+00
1.810231494712775202e+01,4.100498444363991801e+00
1.812232066304658673e+01,4.443567589929202200e+00
1.814232637896542144e+01,4.199724901150475809e+00
1.816233209488425260e+01,4.589752149214529453e+00
1.818233781080308731e+01,3.980040910343384475e+00
1.820234352672191847e+01,4.161478747686525814e+00
1.822234924264075318e+01,3.999480737452719481e+00
1.824235495855958789e+01,4.338617611151033060e+00
1.826236067447842260e+01,4.718327835613239429e+00
1.828236639039725731e+01,4.356172638265966235e+00
1.830237210631609202e+01,4.331350113932852963e+00
1.832237782223492673e+01,3.848266789026731693e+00
1.834238353815375788e+01,4.625301208698802569e+00
1.836238925407259259e+01,4.229379263109414033e+00
1.838239496999142730e+01,3.839320986880351505e+00
1.840240068591025846e+01,4.213886240710282394e+00
1.842240640182909317e+01,4.362521750446109792e+00
1.844241211774792788e+01,4.133300922170736413e+00
1.846241783366676259e+01,3.300583966026287008e+00
1.848242354958559730e+01,3.868201141541372401e+00
1.850242926550443201e+01,4.093898622941695820e+00
1.852243498142326672e+01,3.522254605816466544e+00
1.854244069734209788e+01,4.505294742174688949e+00
1.856244641326093259e+01,3.881976985714091555e+00
1.858245212917976374e+01,3.454932168667506520e+00
1.860245784509859845e+01,3.723211086995321217e+00
1.862246356101743316e+01,4.349889314471095503e+00
1.864246927693626787e+01,4.463266948628580089e+00
1.866247499285510258e+01,3.858874222602810544e+00
1.868248070877393729e+01,3.838692296823332128e+00
1.870248642469277200e+01,3.453331852344496689e+00
1.872249214061160316e+01,3.946540165445829640e+00
1.874249785653043787e+01,3.851880341867836677e+00
1.876250357244927258e+01,2.991740484811867162e+00
1.878250928836810374e+01,3.811938895725350385e+00
1.880251500428693845e+01,3.563179446551163032e+00
1.882252072020577316e+01,3.402477660303351303e+00
1.884252643612460787e+01,4.429483582053526547e+00
1.886253215204344258e+01,3.219825118504754169e+00
1.888253786796227729e+01,3.166733258151732233e+00
1.890254358388111200e+01,3.451504523101169397e+00
1.892254929979994316e+01,3.309610739959983228e+00
1.894255501571877787e+01,3.540677561285481723e+00
1.896256073163760902e+01,4.219707548156347521e+00
1.898256644755644373e+01,2.835318757717534499e+00
1.900257216347527844e+01,3.903961195404487938e+00
1.902257787939411315e+01,3.387826189122436382e+00
1.904258359531294786e+01,3.690478100549892115e+00
1.906258931123178257e+01,3.419207263117195694e+00
1.908259502715061728e+01,3.350028980506314813e+00
1.910260074306944844e+01,3.477169137846399138e+00
1.912260645898828315e+01,3.318318338069493834e+00
1.914261217490711431e+01,3.763000954411262811e+00
1.916261789082594902e+01,3.840296302254584404e+00
1.918262360674478373e+01,4.154553195621666362e+00
1.920262932266361844e+01,3.636241165550069709e+00
1.922263503858245315e+01,3.752822675496237714e+00
1.924264075450128786e+01,3.839840794278050140e+00
1.926264647042012257e+01,4.482748766391443596e+00
1.928265218633895373e+01,4.353517687223658506e+00
1.930265790225778844e+01,4.022259279230715023e+00
1.932266361817662315e+01,3.951855991989018602e+00
1.934266933409545430e+01,4.782834413738356716e+00
1.936267505001428901e+01,3.768320598203805716e+00
1.938268076593312372e+01,4.260313621930576389e+00
1.940268648185195843e+01,3.493719504326606273e+00
1.942269219777079314e+01,4.079763778994350609e+00
1.944269791368962785e+01,4.133177094817005681e+00
1.946270362960846256e+01,4.280012103400903101e+00
1.948270934552729372e+01,3.288476236032865874e+00
1.950271506144612843e+01,3.971644989816143223e+00
1.952272077736495959e+01,4.298489640326881300e+00
1.954272649328379430e+01,4.980167231049202670e+00
1.956273220920262901e+01,4.297967341935907015e+00
1.958273792512146372e+01,4.776882230134792628e+00
1.960274364104029843e+01,3.950430723841255709e+00
1.962274935695913314e+01,4.472689928085030076e+00
1.964275507287796785e+01,4.744796179132629632e+00
1.966276078879679901e+01,5.277883358863844521e+00
1.968276650471563372e+01,4.873976535659906517e+00
1.970277222063446487e+01,4.411860888846406148e+00
1.972277793655329958e+01,4.504209846301212572e+00
1.974278365247213429e+01,4.480221844772809270e+00
1.976278936839096900e+01,4.109455055595737427e+00
1.978279508430980371e+01,4.535936371289386315e+00
1.980280080022863842e+01,3.884490609540613537e+00
1.982280651614747313e+01,4.139646477287401538e+00
1.984281223206630784e+01,3.859703660579266504e+00
1.986281794798513900e+01,4.487000992770862950e+00
1.988282366390397371e+01,5.117535646247656445e+00
1.990282937982280487e+01,4.356809497761431338e+00
1.992283509574163958e+01,3.666518301289322324e+00
1.994284081166047429e+01,5.215071243144062230e+00
1.996284652757930900e+01,4.536022391368568663e+00
1.998285224349814371e+01,4.410257464009250228e+00
2.000285795941697842e+01,4.478936223943411399e+00
2.002286367533581313e+01,4.089781599076442120e+00
2.004286939125464428e+01,3.861682673125395482e+00
2.006287510717347899e+01,4.540931401741651108e+00
2.008288082309231015e+01,4.203993003712103160e+00
2.010288653901114486e+01,4.227530819013569641e+00
2.012289225492997957e+01,4.295645841553641375e+00
2.014289797084881428e+01,3.846301514361329499e+00
2.016290368676764899e+01,4.358721597139146198e+00
2.018290940268648370e+01,3.659892683322173212e+00
2.020291511860531841e+01,4.850329106139493973e+00
2.022292083452414957e+01,3.901238080106773420e+00
2.024292655044298428e+01,4.574862532330033815e+00
2.026293226636181899e+01,4.133918060783431159e+00
2.028293798228065015e+01,3.904660760328984015e+00
2.030294369819948486e+01,3.760523584989286849e+00
2.032294941411831957e+01,3.676072455294970176e+00
2.034295513003715428e+01,3.581844717758158936e+00
2.036296084595598899e+01,3.460757619363193704e+00
2.038296656187482370e+01,3.513098314714681702e+00
2.040297227779365841e+01,4.072379533471558233e+00
2.042297799371248956e+01,3.609059144922249551e+00
2.044298370963132427e+01,4.133311401208764835e+00
2.046298942555015543e+01,3.360627447244604937e+00
2.048299514146899014e+01,3.614939091950361671e+00
2.050300085738782485e+01,3.608766306721247652e+00
2.052300657330665956e+01,3.779528504593540728e+00
2.054301228922549427e+01,3.721825221015870433e+00
2.056301800514432898e+01,3.097960739608569547e+00
2.058302372106316369e+01,3.639864709331650960e+00
2.060302943698199485e+01,3.481463702266842652e+00
2.062303515290082956e+01,2.782518030639553608e+00
2.064304086881966072e+01,3.739944676725593276e+00
2.066304658473849543e+01,3.609020223854741971e+00
2.068305230065733014e+01,4.034529933389046974e+00
2.070305801657616485e+01,4.065274575140850111e+00
2.072306373249499956e+01,3.542587157888503313e+00
2.074306944841383427e+01,4.483998691690608496e+00
2.076307516433266898e+01,3.508302904976711378e+00
2.078308088025150369e+01,3.349127805234070276e+00
2.080308659617033484e+01,4.163453059399744305e+00
2.082309231208916955e+01,3.998614371516523214e+00
2.084309802800800071e+01,3.817064217017208883e+00
2.086310374392683542e+01,3.993658529534810597e+00
2.088310945984567013e+01,3.576731390158211177e+00
2.090311517576450484e+01,4.263976160461498743e+00
2.092312089168333955e+01,4.433062880820314078e+00
2.094312660760217426e+01,3.864422997084046241e+00
2.096313232352100897e+01,4.733169999739345712e+00
2.098313803943984013e+01,4.096885916846404463e+00
2.100314375535867484e+01,4.560791295192887063e+00
2.102314947127750600e+01,5.267324645512921677e+00
2.104315518719634071e+01,4.626744419746657400e+00
2.106316090311517542e+01,4.808293059054686402e+00
2.108316661903401013e+01,4.632370159905065954e+00
2.110317233495284484e+01,5.047990845097375612e+00
2.112317805087167955e+01,5.351404689615325339e+00
2.114318376679051426e+01,4.397827863037873541e+00
2.116318948270934541e+01,5.721362319819874642e+00
2.118319519862818012e+01,5.967328965234661275e+00
2.120320091454701483e+01,5.688368468613072437e+00
2.122320663046584599e+01,6.006793298345890264e+00
2.124321234638468070e+01,5.811936675924604501e+00
2.126321806230351541e+01,5.741166673226286932e+00
2.128322377822235012e+01,5.730849844332475129e+00
2.130322949414118483e+01,5.551930462760041429e+00
2.132323521006001954e+01,6.310718090982424755e+00
2.134324092597885425e+01,7.235188232738506642e+00
2.136324664189768541e+01,7.425327901333702130e+00
2.138325235781652012e+01,6.620951752457593820e+00
2.140325807373535127e+01,6.537734219924564272e+00
2.142326378965418598e+01,7.265325844944359623e+00
2.144326950557302069e+01,7.501986998172316845e+00
2.146327522149185540e+01,7.955213103777020400e+00
2.148328093741069011e+01,8.165383643005567293e+00
2.150328665332952482e+01,7.654485397041431938e+00
2.152329236924835953e+01,9.001824647811902835e+00
2.154329808516719069e+01,8.844692737456345100e+00
2.156330380108602540e+01,9.185830100465818049e+00
2.158330951700485656e+01,9.115242300013211008e+00
2.160331523292369127e+01,8.857598271315119121e+00
2.162332094884252598e+01,9.422652328306272196e+00
2.164332666476136069e+01,9.604990943833552564e+00
2.166333238068019540e+01,1.009689889516135430e+01
2.168333809659903011e+01,1.081512175424333400e+01
2.170334381251786482e+01,1.080762456123238202e+01
2.172334952843669598e+01,1.230112660990277362e+01
2.174335524435553069e+01,1.160170889908559033e+01
2.176336096027436540e+01,1.188680579635997603e+01
2.178336667619319655e+01,1.223578908660767439e+01
2.180337239211203126e+01,1.356532907292521806e+01
2.182337810803086597e+01,1.382822474549822012e+01
2.184338382394970068e+01,1.349032173759545827e+01
2.186338953986853539e+01,1.488704697718121928e+01
2.188339525578737010e+01,1.428448229878152809e+01
2.190340097170620481e+01,1.458335572865005147e+01
2.192340668762503597e+01,1.499117575766406318e+01
2.194341240354387068e+01,1.535365303810919357e+01
2.196341811946270184e+01,1.581788067653628360e+01
2.198342383538153655e+01,1.677836488126358816e+01
2.200342955130037126e+01,1.636684071550331154e+01
2.202343526721920597e+01,1.631903971353040106e+01
2.204344098313804068e+01,1.686989703495710913e+01
2.206344669905687539e+01,1.685892549051473566e+01
2.208345241497571010e+01,1.694405108489398515e+01
2.210345813089454126e+01,1.664944143808392596e+01
2.212346384681337597e+01,1.626608368893836598e+01
2.214346956273221068e+01,1.536331647085231111e+01
2.216347527865104183e+01,1.525285039617794602e+01
2.218348099456987654e+01,1.383787559053264182e+01
2.220348671048871125e+01,1.466555440992452475e+01
2.222349242640754596e+01,1.308187267946844656e+01
2.224349814232638067e+01,1.286172564536109242e+01
2.226350385824521538e+01,1.120626940233927016e+01
2.228350957416405009e+01,1.040274270406752066e+01
2.230351529008288125e+01,9.489172278088137347e+00
2.232352100600171596e+01,8.512155051526644201e+00
2.234352672192054712e+01,8.128990637988419365e+00
2.236353243783938183e+01,7.147399888897431275e+00
2.238353815375821654e+01,7.117357745558964055e+00
2.240354386967705125e+01,6.500925210563148759e+00
2.242354958559588596e+01,6.069360411902874120e+00
2.244355530151472067e+01,5.893402551488174268e+00
2.246356101743355538e+01,5.750126002755530763e+00
2.248356673335238654e+01,5.519835462703349904e+00
2.250357244927122125e+01,5.031981890933183266e+00
2.252357816519005240e+01,4.587592016586457433e+00
2.254358388110888711e+01,5.405434398898421477e+00
2.256358959702772182e+01,5.085383093872334115e+00
2.258359531294655653e+01,5.158262395030405401e+00
2.260360102886539124e+01,4.982466226343821525e+00
2.262360674478422595e+01,5.283131423514127789e+00
2.264361246070306066e+01,5.092586232178084593e+00
2.266361817662189182e+01,4.668092497781393568e+00
2.268362389254072653e+01,5.103485130367864997e+00
2.270362960845956124e+01,5.245357428576235215e+00
2.272363532437839240e+01,5.058364139530162618e+00
2.274364104029722711e+01,5.975512367549194792e+00
2.276364675621606182e+01,5.108835907050161218e+00
2.278365247213489653e+01,5.222292946062273344e+00
2.280365818805373124e+01,5.243573540211755812e+00
2.282366390397256595e+01,6.320068906056585334e+00
2.284366961989140066e+01,5.367963614083547164e+00
2.286367533581023181e+01,6.163853395154134773e+00
2.288368105172906652e+01,6.811783476250470315e+00
2.290368676764789768e+01,6.274277911666054308e+00
2.292369248356673239e+01,6.621055671733406811e+00
2.294369819948556710e+01,6.545309632582831938e+00
2.296370391540440181e+01,7.325472910498476153e+00
2.298370963132323652e+01,7.173994171077222148e+00
2.300371534724207123e+01,7.337992806300285054e+00
2.302372106316090594e+01,6.553180841495450437e+00
2.304372677907973710e+01,6.894157174157864887e+00
2.306373249499857181e+01,7.470351433669280894e+00
2.308373821091740652e+01,8.355126901416525698e+00
2.310374392683623768e+01,8.234139628047714154e+00
2.312374964275507239e+01,8.491796562235633061e+00
2.314375535867390710e+01,9.038692378899821023e+00
2.316376107459274181e+01,8.221199142982731800e+00
2.318376679051157652e+01,8.331573319833768920e+00
2.320377250643041123e+01,8.779424025040754032e+00
2.322377822234924594e+01,9.311370025307368792e+00
2.324378393826807709e+01,9.731577029086887265e+00
2.326378965418691180e+01,1.009612848889104875e+01
2.328379537010574296e+01,1.018718777352710347e+01
2.330380108602457767e+01,9.836572882201217283e+00
2.332380680194341238e+01,1.100285048031073032e+01
2.334381251786224709e+01,1.162819221791716373e+01
2.336381823378108180e+01,1.225537389729352356e+01
2.338382394969991651e+01,1.191990520607858173e+01
2.340382966561875122e+01,1.313673119509606657e+01
2.342383538153758238e+01,1.316605261845592700e+01
2.344384109745641709e+01,1.414222214586866322e+01
2.346384681337524825e+01,1.454972610267190447e+01
2.348385252929408296e+01,1.619038377762888103e+01
2.350385824521291767e+01,1.578837180831587972e+01
2.352386396113175238e+01,1.662783879589147062e+01
2.354386967705058709e+01,1.822900066873134506e+01
2.356387539296942180e+01,1.819453558168435947e+01
2.358388110888825651e+01,1.890508931759326572e+01
2.360388682480708766e+01,1.941641816317519442e+01
2.362389254072592237e+01,2.036823522085830973e+01
2.364389825664475708e+01,2.055958160734713758e+01
2.366390397256358824e+01,2.193342867701884558e+01
2.368390968848242295e+01,2.319538508827573509e+01
2.370391540440125766e+01,2.324027314971141678e+01
2.372392112032009237e+01,2.481478389554250441e+01
2.374392683623892708e+01,2.428488002525295286e+01
2.376393255215776179e+01,2.590155935543755561e+01
2.378393826807659650e+01,2.579571203684545466e+01
2.380394398399542766e+01,2.665996109270407644e+01
2.382394969991426237e+01,2.724192716897415778e+01
2.384395541583309353e+01,2.764795577113075709e+01
2.386396113175192824e+01,2.725701866745144741e+01
2.388396684767076295e+01,2.750809709298683714e+01
2.390397256358959766e+01,2.815016610436300581e+01
2.392397827950843237e+01,2.822294536010728194e+01
2.394398399542726708e+01,2.691405011388198432e+01
2.396398971134610179e+01,2.724448302364638153e+01
2.398399542726493294e+01,2.622611769996968079e+01
2.400400114318376765e+01,2.665440938753982181e+01
2.402400685910260236e+01,2.715780655339216665e+01
2.404401257502143352e+01,2.610528161564136340e+01
2.406401829094026823e+01,2.621296817116254729e+01
2.408402400685910294e+01,2.574671928142972277e+01
2.410402972277793765e+01,2.612772528495847624e+01
2.412403543869677236e+01,2.690637767668432900e+01
2.414404115461560707e+01,2.697906307729941844e+01
2.416404687053444178e+01,2.818908427759098601e+01
2.418405258645327294e+01,2.840618153832544124e+01
2.420405830237210765e+01,2.897290018711160542e+01
2.422406401829093880e+01,3.096133738428060767e+01
2.424406973420977351e+01,3.151289682924287661e+01
2.426407545012860822e+01,3.255135552228777840e+01
2.428408116604744293e+01,3.260626802717003159e+01
2.430408688196627764e+01,3.376187989605008966e+01
2.432409259788511235e+01,3.427940645450418344e+01
2.434409831380394706e+01,3.535549492251406889e+01
2.436410402972277822e+01,3.568673596182220820e+01
2.438410974564161293e+01,3.572743187147742816e+01
2.440411546156044409e+01,3.637996730288866587e+01
2.442412117747927880e+01,3.621963769046303128e+01
2.444412689339811351e+01,3.584427839252857240e+01
2.446413260931694822e+01,3.476579141834893250e+01
2.448413832523578293e+01,3.430531964878843354e+01
2.450414404115461764e+01,3.228071186939098425e+01
2.452414975707345235e+01,3.022005551943608026e+01
2.454415547299228351e+01,2.839477433702364451e+01
2.456416118891111822e+01,2.717264594594244898e+01
2.458416690482995293e+01,2.475138999488825675e+01
2.460417262074878408e+01,2.225263490291571244e+01
2.462417833666761879e+01,1.973191262649847388e+01
2.464418405258645350e+01,1.851420306749631806e+01
2.466418976850528821e+01,1.635510819638463786e+01
2.468419548442412292e+01,1.500331170780930279e+01
2.470420120034295763e+01,1.296076403525689003e+01
2.472420691626179234e+01,1.148691373905225888e+01
2.474421263218062350e+01,1.016433469390099553e+01
2.476421834809945821e+01,9.247905374503098130e+00
2.478422406401828937e+01,8.457762353643252240e+00
2.480422977993712408e+01,7.695626770404658146e+00
2.482423549585595879e+01,8.200912182748957946e+00
2.484424121177479350e+01,6.784704611315936162e+00
2.486424692769362821e+01,6.093059425563685849e+00
2.488425264361246292e+01,5.973987926518573133e+00
2.490425835953129763e+01,5.995566931440484026e+00
2.492426407545012879e+01,5.707991138684025856e+00
2.494426979136896350e+01,6.264567434580092353e+00
2.496427550728779821e+01,4.722195292607153760e+00
2.498428122320662936e+01,5.614248110779403333e+00
2.500428693912546407e+01,4.625517090382089691e+00
2.502429265504429878e+01,5.703819840247154715e+00
2.504429837096313349e+01,4.480812808703721117e+00
2.506430408688196820e+01,4.905628036226865163e+00
2.508430980280080291e+01,5.335366808820563023e+00
2.510431551871963762e+01,4.400841542230205405e+00
2.512432123463846878e+01,5.118840298818467360e+00
2.514432695055730349e+01,5.035882905103712837e+00
2.516433266647613465e+01,4.144793862168747900e+00
2.518433838239496936e+01,4.429824242763162445e+00
2.520434409831380407e+01,4.255061888884087651e+00
2.522434981423263878e+01,5.518559591174506451e+00
2.524435553015147349e+01,5.260265696527666179e+00
2.526436124607030820e+01,4.480395822984901244e+00
2.528436696198914291e+01,5.288118777291435535e+00
2.530437267790797407e+01,5.315049517159165404e+00
2.532437839382680878e+01,5.016076218551729582e+00
2.534438410974563993e+01,4.477346285008303006e+00
2.536438982566447464e+01,4.188140781417347469e+00
2.538439554158330935e+01,4.049152852852783369e+00
2.540440125750214406e+01,4.686250334034039788e+00
2.542440697342097877e+01,4.118589742457249514e+00
2.544441268933981348e+01,4.694948901543581243e+00
2.546441840525864819e+01,4.780040165640553340e+00
2.548442412117747935e+01,5.880081867636670623e+00
2.550442983709631406e+01,4.590645557981432034e+00
2.552443555301514877e+01,5.752820065268030802e+00
2.554444126893397993e+01,5.023544599888664308e+00
2.556444698485281464e+01,5.602098818389449342e+00
2.558445270077164935e+01,4.992644440730634514e+00
2.560445841669048406e+01,5.054269535181812323e+00
2.562446413260931877e+01,4.892741014040832503e+00
2.564446984852815348e+01,5.972420354337856452e+00
2.566447556444698819e+01,6.355147067768323943e+00
2.568448128036581934e+01,5.582202074726890118e+00
2.570448699628465405e+01,5.221752876147652600e+00
2.572449271220348521e+01,5.650329083465943647e+00
2.574449842812231992e+01,6.312809736050535747e+00
2.576450414404115463e+01,6.042687382697176979e+00
2.578450985995998934e+01,6.602579468007252927e+00
2.580451557587882405e+01,6.563307196454738701e+00
2.582452129179765876e+01,7.292360628089960883e+00
2.584452700771649347e+01,7.182725638622661890e+00
2.586453272363532463e+01,6.926971773203288052e+00
2.588453843955415934e+01,7.546960310078807410e+00
2.590454415547299405e+01,7.408520298155099937e+00
2.592454987139182521e+01,6.290217902567068364e+00
2.594455558731065992e+01,7.255049240381911346e+00
2.596456130322949463e+01,6.900055500183178481e+00
2.598456701914832934e+01,7.159179372154268250e+00
2.600457273506716405e+01,6.591742916196751345e+00
2.602457845098599520e+01,6.154373980096815799e+00
2.604458416690482991e+01,5.685569658104365764e+00
2.606458988282366462e+01,7.194094482915076583e+00
2.608459559874249933e+01,5.820433715090519655e+00
2.610460131466133404e+01,5.395004755598822754e+00
2.612460703058016520e+01,5.767173357703798686e+00
2.614461274649899991e+01,4.838999025764721296e+00
2.616461846241783462e+01,5.554216968805619103e+00
2.618462417833666933e+01,4.548838243035945084e+00
2.620462989425550404e+01,4.906578364475980614e+00
2.622463561017433520e+01,5.330536187674400850e+00
2.624464132609316991e+01,3.971484420363664114e+00
2.626464704201200462e+01,4.483084616190872396e+00
2.628465275793083933e+01,4.587250779864614714e+00
2.630465847384967049e+01,4.074131227927711763e+00
2.632466418976850520e+01,4.211161033238591145e+00
2.634466990568733991e+01,4.285344883133872074e+00
2.636467562160617462e+01,3.831312358385579486e+00
2.638468133752500933e+01,4.087506345043228961e+00
2.640468705344384048e+01,4.478801753580076372e+00
2.642469276936267519e+01,3.216344106148811388e+00
2.644469848528150990e+01,4.147808347042924559e+00
2.646470420120034461e+01,4.401573614566943959e+00
2.648470991711917932e+01,4.336844763884493581e+00
2.650471563303801048e+01,3.435067015364400067e+00
2.652472134895684519e+01,3.953823787379991739e+00
2.654472706487567990e+01,3.955753470934678440e+00
2.656473278079451461e+01,3.534146266943216652e+00
2.658473849671334932e+01,3.233454504357583303e+00
2.660474421263218048e+01,4.014595469238999570e+00
2.662474992855101519e+01,3.363619795904114085e+00
2.664475564446984990e+01,3.766807211916080700e+00
2.666476136038868461e+01,4.236619585892697160e+00
2.668476707630751577e+01,4.168733288274107274e+00
2.670477279222635048e+01,3.619836294109926911e+00
2.672477850814518519e+01,4.110028337748624416e+00
2.674478422406401990e+01,4.088977765121657448e+00
2.676478993998285461e+01,3.584878928937714981e+00
2.678479565590168576e+01,3.453095455456256513e+00
2.680480137182052047e+01,4.314111537090655091e+00
2.682480708773935518e+01,4.821327143947764071e+00
2.684481280365818989e+01,4.322151447850603567e+00
2.686481851957702460e+01,4.085601212023599160e+00
2.688482423549585576e+01,4.958409846963338197e+00
2.690482995141469047e+01,4.452367340818262242e+00
2.692483566733352518e+01,4.912419810285840960e+00
2.694484138325235989e+01,5.206461323273211761e+00
2.696484709917119105e+01,4.627635136023571683e+00
2.698485281509002576e+01,5.661303722901417146e+00
2.700485853100886047e+01,4.928806643850467850e+00
2.702486424692769518e+01,5.386312447451777174e+00
2.704486996284652989e+01,5.987191839646817115e+00
2.706487567876536104e+01,6.406703128375248468e+00
2.708488139468419575e+01,6.488418579797869512e+00
2.710488711060303046e+01,6.673497897466330819e+00
2.712489282652186517e+01,6.225920771629972705e+00
2.714489854244069988e+01,6.603529937227051505e+00
2.716490425835953104e+01,6.586105929889709998e+00
2.718490997427836575e+01,7.145238790210120428e+00
2.720491569019720046e+01,7.873620482747815785e+00
2.722492140611603517e+01,8.294474669897835994e+00
2.724492712203486633e+01,8.787105578797248739e+00
2.726493283795370104e+01,9.484869182775090835e+00
2.728493855387253575e+01,9.572480261302235505e+00
2.730494426979137046e+01,1.041919530565466800e+01
2.732494998571020517e+01,1.075523060431014066e+01
2.734495570162903633e+01,1.113933597297813805e+01
2.736496141754787104e+01,1.149395469870715303e+01
2.738496713346670575e+01,1.241968641936165696e+01
2.740497284938554046e+01,1.340267334641000119e+01
2.742497856530437517e+01,1.344333341857407049e+01
2.744498428122320632e+01,1.495775979799238087e+01
2.746498999714204103e+01,1.470273818301654956e+01
2.748499571306087574e+01,1.533938927955244758e+01
2.750500142897971045e+01,1.706551765390954856e+01
2.752500714489854516e+01,1.791333502060486182e+01
2.754501286081737632e+01,1.842242920088744640e+01
2.756501857673621103e+01,1.967786749093907872e+01
2.758502429265504574e+01,2.154872801287653772e+01
2.760503000857388045e+01,2.180397221313229394e+01
2.762503572449271161e+01,2.224903889176330551e+01
2.764504144041154632e+01,2.424844904030131332e+01
2.766504715633038103e+01,2.502363829303118337e+01
2.768505287224921574e+01,2.602865757114451029e+01
2.770505858816805045e+01,2.721622088176338039e+01
2.772506430408688161e+01,2.890567054911851841e+01
2.774507002000571632e+01,3.032240121475573247e+01
2.776507573592455103e+01,3.043182861662142713e+01
2.778508145184338574e+01,3.257642048400211365e+01
2.780508716776222045e+01,3.409166264646815847e+01
2.782509288368105160e+01,3.461093885828088901e+01
2.784509859959988631e+01,3.572409663029092286e+01
2.786510431551872102e+01,3.536597727800108970e+01
2.788511003143755573e+01,3.690594815048039123e+01
2.790511574735638689e+01,3.671094123416672517e+01
2.792512146327522160e+01,3.622243000830903270e+01
2.794512717919405631e+01,3.626071584140242976e+01
2.796513289511289102e+01,3.665663853343324519e+01
2.798513861103172573e+01,3.430934292915377881e+01
2.800514432695055689e+01,3.335249210491547700e+01
2.802515004286939160e+01,3.207467883855774460e+01
2.804515575878822631e+01,2.914136156927335009e+01
2.806516147470706102e+01,2.775996824373249439e+01
2.808516719062589573e+01,2.528755975619882435e+01
2.810517290654472689e+01,2.342743208893412898e+01
2.812517862246356160e+01,2.057415653668863342e+01
2.814518433838239631e+01,1.905490992392665817e+01
2.816519005430123102e+01,1.753611389316165869e+01
2.818519577022006217e+01,1.585070534375091000e+01
2.820520148613889688e+01,1.355691473093180832e+01
2.822520720205773159e+01,1.275085382090662911e+01
2.824521291797656630e+01,1.141866503712672198e+01
2.826521863389540101e+01,1.028722504069366650e+01
2.828522434981423217e+01,1.088883442464763718e+01
2.830523006573306688e+01,9.943077805190981167e+00
2.832523578165190159e+01,9.576514774227312898e+00
2.834524149757073630e+01,9.250273375403276432e+00
2.836524721348957101e+01,9.589602930321156293e+00
2.838525292940840217e+01,9.188223633089894093e+00
2.840525864532723688e+01,9.993331153233761199e+00
2.842526436124607159e+01,9.714524632020106409e+00
2.844527007716490630e+01,1.069381498097293104e+01
2.846527579308374101e+01,1.084453870363010175e+01
2.848528150900257216e+01,1.194274961349059261e+01
2.850528722492140687e+01,1.182196912027159463e+01
2.852529294084024158e+01,1.362827782839347712e+01
2.854529865675907629e+01,1.358029035250465100e+01
2.856530437267790745e+01,1.502306973625334052e+01
2.858531008859674216e+01,1.501301233164514137e+01
2.860531580451557687e+01,1.666796351154484057e+01
2.862532152043441158e+01,1.762890049618975752e+01
2.864532723635324629e+01,1.861148391579159522e+01
2.866533295227207745e+01,2.058864576972032268e+01
2.868533866819091216e+01,2.168368067472544780e+01
2.870534438410974687e+01,2.324584703457613699e+01
2.872535010002858158e+01,2.504665477226622983e+01
2.874535581594741629e+01,2.564605821737862712e+01
2.876536153186624745e+01,2.816659620544503184e+01
2.878536724778508216e+01,3.020515369489292823e+01
2.880537296370391687e+01,3.191227876467657154e+01
2.882537867962275158e+01,3.439678348023945631e+01
2.884538439554158273e+01,3.677149315366981597e+01
2.886539011146041744e+01,3.845043464480276896e+01
2.888539582737925215e+01,4.093429099709631203e+01
2.890540154329808686e+01,4.352118284502300583e+01
2.892540725921692157e+01,4.606605852814460889e+01
2.894541297513575273e+01,4.955629020478382074e+01
2.896541869105458744e+01,5.227048506048248555e+01
2.898542440697342215e+01,5.581680291781167114e+01
2.900543012289225686e+01,5.832623307678471747e+01
2.902543583881109157e+01,6.147580923297840627e+01
2.904544155472992273e+01,6.536274076981867154e+01
2.906544727064875744e+01,6.889379600494842748e+01
2.908545298656759215e+01,7.223305194566283660e+01
2.910545870248642686e+01,7.539048552221112232e+01
2.912546441840525802e+01,7.832500653500798649e+01
2.914547013432409273e+01,8.145626256362930917e+01
2.916547585024292744e+01,8.458889674676768777e+01
2.918548156616176215e+01,8.665389643521146468e+01
2.920548728208059686e+01,8.857340703676825910e+01
2.922549299799942801e+01,9.055063666717032334e+01
2.924549871391826272e+01,9.080829761210657125e+01
2.926550442983709743e+01,9.158643164141540183e+01
2.928551014575593214e+01,9.084753103783123152e+01
2.930551586167476685e+01,8.944376653955217193e+01
2.932552157759359801e+01,8.867413190294865899e+01
2.934552729351243272e+01,8.495680423135326009e+01
2.936553300943126743e+01,8.171610322948272653e+01
2.938553872535010214e+01,7.788869307496489114e+01
2.940554444126893330e+01,7.434165108107816877e+01
2.942555015718776801e+01,7.033063691120061378e+01
2.944555587310660272e+01,6.575514731785986555e+01
2.946556158902543743e+01,6.285908382460397092e+01
2.948556730494427214e+01,5.813348046963514548e+01
2.950557302086310330e+01,5.494489852276861086e+01
2.952557873678193801e+01,5.174612359861237820e+01
2.954558445270077272e+01,4.940187176856063900e+01
2.956559016861960743e+01,4.667476097739705665e+01
2.958559588453844214e+01,4.509313417963278425e+01
2.960560160045727329e+01,4.379845855965389489e+01
2.962560731637610800e+01,4.297876464170288102e+01
2.964561303229494271e+01,4.095493956107180367e+01
2.966561874821377742e+01,4.074114483324837721e+01
2.968562446413261213e+01,4.078301699904375965e+01
2.970563018005144329e+01,3.964512180347802683e+01
2.972563589597027800e+01,3.958649417525622027e+01
2.974564161188911271e+01,3.953324646128570663e+01
2.976564732780794742e+01,3.881954106179397002e+01
2.978565304372677858e+01,3.928170943722269470e+01
2.980565875964561329e+01,3.921324516603412036e+01
2.982566447556444800e+01,3.999377667301430961e+01
2.984567019148328271e+01,3.949867635436330460e+01
2.986567590740211742e+01,4.050534203564710367e+01
2.988568162332094857e+01,4.143213873615258791e+01
2.990568733923978328e+01,4.229101941183044033e+01
2.992569305515861799e+01,4.324787971983192136e+01
2.994569877107745270e+01,4.401133085963737557e+01
2.996570448699628741e+01,4.550953302892880004e+01
2.998571020291511857e+01,4.689617012317162192e+01
3.000571591883395328e+01,4.808840016936020589e+01
3.002572163475278799e+01,4.992710983374978895e+01
3.004572735067162270e+01,5.121156279662203303e+01
3.006573306659045386e+01,5.230423522037236950e+01
3.008573878250928857e+01,5.223050913556213715e+01
3.010574449842812328e+01,5.307525064490854305e+01
3.012575021434695799e+01,5.324365662829592338e+01
3.014575593026579270e+01,5.220204555425214465e+01
3.016576164618462386e+01,5.134004916853211142e+01
3.018576736210345857e+01,4.935172471619664947e+01
3.020577307802229328e+01,4.668768129721300397e+01
3.022577879394112799e+01,4.406285454137477586e+01
3.024578450985996270e+01,4.155881498700924936e+01
3.026579022577879385e+01,3.789159439940036123e+01
3.028579594169762856e+01,3.498683815401292918e+01
3.030580165761646327e+01,3.062036744844614233e+01
3.032580737353529798e+01,2.726464404603714797e+01
3.034581308945412914e+01,2.453441746264638113e+01
3.036581880537296385e+01,2.174266222998364029e+01
3.038582452129179856e+01,1.842379076639619484e+01
3.040583023721063327e+01,1.637106839828768656e+01
3.042583595312946798e+01,1.386361068018357656e+01
3.044584166904829914e+01,1.220844701928459664e+01
3.046584738496713385e+01,1.118500489414923216e+01
3.048585310088596856e+01,9.122155688851533384e+00
3.050585881680480327e+01,8.877674857057538560e+00
3.052586453272363798e+01,8.322007010486911938e+00
3.054587024864246914e+01,7.966259418708127704e+00
3.056587596456130385e+01,7.493120238839733105e+00
3.058588168048013856e+01,7.251735294565040846e+00
3.060588739639897327e+01,7.255735834406646489e+00
3.062589311231780798e+01,6.554682066653498396e+00
3.064589882823663913e+01,6.355744189630931906e+00
3.066590454415547384e+01,6.272787877085828967e+00
3.068591026007430855e+01,5.670231721431920668e+00
3.070591597599314326e+01,5.862625270803102140e+00
3.072592169191197442e+01,6.032772244410081974e+00
3.074592740783080913e+01,5.836435981559684905e+00
3.076593312374964384e+01,5.817612832070447659e+00
3.078593883966847855e+01,5.625173050279688169e+00
3.080594455558731326e+01,6.062120337607078469e+00
3.082595027150614442e+01,5.198408499433288199e+00
3.084595598742497913e+01,5.933940511828617481e+00
3.086596170334381384e+01,5.836715615183179828e+00
3.088596741926264855e+01,5.987941617972043495e+00
3.090597313518148326e+01,5.002324581446288221e+00
3.092597885110031442e+01,6.063431156443938264e+00
3.094598456701914913e+01,5.336512793741554184e+00
3.096599028293798384e+01,5.948089505206702654e+00
3.098599599885681855e+01,5.185321359335637759e+00
3.100600171477564970e+01,5.577108438232709631e+00
3.102600743069448441e+01,5.747347789204850343e+00
3.104601314661331912e+01,6.002292046373209011e+00
3.106601886253215383e+01,5.943838959339963424e+00
3.108602457845098854e+01,5.493086392627835046e+00
3.110603029436981970e+01,6.159125420530452644e+00
3.112603601028865441e+01,5.551562963068587209e+00
3.114604172620748912e+01,5.851076416043806461e+00
3.116604744212632383e+01,5.655194440991472504e+00
3.118605315804515854e+01,6.246775691012443232e+00
3.120605887396398970e+01,6.780646975673985111e+00
3.122606458988282441e+01,6.818458404078473478e+00
3.124607030580165912e+01,6.192933584154533655e+00
3.126607602172049383e+01,7.264695786486356610e+00
3.128608173763932498e+01,6.698478294646005082e+00
3.130608745355815969e+01,7.265557707354774131e+00
3.132609316947699440e+01,6.583293165708434813e+00
3.134609888539582911e+01,7.424333130631763034e+00
3.136610460131466382e+01,7.661963084820502701e+00
3.138611031723349498e+01,8.336676995087550779e+00
3.140611603315232969e+01,8.100710042913020104e+00
3.142612174907116440e+01,7.387012098051390474e+00
3.144612746498999911e+01,7.920162203066081652e+00
3.146613318090883382e+01,8.534068717198984189e+00
3.148613889682766498e+01,8.210598025160761537e+00
3.150614461274649969e+01,7.692186895255314738e+00
3.152615032866533440e+01,6.970826269588423330e+00
3.154615604458416911e+01,7.638782330556552758e+00
3.156616176050300382e+01,7.164141210786548974e+00
3.158616747642183498e+01,7.097245090682857693e+00
3.160617319234066969e+01,7.351700010707199695e+00
3.162617890825950440e+01,6.718266030455334992e+00
3.164618462417833911e+01,6.646708551767236628e+00
3.166619034009717026e+01,6.743932756670048434e+00
3.168619605601600497e+01,6.201981412161526208e+00
3.170620177193483968e+01,6.161486675671961066e+00
3.172620748785367439e+01,6.232876485467629735e+00
3.174621320377250910e+01,5.705003046237751008e+00
3.176621891969134026e+01,4.913360983977373309e+00
3.178622463561017497e+01,4.803487246719969406e+00
3.180623035152900968e+01,5.165922551685842912e+00
3.182623606744784439e+01,4.510362956020831149e+00
3.184624178336667910e+01,4.302234131048950694e+00
3.186624749928551026e+01,3.635987794624270464e+00
3.188625321520434497e+01,4.365300618984505832e+00
3.190625893112317968e+01,4.022033635255318096e+00
3.192626464704201439e+01,4.434176787398929953e+00
3.194627036296084555e+01,4.079016569482701193e+00
3.196627607887968026e+01,4.932107930727640088e+00
3.198628179479851497e+01,4.277612168873780263e+00
3.200628751071734968e+01,3.886049693946165284e+00
3.202629322663618439e+01,3.567202908270071582e+00
3.204629894255501199e+01,3.826249944335192055e+00
3.206630465847385381e+01,3.884179198800250532e+00
3.208631037439268141e+01,4.740148185599537101e+00
3.210631609031152323e+01,4.100337418678481782e+00
3.212632180623035083e+01,4.612754954376860894e+00
3.214632752214918554e+01,4.379093321891351032e+00
3.216633323806802025e+01,4.261380519117848209e+00
3.218633895398685496e+01,4.144143206074367036e+00
3.220634466990568967e+01,4.528880447946851184e+00
3.222635038582451728e+01,4.761007773634931439e+00
3.224635610174335909e+01,4.077309472900957132e+00
3.226636181766218670e+01,5.094296788458372305e+00
3.228636753358102851e+01,4.841087645059154454e+00
3.230637324949985612e+01,4.869112962013264934e+00
3.232637896541869083e+01,5.054880020614714198e+00
3.234638468133752554e+01,4.996796529807649989e+00
3.236639039725636025e+01,4.924018451609139646e+00
3.238639611317519496e+01,5.369270792575488116e+00
3.240640182909402967e+01,5.234799404308173365e+00
3.242640754501286438e+01,6.216355497716127942e+00
3.244641326093169198e+01,5.679305277717670464e+00
3.246641897685053380e+01,5.584215240112260226e+00
3.248642469276936140e+01,6.276182465347581285e+00
3.250643040868819611e+01,6.114673909515239814e+00
3.252643612460703082e+01,6.073033985080901864e+00
3.254644184052586553e+01,6.048094791123662439e+00
3.256644755644470024e+01,6.466987284698508809e+00
3.258645327236353495e+01,6.785513175526936891e+00
3.260645898828236966e+01,8.016439800254651971e+00
3.262646470420119726e+01,7.789161408321090718e+00
3.264647042012003908e+01,8.230509631061153186e+00
3.266647613603886668e+01,8.122327145780809943e+00
3.268648185195770850e+01,8.891271721390893390e+00
3.270648756787653610e+01,9.452432628148734750e+00
3.272649328379537081e+01,1.013993594835784862e+01
3.274649899971420552e+01,9.924525488919577754e+00
3.276650471563304023e+01,1.060580966590803698e+01
3.278651043155187494e+01,1.032409593746906040e+01
3.280651614747070255e+01,1.033403292485841618e+01
3.282652186338954436e+01,1.074160298007368830e+01
3.284652757930837197e+01,1.100963061143064436e+01
3.286653329522721378e+01,1.153064077638150842e+01
3.288653901114604139e+01,1.173238015287924974e+01
3.290654472706487610e+01,1.167702035844519948e+01
3.292655044298371081e+01,1.176838675033491910e+01
3.294655615890254552e+01,1.135790229499319004e+01
3.296656187482138023e+01,1.223823834664788990e+01
3.298656759074020783e+01,1.167772595881165465e+01
3.300657330665904965e+01,1.247129665469270421e+01
3.302657902257787725e+01,1.216500933690944919e+01
3.304658473849671907e+01,1.232825008195029248e+01
3.306659045441554667e+01,1.325883801352977720e+01
3.308659617033438138e+01,1.184373218721431620e+01
3.310660188625321609e+01,1.285691543546311522e+01
3.312660760217205080e+01,1.240744311548334622e+01
3.314661331809088551e+01,1.273464640632685629e+01
3.316661903400971312e+01,1.166975833774279714e+01
3.318662474992855493e+01,1.132310607678256709e+01
3.320663046584738254e+01,1.190823568506638708e+01
3.322663618176622435e+01,1.200002780035556071e+01
3.324664189768505196e+01,1.231491766317947700e+01
3.326664761360388667e+01,1.181905395306421447e+01
3.328665332952272138e+01,1.075914155637989467e+01
3.330665904544155609e+01,1.123205268669934220e+01
3.332666476136039080e+01,1.103521732279269507e+01
3.334667047727922551e+01,1.048417565681036301e+01
3.336667619319806022e+01,1.075057492650627466e+01
3.338668190911688782e+01,1.063958006195339401e+01
3.340668762503572964e+01,1.130618210427553905e+01
3.342669334095455724e+01,1.178429076085819460e+01
3.344669905687339195e+01,1.276738419292440874e+01
3.346670477279222666e+01,1.266721067284348834e+01
3.348671048871106137e+01,1.280048972536963880e+01
3.350671620462989608e+01,1.497758955798821390e+01
3.352672192054873079e+01,1.511993524848377746e+01
3.354672763646756550e+01,1.593438569713506325e+01
3.356673335238639311e+01,1.626808463445513908e+01
3.358673906830523492e+01,1.746883315367420764e+01
3.360674478422406253e+01,1.892797186960493150e+01
3.362675050014290434e+01,1.964301643368927586e+01
3.364675621606173195e+01,2.095955875087474141e+01
3.366676193198056666e+01,2.156471588346332524e+01
3.368676764789940137e+01,2.243898950301385753e+01
3.370677336381823608e+01,2.290037776433704764e+01
3.372677907973707079e+01,2.399156867404893489e+01
3.374678479565589839e+01,2.489759819111694839e+01
3.376679051157474021e+01,2.538859300143263908e+01
3.378679622749356781e+01,2.561389115776269421e+01
3.380680194341240963e+01,2.708044613584758054e+01
3.382680765933123723e+01,2.594481728061490600e+01
3.384681337525007194e+01,2.632267219980206363e+01
3.386681909116890665e+01,2.546710393599683186e+01
3.388682480708774136e+01,2.424011077735396569e+01
3.390683052300657607e+01,2.374764613972678262e+01
3.392683623892540368e+01,2.262014965840183223e+01
3.394684195484424549e+01,2.178218540010237803e+01
3.396684767076307310e+01,2.013024153287899765e+01
3.398685338668191491e+01,1.862290769748861763e+01
3.400685910260074252e+01,1.614692720846991847e+01
3.402686481851957723e+01,1.518607945986775043e+01
3.404687053443841194e+01,1.373223703533852103e+01
3.406687625035724665e+01,1.248139572210282822e+01
3.408688196627608136e+01,1.074112253229395009e+01
3.410688768219490896e+01,9.972710166533634180e+00
3.412689339811375078e+01,8.810781462820894916e+00
3.414689911403257838e+01,8.614823307202506442e+00
3.416690482995142020e+01,7.722357454187863013e+00
3.418691054587024780e+01,6.294010344499282539e+00
3.420691626178908251e+01,6.364681653585391174e+00
3.422692197770791722e+01,5.633623514962764034e+00
3.424692769362675193e+01,5.231587639479339913e+00
3.426693340954558664e+01,5.020052163534007406e+00
3.428693912546442135e+01,5.597251366397070882e+00
3.430694484138325606e+01,5.133284750857306733e+00
3.432695055730208367e+01,4.527104831798459905e+00
3.434695627322092548e+01,4.441922164046343546e+00
3.436696198913975309e+01,4.418049167201031580e+00
3.438696770505858780e+01,4.379049890937611877e+00
3.440697342097742251e+01,4.726506083097669730e+00
3.442697913689625722e+01,5.163578466699741298e+00
3.444698485281509193e+01,4.764835343691477654e+00
3.446699056873392664e+01,5.030059900414798335e+00
3.448699628465276135e+01,4.614272218437184492e+00
3.450700200057158895e+01,5.315984303826992274e+00
3.452700771649043077e+01,5.541304938622249487e+00
3.454701343240925837e+01,4.511783815457030222e+00
3.456701914832810019e+01,5.315335041659751347e+00
3.458702486424692779e+01,4.399318351724821774e+00
3.460703058016576250e+01,5.831885552325100974e+00
3.462703629608459721e+01,5.029456676006473614e+00
3.464704201200343192e+01,5.833720739724721938e+00
3.466704772792226663e+01,6.089952426260191842e+00
3.468705344384109424e+01,6.632866053942478857e+00
3.470705915975993605e+01,6.417433041236263236e+00
3.472706487567876366e+01,5.666076730809482598e+00
3.474707059159760547e+01,7.104284448288323617e+00
3.476707630751643308e+01,6.298685069722656849e+00
3.478708202343526779e+01,7.602413259998735739e+00
3.480708773935410250e+01,6.832671296037821307e+00
3.482709345527293721e+01,7.551281347081651774e+00
3.484709917119177192e+01,7.565495003237091787e+00
3.486710488711059952e+01,8.731909716211358585e+00
3.488711060302944134e+01,8.848667370916787789e+00
3.490711631894826894e+01,9.227511769151689691e+00
3.492712203486711076e+01,8.600655009686095198e+00
3.494712775078593836e+01,8.886125993495857855e+00
3.496713346670477307e+01,9.929142692890316368e+00
3.498713918262360778e+01,9.364666395871005022e+00
3.500714489854244249e+01,1.091775888691202212e+01
3.502715061446127720e+01,9.815334419094750018e+00
3.504715633038010481e+01,1.126537584629443778e+01
3.506716204629894662e+01,1.107137896789024722e+01
3.508716776221777423e+01,1.206679840085215361e+01
3.510717347813661604e+01,1.130699715792383842e+01
3.512717919405544365e+01,1.254346474566730230e+01
3.514718490997427836e+01,1.281899578596548039e+01
3.516719062589311307e+01,1.371147834577265456e+01
3.518719634181194778e+01,1.334890195138420665e+01
3.520720205773078249e+01,1.453533910538149598e+01
3.522720777364961720e+01,1.461369235433937774e+01
3.524721348956845191e+01,1.393113867235364367e+01
3.526721920548727951e+01,1.515771541858252469e+01
3.528722492140612133e+01,1.469102898785202704e+01
3.530723063732494893e+01,1.449901558501843368e+01
3.532723635324378364e+01,1.395516221876548890e+01
3.534724206916261835e+01,1.461021091929390536e+01
3.536724778508145306e+01,1.351134857432797176e+01
3.538725350100028777e+01,1.240801321799832024e+01
3.540725921691912248e+01,1.238997929379059215e+01
3.542726493283795719e+01,1.110885833273331613e+01
3.544727064875678479e+01,1.098370655908773230e+01
3.546727636467562661e+01,1.007473584474345074e+01
3.548728208059445421e+01,9.626914483678527645e+00
3.550728779651329603e+01,1.015523193239015143e+01
3.552729351243212363e+01,9.735056428913230420e+00
3.554729922835095834e+01,8.592593635612086445e+00
3.556730494426979305e+01,8.300934551270234607e+00
3.558731066018862776e+01,8.486550099590798979e+00
3.560731637610746247e+01,9.409824986355980414e+00
3.562732209202629008e+01,8.857145753615400352e+00
3.564732780794513189e+01,9.005252998711009482e+00
3.566733352386395950e+01,8.816880201690588947e+00
3.568733923978280131e+01,9.268117529755297568e+00
3.570734495570162892e+01,9.790662958706398911e+00
3.572735067162046363e+01,9.501488793226402052e+00
3.574735638753929834e+01,9.790633364870222621e+00
3.576736210345813305e+01,1.042852712106631152e+01
3.578736781937696776e+01,1.064783348924871831e+01
3.580737353529579536e+01,1.055091372987105203e+01
3.582737925121463718e+01,1.131039531736500514e+01
3.584738496713346478e+01,1.065556765855315291e+01
3.586739068305230660e+01,1.171409248786016555e+01
3.588739639897113420e+01,1.069465478358034538e+01
3.590740211488996891e+01,1.048736370691834807e+01
3.592740783080880362e+01,1.100863180304578748e+01
3.594741354672763833e+01,1.064761704910596762e+01
3.596741926264647304e+01,9.903696322448135803e+00
3.598742497856530065e+01,9.647019872486453096e+00
3.600743069448414246e+01,9.141073479753949016e+00
3.602743641040297007e+01,9.660190880999337537e+00
3.604744212632181188e+01,8.456754102669865603e+00
3.606744784224063949e+01,8.391327003456080291e+00
3.608745355815947420e+01,7.772185706292926710e+00
3.610745927407830891e+01,7.417430425797068239e+00
3.612746498999714362e+01,6.604176425696685726e+00
3.614747070591597833e+01,6.749895646664377580e+00
3.616747642183481304e+01,6.787053565548612610e+00
3.618748213775364775e+01,5.970850236697818225e+00
3.620748785367247535e+01,5.874777910768022693e+00
3.622749356959131717e+01,5.503730188303753046e+00
3.624749928551014477e+01,6.078011947957560501e+00
3.626750500142897948e+01,5.964933574124188453e+00
3.628751071734781419e+01,5.967312193029259859e+00
3.630751643326664890e+01,5.907420807472968605e+00
3.632752214918548361e+01,5.981641947628843603e+00
3.634752786510431832e+01,5.491821556588115882e+00
3.636753358102315303e+01,6.479069933577093821e+00
3.638753929694198064e+01,6.002635034160710426e+00
3.640754501286082245e+01,6.004076205953879253e+00
3.642755072877965006e+01,5.948392851061434783e+00
3.644755644469849187e+01,5.912728527484281571e+00
3.646756216061731948e+01,6.522908045229016238e+00
3.648756787653615419e+01,7.015122843268335018e+00
3.650757359245498890e+01,7.145146143064459388e+00
3.652757930837382361e+01,7.671404727615401598e+00
3.654758502429265832e+01,8.051147882228159247e+00
3.656759074021148592e+01,7.296606465132516206e+00
3.658759645613032774e+01,9.238912400411638970e+00
3.660760217204915534e+01,8.253146901953602566e+00
3.662760788796799716e+01,9.391021149698374870e+00
3.664761360388682476e+01,9.806644635404417443e+00
3.666761931980565947e+01,1.122420980340410068e+01
3.668762503572449418e+01,1.087944308615335132e+01
3.670763075164332889e+01,1.185477685433344597e+01
3.672763646756216360e+01,1.222278870534255013e+01
3.674764218348099121e+01,1.318863232292438248e+01
3.676764789939983302e+01,1.384125113278803809e+01
3.678765361531866063e+01,1.437002156406434494e+01
3.680765933123750244e+01,1.464943155720522228e+01
3.682766504715633005e+01,1.649694860720616063e+01
3.684767076307516476e+01,1.644977461777492778e+01
3.686767647899399947e+01,1.608463291574405218e+01
3.688768219491283418e+01,1.642594008156628149e+01
3.690768791083166889e+01,1.680584900906568535e+01
3.692769362675049649e+01,1.739647579513319897e+01
3.694769934266933831e+01,1.734766594879352297e+01
3.696770505858816591e+01,1.738992289604830432e+01
3.698771077450700773e+01,1.682720232418122208e+01
3.700771649042583533e+01,1.631756295848832750e+01
3.702772220634467004e+01,1.591595247257373202e+01
3.704772792226350475e+01,1.480348784493207681e+01
3.706773363818233946e+01,1.391031902074839977e+01
3.708773935410117417e+01,1.300967029083711601e+01
3.710774507002000888e+01,1.159591722848916184e+01
3.712775078593884359e+01,1.144781472207629491e+01
3.714775650185767120e+01,1.017720694352472144e+01
3.716776221777651301e+01,9.015469127513282999e+00
3.718776793369534062e+01,8.556154086901432976e+00
3.720777364961417533e+01,7.281334760799120787e+00
3.722777936553301004e+01,7.388801577222070094e+00
3.724778508145184475e+01,6.609424274002403621e+00
3.726779079737067946e+01,6.267696283339550867e+00
3.728779651328951417e+01,6.212371276344064164e+00
3.730780222920834888e+01,5.507607198880167587e+00
3.732780794512717648e+01,5.897767451391895399e+00
3.734781366104601830e+01,5.841942153866770404e+00
3.736781937696484590e+01,4.541526294000946429e+00
3.738782509288368772e+01,5.800955398347774405e+00
3.740783080880251532e+01,4.519521104757021845e+00
3.742783652472135003e+01,4.506713293297995193e+00
3.744784224064018474e+01,4.487147377407504578e+00
3.746784795655901945e+01,5.792416347199255355e+00
3.748785367247785416e+01,4.743815770576451207e+00
3.750785938839668177e+01,4.787818694112177198e+00
3.752786510431552358e+01,5.320097326485248246e+00
3.754787082023435119e+01,4.817717587359153342e+00
3.756787653615319300e+01,4.862163306429138743e+00
3.758788225207202061e+01,4.735202450888463588e+00
3.760788796799085532e+01,5.558578670122408028e+00
3.762789368390969003e+01,5.499506269344144549e+00
3.764789939982852474e+01,5.303569893049009387e+00
3.766790511574735945e+01,5.945072683215223641e+00
3.768791083166618705e+01,5.932871456620925521e+00
3.770791654758502887e+01,5.784041351173655698e+00
3.772792226350385647e+01,5.891741560194053484e+00
3.774792797942269829e+01,5.672732837399694361e+00
3.776793369534152589e+01,6.411878952537371390e+00
3.778793941126036060e+01,6.705525205825626500e+00
3.780794512717919531e+01,6.884908598062728480e+00
3.782795084309803002e+01,6.736557653516905830e+00
3.784795655901686473e+01,6.665513536286834295e+00
3.786796227493569234e+01,7.237113070373053958e+00
3.788796799085453415e+01,7.823807278261547538e+00
3.790797370677336176e+01,7.701243744970451388e+00
3.792797942269220357e+01,7.033323693256431142e+00
3.794798513861103118e+01,7.456010116602516113e+00
3.796799085452986589e+01,6.770426470124230711e+00
3.798799657044870060e+01,6.796380535915660381e+00
3.800800228636753531e+01,6.381273689972569940e+00
3.802800800228637002e+01,6.147675996770031404e+00
3.804801371820520473e+01,6.105292223585005118e+00
3.806801943412403944e+01,5.869382879527689667e+00
3.808802515004286704e+01,5.669057189079992121e+00
3.810803086596170886e+01,6.177123557139914567e+00
3.812803658188053646e+01,5.612924557008240001e+00
3.814804229779937117e+01,5.791715355327308856e+00
3.816804801371820588e+01,5.342820154506794594e+00
3.818805372963704059e+01,5.600283456127935544e+00
3.820805944555587530e+01,4.866998111818817918e+00
3.822806516147471001e+01,4.361852593461485128e+00
3.824807087739354472e+01,5.263726096891897299e+00
3.826807659331237232e+01,5.001730460958881963e+00
3.828808230923121414e+01,4.922705777818775275e+00
3.830808802515004174e+01,5.925000526026064307e+00
3.832809374106888356e+01,6.071783348289505611e+00
3.834809945698771116e+01,4.855786341623796076e+00
3.836810517290654587e+01,6.097679596137439262e+00
3.838811088882538058e+01,6.138707687216490960e+00
3.840811660474421529e+01,6.602995879723881245e+00
3.842812232066305000e+01,6.568800830440236993e+00
3.844812803658187761e+01,6.729360743258711253e+00
3.846813375250071942e+01,7.031772423693356089e+00
3.848813946841954703e+01,7.564772277160278335e+00
3.850814518433838884e+01,7.648792793309699967e+00
3.852815090025721645e+01,8.120718302463716398e+00
3.854815661617605116e+01,9.105734813943449524e+00
3.856816233209488587e+01,9.288682905779531040e+00
3.858816804801372058e+01,9.698295080099679666e+00
3.860817376393255529e+01,1.039735979846185998e+01
3.862817947985138289e+01,1.105364432695947841e+01
3.864818519577022471e+01,1.170292860762441833e+01
3.866819091168905231e+01,1.157266700923702274e+01
3.868819662760789413e+01,1.203783857720693540e+01
3.870820234352672173e+01,1.370060838378199009e+01
3.872820805944555644e+01,1.294040836985653975e+01
3.874821377536439115e+01,1.373227023239039823e+01
3.876821949128322586e+01,1.443952855858036521e+01
3.878822520720206057e+01,1.339029125760829331e+01
3.880823092312088818e+01,1.419900331115445269e+01
3.882823663903972999e+01,1.423807293520363082e+01
3.884824235495855760e+01,1.406140584297559215e+01
3.886824807087739941e+01,1.357271862299586473e+01
3.888825378679622702e+01,1.382309992380699981e+01
3.890825950271506173e+01,1.321400955760391227e+01
3.892826521863389644e+01,1.226029450663886600e+01
3.894827093455273115e+01,1.236490999412079894e+01
3.896827665047156586e+01,1.186366544250642008e+01
3.898828236639040057e+01,1.157714327505958707e+01
3.900828808230923528e+01,1.063982390734346595e+01
3.902829379822806288e+01,1.057318363473486755e+01
3.904829951414690470e+01,9.599170820358516210e+00
3.906830523006573230e+01,8.459028327777595280e+00
3.908831094598456701e+01,8.881608489140964124e+00
3.910831666190340172e+01,8.056399904577073556e+00
3.912832237782223643e+01,7.278592636204834321e+00
3.914832809374107114e+01,7.028984274770984086e+00
3.916833380965990585e+01,7.020360145743271829e+00
3.918833952557874056e+01,6.182929006181836051e+00
3.920834524149756817e+01,6.231211112714479583e+00
3.922835095741640998e+01,5.379156859362345777e+00
3.924835667333523759e+01,5.994466828240876843e+00
3.926836238925407940e+01,4.939641820868048150e+00
3.928836810517290701e+01,4.823787490802297739e+00
3.930837382109174172e+01,5.290289501017875651e+00
3.932837953701057643e+01,4.835684654459578624e+00
3.934838525292941114e+01,5.571576562415367917e+00
3.936839096884824585e+01,5.278702017238550148e+00
3.938839668476707345e+01,5.580892337816825588e+00
3.940840240068591527e+01,4.989142239276065816e+00
3.942840811660474287e+01,5.299666858323023533e+00
3.944841383252358469e+01,5.307468334819567701e+00
3.946841954844241229e+01,5.936159157413287701e+00
3.948842526436124700e+01,6.321295190085392868e+00
3.950843098028008171e+01,6.003652488372136276e+00
3.952843669619891642e+01,6.034623426604490248e+00
3.954844241211775113e+01,6.256377668468861231e+00
3.956844812803657874e+01,6.849284948649350113e+00
3.958845384395542055e+01,6.353900331622288178e+00
3.960845955987424816e+01,6.252308892219055281e+00
3.962846527579308997e+01,6.687321308732670389e+00
3.964847099171191758e+01,6.440324227259212719e+00
3.966847670763075229e+01,6.677397013349819943e+00
3.968848242354958700e+01,7.098173407411195512e+00
3.970848813946842171e+01,7.056159917271146220e+00
3.972849385538725642e+01,7.714306983432408060e+00
3.974849957130608402e+01,6.705193173061528178e+00
3.976850528722492584e+01,7.453622665012392901e+00
3.978851100314375344e+01,6.648100631901945334e+00
3.980851671906259526e+01,7.156026368175295360e+00
3.982852243498142286e+01,7.736040812419922474e+00
3.984852815090025757e+01,8.517111246134547287e+00
3.986853386681909228e+01,7.399180003708403675e+00
3.988853958273792699e+01,7.234697471369761601e+00
3.990854529865676170e+01,8.295063103957525996e+00
3.992855101457559641e+01,9.503336483735914442e+00
3.994855673049443112e+01,9.057714982332319309e+00
3.996856244641325873e+01,9.181584238767971584e+00
3.998856816233210054e+01,1.022087212085025421e+01
4.000857387825092815e+01,1.065782073087450144e+01
4.002857959416976286e+01,1.114078055870707296e+01
4.004858531008859757e+01,1.214312364648237264e+01
4.006859102600743228e+01,1.222409499480393080e+01
4.008859674192626699e+01,1.301200782757749863e+01
4.010860245784510170e+01,1.317353076486724461e+01
4.012860817376393641e+01,1.313531352502618610e+01
4.014861388968276401e+01,1.490799745691627365e+01
4.016861960560160583e+01,1.548418201155340235e+01
4.018862532152043343e+01,1.588227183198081960e+01
4.020863103743927525e+01,1.625341489332081224e+01
4.022863675335810285e+01,1.584092399794150552e+01
4.024864246927693756e+01,1.656712205689252215e+01
4.026864818519577227e+01,1.740012841677746280e+01
4.028865390111460698e+01,1.671802417114679429e+01
4.030865961703344169e+01,1.732299249450802492e+01
4.032866533295226930e+01,1.756745603992662552e+01
4.034867104887111111e+01,1.697613464675735884e+01
4.036867676478993872e+01,1.667088685468530329e+01
4.038868248070878053e+01,1.695964110762602672e+01
4.040868819662760814e+01,1.672554848961484453e+01
4.042869391254644285e+01,1.663749983150434630e+01
4.044869962846527756e+01,1.680712567971844607e+01
4.046870534438411227e+01,1.541460889660516820e+01
4.048871106030294698e+01,1.609803539257611860e+01
4.050871677622177458e+01,1.515552270886239583e+01
4.052872249214061640e+01,1.527780554087550513e+01
4.054872820805944400e+01,1.526867036530112287e+01
4.056873392397828582e+01,1.558639987366859359e+01
4.058873963989711342e+01,1.479260183246368854e+01
4.060874535581594813e+01,1.455899227713964983e+01
4.062875107173478284e+01,1.440275242770719544e+01
4.064875678765361755e+01,1.333977285025484605e+01
4.066876250357245226e+01,1.298716520726203072e+01
4.068876821949127986e+01,1.242135722540648501e+01
4.070877393541012168e+01,1.143938371111340757e+01
4.072877965132894929e+01,1.057950362550078260e+01
4.074878536724779110e+01,1.030505938059142323e+01
4.076879108316661871e+01,9.828770750712539694e+00
4.078879679908545342e+01,9.831965533795585799e+00
4.080880251500428813e+01,8.604794758953714151e+00
4.082880823092312284e+01,8.238756983240955734e+00
4.084881394684195755e+01,7.989445143383793635e+00
4.086881966276079226e+01,8.124202998296114586e+00
4.088882537867962697e+01,7.236740870119026781e+00
4.090883109459845457e+01,7.296281686309122883e+00
4.092883681051729639e+01,6.683971953178161840e+00
4.094884252643612399e+01,5.924001674350981794e+00
4.096884824235495870e+01,6.520287822271949807e+00
4.098885395827379341e+01,5.233196636359647158e+00
4.100885967419262812e+01,5.837929458778326364e+00
4.102886539011146283e+01,5.240194809161923928e+00
4.104887110603029754e+01,5.293622597327700241e+00
4.106887682194913225e+01,5.438299127004848188e+00
4.108888253786795985e+01,5.436880987578096125e+00
4.110888825378680167e+01,4.735519837428785905e+00
4.112889396970562927e+01,5.084698534517784196e+00
4.114889968562447109e+01,4.654527975822948527e+00
4.116890540154329869e+01,4.680846857940143657e+00
4.118891111746213340e+01,4.894878652819222964e+00
4.120891683338096811e+01,4.432886399512662834e+00
4.122892254929980282e+01,4.696446231601737686e+00
4.124892826521863753e+01,3.843586926184946684e+00
4.126893398113746514e+01,5.465095499150370628e+00
4.128893969705630695e+01,5.442552945476536230e+00
4.130894541297513456e+01,4.144080553805939537e+00
4.132895112889397637e+01,5.306558984596496664e+00
4.134895684481280398e+01,5.601886582264389070e+00
4.136896256073163869e+01,5.137803171137464098e+00
4.138896827665047340e+01,5.643898477644870404e+00
4.140897399256930811e+01,4.841815827442080611e+00
4.142897970848814282e+01,5.794550435381918163e+00
4.144898542440697042e+01,5.945759292771819915e+00
4.146899114032581224e+01,6.117753698827848474e+00
4.148899685624463984e+01,6.533207132424921681e+00
4.150900257216348166e+01,6.951504013320914055e+00
4.152900828808230926e+01,6.763191757507372337e+00
4.154901400400114397e+01,7.797822832415006289e+00
4.156901971991997868e+01,8.070326408509409077e+00
4.158902543583881339e+01,8.679277094242854318e+00
4.160903115175764810e+01,8.656686987727741922e+00
4.162903686767647571e+01,1.013088971118378723e+01
4.164904258359531752e+01,1.007714197777609400e+01
4.166904829951414513e+01,1.124091314261119834e+01
4.168905401543298694e+01,1.028902553234010320e+01
4.170905973135181455e+01,1.130789208980099936e+01
4.172906544727064926e+01,1.253154374225665180e+01
4.174907116318948397e+01,1.210809004035700909e+01
4.176907687910831868e+01,1.276135158757170451e+01
4.178908259502715339e+01,1.375197240737517568e+01
4.180908831094598810e+01,1.312043321046495592e+01
4.182909402686482281e+01,1.386763236240365593e+01
4.184909974278365041e+01,1.432887532216789062e+01
4.186910545870249223e+01,1.452963894889942509e+01
4.188911117462131983e+01,1.449476396696744906e+01
4.190911689054015454e+01,1.488521146312275611e+01
4.192912260645898925e+01,1.432353201555709177e+01
4.194912832237782396e+01,1.401100792223588165e+01
4.196913403829665867e+01,1.417127224905967608e+01
4.198913975421549338e+01,1.455236852860218377e+01
4.200914547013432809e+01,1.470886392225709471e+01
4.202915118605316280e+01,1.328949677407902108e+01
4.204915690197199041e+01,1.371292312912657785e+01
4.206916261789082512e+01,1.171448250144202241e+01
4.208916833380965983e+01,1.182882553267625880e+01
4.210917404972849454e+01,1.028601834538752513e+01
4.212917976564732925e+01,1.060363935561323778e+01
4.214918548156616396e+01,1.022574141868342146e+01
4.216919119748499867e+01,8.410285765298782579e+00
4.218919691340383338e+01,7.859780601214282569e+00
4.220920262932266809e+01,7.545525521896323085e+00
4.222920834524150280e+01,7.181610459596946328e+00
4.224921406116033040e+01,6.349994800460881272e+00
4.226921977707916511e+01,5.729289892981372034e+00
4.228922549299799982e+01,6.396411037219395190e+00
4.230923120891683453e+01,5.906173609901935073e+00
4.232923692483566924e+01,6.002443901729927589e+00
4.234924264075450395e+01,4.686832794156812199e+00
4.236924835667333866e+01,5.339073996204813710e+00
4.238925407259217337e+01,5.140190481623481134e+00
4.240925978851100808e+01,5.641361704168584623e+00
4.242926550442983569e+01,5.444580885010285698e+00
4.244927122034867040e+01,5.954269969598303902e+00
4.246927693626750511e+01,5.102252358106443175e+00
4.248928265218633982e+01,5.160480413217952034e+00
4.250928836810517453e+01,6.249465411706681905e+00
4.252929408402400924e+01,6.346645282040696223e+00
4.254929979994284395e+01,6.821196425199225644e+00
4.256930551586167866e+01,6.377152248618029873e+00
4.258931123178051337e+01,6.721214492384124384e+00
4.260931694769934097e+01,6.980864032297475319e+00
4.262932266361817568e+01,7.234198311201389231e+00
4.264932837953701039e+01,8.094670576935328654e+00
4.266933409545584510e+01,8.815521661691313682e+00
4.268933981137467981e+01,8.562100152486056714e+00
4.270934552729351452e+01,8.582609411321325155e+00
4.272935124321234923e+01,9.379057835168293167e+00
4.274935695913118394e+01,9.460865571529309292e+00
4.276936267505001865e+01,9.669426656920078855e+00
4.278936839096885336e+01,1.002647959032724856e+01
4.280937410688768097e+01,1.107845459108781228e+01
4.282937982280651568e+01,1.043685878136840728e+01
4.284938553872535039e+01,1.012370284631855455e+01
4.286939125464418510e+01,1.028700485130573838e+01
4.288939697056301981e+01,9.419889338383095279e+00
4.290940268648185452e+01,1.017764365562591600e+01
4.292940840240068923e+01,9.080311255088348688e+00
4.294941411831952394e+01,8.961446733488694250e+00
4.296941983423835865e+01,8.609679479683423509e+00
4.298942555015718625e+01,8.579090960972843405e+00
4.300943126607602096e+01,8.322647976704383055e+00
4.302943698199485567e+01,8.259091212107689373e+00
4.304944269791369038e+01,7.600596440672182652e+00
4.306944841383252509e+01,7.059499779943475772e+00
4.308945412975135980e+01,7.376067110129095994e+00
4.310945984567019451e+01,7.142550370726919340e+00
4.312946556158902922e+01,6.741701746829303232e+00
4.314947127750786393e+01,6.133771619429762012e+00
4.316947699342669864e+01,6.135338392241145300e+00
4.318948270934552625e+01,7.139354399977266397e+00
4.320948842526436096e+01,6.605987186389656429e+00
4.322949414118319567e+01,6.752042426607682835e+00
4.324949985710203038e+01,7.213801434857481709e+00
4.326950557302086509e+01,7.043339712915344997e+00
4.328951128893969980e+01,6.745896545486502305e+00
4.330951700485853451e+01,7.440324071432364406e+00
4.332952272077736922e+01,7.222700252505137364e+00
4.334952843669620393e+01,6.976958742477854969e+00
4.336953415261503153e+01,7.539597633517200137e+00
4.338953986853386624e+01,7.516740898990809328e+00
4.340954558445270095e+01,7.383897515577796611e+00
4.342955130037153566e+01,8.653849838377027481e+00
4.344955701629037037e+01,8.191211086881994063e+00
4.346956273220920508e+01,9.434431354603017184e+00
4.348956844812803979e+01,9.403484132221906933e+00
4.350957416404687450e+01,1.002142377792280215e+01
4.352957987996570921e+01,1.031162517719922711e+01
4.354958559588453681e+01,1.000550057094125123e+01
4.356959131180337153e+01,1.157269023147018139e+01
4.358959702772220624e+01,1.150247744431851338e+01
4.360960274364104095e+01,1.207556013881476709e+01
4.362960845955987566e+01,1.198232624946153635e+01
4.364961417547871037e+01,1.144121940837148443e+01
4.366961989139754508e+01,1.244860574520412300e+01
4.368962560731637979e+01,1.266631057907541269e+01
4.370963132323521450e+01,1.172146140844263584e+01
4.372963703915404921e+01,1.237460589246193976e+01
4.374964275507287681e+01,1.133365534374777184e+01
4.376964847099171152e+01,1.118107728129635170e+01
4.378965418691054623e+01,1.044226496611478794e+01
4.380965990282938094e+01,9.879484196549276120e+00
4.382966561874821565e+01,9.641994672392955934e+00
4.384967133466705036e+01,8.941827740345615894e+00
4.386967705058588507e+01,8.782122158377429599e+00
4.388968276650471978e+01,8.974561447374858503e+00
4.390968848242355449e+01,8.575155164098385185e+00
4.392969419834238209e+01,8.014035382485175774e+00
4.394969991426121680e+01,7.652838290548677591e+00
4.396970563018005151e+01,6.720061825406533629e+00
4.398971134609888622e+01,7.778633557416258171e+00
4.400971706201772093e+01,7.152987434040637638e+00
4.402972277793655564e+01,7.258756960784470635e+00
4.404972849385539035e+01,7.147553556170506361e+00
4.406973420977422506e+01,6.781677797850617750e+00
4.408973992569305977e+01,6.775750573839559365e+00
4.410974564161189448e+01,6.955037183871146667e+00
4.412975135753072209e+01,6.597554207658524739e+00
4.414975707344955680e+01,6.749667731366781886e+00
4.416976278936839151e+01,6.943488125520048015e+00
4.418976850528722622e+01,7.101579624361559873e+00
4.420977422120606093e+01,6.581574421714768697e+00
4.422977993712489564e+01,5.868232528270205250e+00
4.424978565304373035e+01,5.995491524251264082e+00
4.426979136896256506e+01,5.845389473028633986e+00
4.428979708488139977e+01,5.877793587205104586e+00
4.430980280080022737e+01,5.952960224053883920e+00
4.432980851671906208e+01,5.054825567857800905e+00
4.434981423263789679e+01,6.293564942081350644e+00
4.436981994855673150e+01,5.464532138158844532e+00
4.438982566447556621e+01,5.177399045227366159e+00
4.440983138039440092e+01,4.868178610175172061e+00
4.442983709631323563e+01,4.974993962601715225e+00
4.444984281223207034e+01,4.327809881283108062e+00
4.446984852815090505e+01,4.527837394116710712e+00
4.448985424406973266e+01,4.381651570252411254e+00
4.450985995998856737e+01,4.424009915555052075e+00
4.452986567590740208e+01,3.839464997371206945e+00
4.454987139182623679e+01,4.209374537672271543e+00
4.456987710774507150e+01,3.857721588260220269e+00
4.458988282366390621e+01,4.210524368913937998e+00
4.460988853958274092e+01,4.308632314125945939e+00
4.462989425550157563e+01,4.468666650746435209e+00
4.464989997142041034e+01,4.018164178739014325e+00
4.466990568733924505e+01,4.198268856418930994e+00
4.468991140325807265e+01,3.833661148171693789e+00
4.470991711917690736e+01,4.446203115744645551e+00
4.472992283509574207e+01,5.110088955846922687e+00
4.474992855101457678e+01,3.705933547899529223e+00
4.476993426693341149e+01,4.454571357846669244e+00
4.478993998285224620e+01,4.437908182056242268e+00
4.480994569877108091e+01,5.462345862988456702e+00
4.482995141468991562e+01,5.194795471976277668e+00
4.484995713060875033e+01,5.450702854164932276e+00
4.486996284652757794e+01,4.466225835941619593e+00
4.488996856244641265e+01,5.256231908089603166e+00
4.490997427836524736e+01,5.075874443860247887e+00
4.492997999428408207e+01,5.058914921044144641e+00
4.494998571020291678e+01,4.767951956205578767e+00
4.496999142612175149e+01,5.665272135550333488e+00
4.498999714204058620e+01,6.059547201418190809e+00
4.501000285795942091e+01,5.945692219503337483e+00
4.503000857387825562e+01,4.866667459524167683e+00
4.505001428979709033e+01,5.302506026425231056e+00
4.507002000571591793e+01,6.121269034711938950e+00
4.509002572163475264e+01,6.026394587045364126e+00
4.511003143755358735e+01,6.267350489073709952e+00
4.513003715347242206e+01,5.949751173252499470e+00
4.515004286939125677e+01,5.408692724284961173e+00
4.517004858531009148e+01,5.719205080235461480e+00
4.519005430122892619e+01,5.499653637027448028e+00
4.521006001714776090e+01,5.057722438428411849e+00
4.523006573306659561e+01,5.862242392627670995e+00
4.525007144898542322e+01,4.833335572912266898e+00
4.527007716490425793e+01,4.627294176887603250e+00
4.529008288082309264e+01,5.318403779934808284e+00
4.531008859674192735e+01,5.047653683407325786e+00
4.533009431266076206e+01,4.693950979787517852e+00
4.535010002857959677e+01,4.933389617384524861e+00
4.537010574449843148e+01,4.888141268171928289e+00
4.539011146041726619e+01,4.754508690252601255e+00
4.541011717633610090e+01,4.300403789960745016e+00
4.543012289225492850e+01,4.676503707857702530e+00
4.545012860817376321e+01,4.215338231816225800e+00
4.547013432409259792e+01,4.469556558260540768e+00
4.549014004001143263e+01,3.534798077282338635e+00
4.551014575593026734e+01,3.195747529421606004e+00
4.553015147184910205e+01,3.441181052017625586e+00
4.555015718776793676e+01,3.662287969302910007e+00
4.557016290368677147e+01,3.386714812625474025e+00
4.559016861960560618e+01,3.759195927092739531e+00
4.561017433552444089e+01,3.259742862687300402e+00
4.563018005144326850e+01,3.695433917754314290e+00
4.565018576736210321e+01,4.321580872195760037e+00
4.567019148328093792e+01,3.587086907106823652e+00
4.569019719919977263e+01,4.363185298069471862e+00
4.571020291511860734e+01,3.599066013675421338e+00
4.573020863103744205e+01,3.958393164211148729e+00
4.575021434695627676e+01,3.875419675938704955e+00
4.577022006287511147e+01,3.706498973821604537e+00
4.579022577879394618e+01,4.202355677273572176e+00
4.581023149471277378e+01,3.898347069645813789e+00
4.583023721063160849e+01,4.984460465631360471e+00
4.585024292655044320e+01,4.484094039578876867e+00
4.587024864246927791e+01,4.493084319529500270e+00
4.589025435838811262e+01,4.051822630465475861e+00
4.591026007430694733e+01,4.237703997036383896e+00
4.593026579022578204e+01,5.092082903764606705e+00
4.595027150614461675e+01,4.943134067859496383e+00
4.597027722206345146e+01,5.055724110755406286e+00
4.599028293798228617e+01,5.108327174008264748e+00
4.601028865390111378e+01,5.121744912280911777e+00
4.603029436981994849e+01,4.394803237517197481e+00
4.605030008573878320e+01,4.655725773346663487e+00
4.607030580165761791e+01,4.839848206447012302e+00
4.609031151757645262e+01,6.026675443857680392e+00
4.611031723349528733e+01,5.224371472982454634e+00
4.613032294941412204e+01,5.722620392436093439e+00
4.615032866533295675e+01,6.257439285888247049e+00
4.617033438125179146e+01,6.287421708296319522e+00
4.619034009717061906e+01,5.250890168182467121e+00
4.621034581308945377e+01,5.586912919409250833e+00
4.623035152900828848e+01,5.966700890924936829e+00
4.625035724492712319e+01,6.180371701591900191e+00
4.627036296084595790e+01,6.166988118303535771e+00
4.629036867676479261e+01,5.539823099174538079e+00
4.631037439268362732e+01,6.145194407636870970e+00
4.633038010860246203e+01,5.447739747721413117e+00
4.635038582452129674e+01,5.278473786711591842e+00
4.637039154044012434e+01,5.803447210195979089e+00
4.639039725635895905e+01,6.650278805630156498e+00
4.641040297227779376e+01,6.304143444948003605e+00
4.643040868819662847e+01,6.951340628582802772e+00
4.645041440411546319e+01,5.964040923048106180e+00
4.647042012003429790e+01,6.094224230186099156e+00
4.649042583595313261e+01,6.659905516789960345e+00
4.651043155187196732e+01,5.983348377360922399e+00
4.653043726779080203e+01,5.568374207353419258e+00
4.655044298370963674e+01,6.167481931720613986e+00
4.657044869962846434e+01,6.376445214561138997e+00
4.659045441554729905e+01,5.899373476416475803e+00
4.661046013146613376e+01,6.267747465199484225e+00
4.663046584738496847e+01,6.198123393974716677e+00
4.665047156330380318e+01,6.505791452705023126e+00
4.667047727922263789e+01,5.924721660410128266e+00
4.669048299514147260e+01,6.833249684848228256e+00
4.671048871106030731e+01,6.714408916792745430e+00
4.673049442697914202e+01,7.864934397268081412e+00
4.675050014289796962e+01,7.937579423742270102e+00
4.677050585881680433e+01,8.526402015163885295e+00
4.679051157473563904e+01,8.185051960941430949e+00
4.681051729065447375e+01,9.596783993104621047e+00
4.683052300657330846e+01,8.905309603894806969e+00
4.685052872249214317e+01,1.014986683597729566e+01
4.687053443841097788e+01,1.040579208018205648e+01
4.689054015432981259e+01,1.060094184758523284e+01
4.691054587024864730e+01,1.174561943280919962e+01
4.693055158616748201e+01,1.200675382618865328e+01
4.695055730208630962e+01,1.317772130827020050e+01
4.697056301800514433e+01,1.306096389999678209e+01
4.699056873392397904e+01,1.425372382009776828e+01
4.701057444984281375e+01,1.392870572093060844e+01
4.703058016576164846e+01,1.421497359864947008e+01
4.705058588168048317e+01,1.344203185177844873e+01
4.707059159759931788e+01,1.412823123139825476e+01
4.709059731351815259e+01,1.401436997298015541e+01
4.711060302943698730e+01,1.301586874943326499e+01
4.713060874535581490e+01,1.281272875206011364e+01
4.715061446127464961e+01,1.306800054268825484e+01
4.717062017719348432e+01,1.219250821625478665e+01
4.719062589311231903e+01,1.108036936896319880e+01
4.721063160903115374e+01,1.012992709466544738e+01
4.723063732494998845e+01,1.012130809563114298e+01
4.725064304086882316e+01,8.538602045898411319e+00
4.727064875678765787e+01,7.704770342954123663e+00
4.729065447270649258e+01,7.341503075554747682e+00
4.731066018862532019e+01,6.969564324095811614e+00
4.733066590454415490e+01,7.173377901751746499e+00
4.735067162046298961e+01,6.292700452422938184e+00
4.737067733638182432e+01,5.892028339872796394e+00
4.739068305230065903e+01,5.185761465130182657e+00
4.741068876821949374e+01,5.473651125503900872e+00
4.743069448413832845e+01,5.702765784342753719e+00
4.745070020005716316e+01,5.250271128036400725e+00
4.747070591597599787e+01,5.085029845373245649e+00
4.749071163189483258e+01,5.475824243331613772e+00
4.751071734781366018e+01,5.375852152510393722e+00
4.753072306373249489e+01,5.335166678022021713e+00
4.755072877965132960e+01,4.541241267358747002e+00
4.757073449557016431e+01,4.832372426997693537e+00
4.759074021148899902e+01,5.301356689913543363e+00
4.761074592740783373e+01,4.841703483530135799e+00
4.763075164332666844e+01,4.811020964796092869e+00
4.765075735924550315e+01,4.671547144781737160e+00
4.767076307516433786e+01,4.830693610588886244e+00
4.769076879108316547e+01,4.718756093364947724e+00
4.771077450700200018e+01,3.916704616505603198e+00
4.773078022292083489e+01,4.884702471693143977e+00
4.775078593883966960e+01,4.132747423652331165e+00
4.777079165475850431e+01,4.249361229590434164e+00
4.779079737067733902e+01,5.328435737626017854e+00
4.781080308659617373e+01,4.862717808568676858e+00
4.783080880251500844e+01,4.382262285875754060e+00
4.785081451843384315e+01,4.091412685203618338e+00
4.787082023435267075e+01,4.944457616626157126e+00
4.789082595027150546e+01,4.641294815616738845e+00
4.791083166619034017e+01,5.311920323850952030e+00
4.793083738210917488e+01,5.011909026293739799e+00
4.795084309802800959e+01,4.933167351342647500e+00
4.797084881394684430e+01,5.483617196920492987e+00
4.799085452986567901e+01,6.249121277509820160e+00
4.801086024578451372e+01,6.190116339674018420e+00
4.803086596170334843e+01,6.477931056974780333e+00
4.805087167762218314e+01,6.636417105431534402e+00
4.807087739354101075e+01,6.897914997830827843e+00
4.809088310945984546e+01,7.938499583704954787e+00
4.811088882537868017e+01,8.765931489004609389e+00
4.813089454129751488e+01,9.140350183963672492e+00
4.815090025721634959e+01,9.213829089577238562e+00
4.817090597313518430e+01,9.995617232108207517e+00
4.819091168905401901e+01,1.028743267036244546e+01
4.821091740497285372e+01,1.106480665614797942e+01
4.823092312089168843e+01,1.224547629727349474e+01
4.825092883681051603e+01,1.296519434050177821e+01
4.827093455272935074e+01,1.330503026896687757e+01
4.829094026864818545e+01,1.490455316093336791e+01
4.831094598456702016e+01,1.620495676593794343e+01
4.833095170048585487e+01,1.645581383202919312e+01
4.835095741640468958e+01,1.684131593659905590e+01
4.837096313232352429e+01,1.753314097549125350e+01
4.839096884824235900e+01,1.835726011827846449e+01
4.841097456416119371e+01,1.790809824870646949e+01
4.843098028008002842e+01,1.713084458786683228e+01
4.845098599599885603e+01,1.712785213242441174e+01
4.847099171191769074e+01,1.793283595989499801e+01
4.849099742783652545e+01,1.688948057263131375e+01
4.851100314375536016e+01,1.659021215154390916e+01
4.853100885967419487e+01,1.658651798184422432e+01
4.855101457559302958e+01,1.487596857441139520e+01
4.857102029151186429e+01,1.493471249845082305e+01
4.859102600743069900e+01,1.476352199946075672e+01
4.861103172334953371e+01,1.427265925928814028e+01
4.863103743926836131e+01,1.332330767129182370e+01
4.865104315518719602e+01,1.341885899549274441e+01
4.867104887110603073e+01,1.403477489228380648e+01
4.869105458702486544e+01,1.306830304933433418e+01
4.871106030294370015e+01,1.370372282466045277e+01
4.873106601886253486e+01,1.331260402696646850e+01
4.875107173478136957e+01,1.321197463296868335e+01
4.877107745070020428e+01,1.303671043159528153e+01
4.879108316661903899e+01,1.133273283127065945e+01
4.881108888253786660e+01,1.160495389227414798e+01
4.883109459845670131e+01,1.157886444715197349e+01
4.885110031437553602e+01,1.111559819167174545e+01
4.887110603029437073e+01,1.081870553633611465e+01
4.889111174621320544e+01,1.052116194037850150e+01
4.891111746213204015e+01,1.079755221855261382e+01
4.893112317805087486e+01,1.008714150343325855e+01
4.895112889396970957e+01,1.068574369339620844e+01
4.897113460988854428e+01,9.723203933782002650e+00
4.899114032580737899e+01,9.741822017778945408e+00
4.901114604172620659e+01,9.069820817063117602e+00
4.903115175764504130e+01,9.513409672353386526e+00
4.905115747356387601e+01,9.789998609234352500e+00
4.907116318948271072e+01,9.431977160052607445e+00
4.909116890540154543e+01,8.434293093143342190e+00
4.911117462132038014e+01,9.476237611974951847e+00
4.913118033723921485e+01,8.456855517062132677e+00
4.915118605315804956e+01,8.317867327530484189e+00
4.917119176907688427e+01,7.523944582167629846e+00
4.919119748499571187e+01,7.949789689498454770e+00
4.921120320091454658e+01,6.392368256035606322e+00
4.923120891683338129e+01,7.390811984184868066e+00
4.925121463275221600e+01,6.494356898477582796e+00
4.927122034867105071e+01,6.018830583971300108e+00
4.929122606458988542e+01,5.779970436072202844e+00
4.931123178050872014e+01,5.026107753740356898e+00
4.933123749642755485e+01,4.893117715292730985e+00
4.935124321234638956e+01,5.129838935907883091e+00
4.937124892826522427e+01,4.564678713461320925e+00
4.939125464418405187e+01,4.852056924630584689e+00
4.941126036010288658e+01,4.650428083591445549e+00
4.943126607602172129e+01,4.002006551623566999e+00
4.945127179194055600e+01,4.980177710409707359e+00
4.947127750785939071e+01,4.176053123402413192e+00
4.949128322377822542e+01,4.239156018103986234e+00
4.951128893969706013e+01,4.114033018013489418e+00
4.953129465561589484e+01,4.689438989308449379e+00
4.955130037153472955e+01,4.041324663349598723e+00
4.957130608745355715e+01,4.642771893001994776e+00
4.959131180337239186e+01,4.215445404992892442e+00
4.961131751929122657e+01,4.687936300141433144e+00
4.963132323521006128e+01,4.794350043355082747e+00
4.965132895112889599e+01,5.197636968274601088e+00
4.967133466704773070e+01,6.306505596893095422e+00
4.969134038296656541e+01,6.413945248755277717e+00
4.971134609888540012e+01,6.441162032963710260e+00
4.973135181480423483e+01,6.895839865484622244e+00
4.975135753072306244e+01,6.441841702420491700e+00
4.977136324664189715e+01,7.282456944130847987e+00
4.979136896256073186e+01,7.486154620355884859e+00
4.981137467847956657e+01,8.774290786387911822e+00
4.983138039439840128e+01,9.328259976128197906e+00
4.985138611031723599e+01,1.039064371037959056e+01
4.987139182623607070e+01,1.068140039729777691e+01
4.989139754215490541e+01,1.144598387401739714e+01
4.991140325807374012e+01,1.131559553140508534e+01
4.993140897399257483e+01,1.324703291255868720e+01
4.995141468991140243e+01,1.366035057834459998e+01
4.997142040583023714e+01,1.374635760665661266e+01
4.999142612174907185e+01,1.445931374069108877e+01
5.001143183766790656e+01,1.579442010763838056e+01
5.003143755358674127e+01,1.592879715761986326e+01
5.005144326950557598e+01,1.646875692567185112e+01
5.007144898542441069e+01,1.701092488167606476e+01
5.009145470134324540e+01,1.662468931097222580e+01
5.011146041726208011e+01,1.629255832706442675e+01
5.013146613318090772e+01,1.576697770344721405e+01
5.015147184909974243e+01,1.572347933678884502e+01
5.017147756501857714e+01,1.483635986303873189e+01
5.019148328093741185e+01,1.446373537743335902e+01
5.021148899685624656e+01,1.384029459562047037e+01
5.023149471277508127e+01,1.291221553776731312e+01
5.025150042869391598e+01,1.165885992820934547e+01
5.027150614461275069e+01,1.159088935012172783e+01
5.029151186053158540e+01,1.085605116870557652e+01
5.031151757645042011e+01,1.032858474188968678e+01
5.033152329236924771e+01,9.107838888574303127e+00
5.035152900828808242e+01,9.751952346731648902e+00
5.037153472420691713e+01,8.953374179166651459e+00
5.039154044012575184e+01,8.604343596651114368e+00
5.041154615604458655e+01,8.464367505651980039e+00
5.043155187196342126e+01,7.553383581779564260e+00
5.045155758788225597e+01,8.191533629747100420e+00
5.047156330380109068e+01,7.285455680182339577e+00
5.049156901971992539e+01,7.648484665453270992e+00
5.051157473563875300e+01,7.785728742291402327e+00
5.053158045155758771e+01,7.530000668661503305e+00
5.055158616747642242e+01,6.748027826177656507e+00
5.057159188339525713e+01,7.033208099745461794e+00
5.059159759931409184e+01,6.692302397095507338e+00
5.061160331523292655e+01,6.042472034763301636e+00
5.063160903115176126e+01,6.081899714391497014e+00
5.065161474707059597e+01,5.990913155385490185e+00
5.067162046298943068e+01,4.725887449094208215e+00
5.069162617890825828e+01,5.161514446050657234e+00
5.071163189482709299e+01,5.345287134075745072e+00
5.073163761074592770e+01,5.299262795928187053e+00
5.075164332666476241e+01,5.514823632687216204e+00
5.077164904258359712e+01,5.249433348785931486e+00
5.079165475850243183e+01,5.056329104457098822e+00
5.081166047442126654e+01,5.649814062093556188e+00
5.083166619034010125e+01,5.855330407414326643e+00
5.085167190625893596e+01,6.211054093417001098e+00
5.087167762217777067e+01,6.610645330707786371e+00
5.089168333809659828e+01,7.488594200196846629e+00
5.091168905401543299e+01,7.296934270775318865e+00
5.093169476993426770e+01,7.562617081224225046e+00
5.095170048585310241e+01,7.260084340366247169e+00
5.097170620177193712e+01,8.367639630532748285e+00
5.099171191769077183e+01,8.254207796324742219e+00
5.101171763360960654e+01,8.601045705159929611e+00
5.103172334952844125e+01,9.086411564448427569e+00
5.105172906544727596e+01,1.028960841519498182e+01
5.107173478136610356e+01,1.029852340658954724e+01
5.109174049728493827e+01,9.509986357508005028e+00
5.111174621320377298e+01,9.381744615340998905e+00
5.113175192912260769e+01,9.985461615804489099e+00
5.115175764504144240e+01,9.812831228910884107e+00
5.117176336096027711e+01,9.631388539469886823e+00
5.119176907687911182e+01,1.014224131359703485e+01
5.121177479279794653e+01,9.188559131580783301e+00
5.123178050871678124e+01,8.829609167840068551e+00
5.125178622463561595e+01,9.920960620860650891e+00
5.127179194055444356e+01,9.866321945109813640e+00
5.129179765647327827e+01,9.468846325771156813e+00
5.131180337239211298e+01,8.612879053453482925e+00
5.133180908831094769e+01,9.665262578024881535e+00
5.135181480422978240e+01,9.836186279203037230e+00
5.137182052014861711e+01,1.018160362361360960e+01
5.139182623606745182e+01,1.097290902718537708e+01
5.141183195198628653e+01,1.107164063691703149e+01
5.143183766790512124e+01,1.151048043721024072e+01
5.145184338382394884e+01,1.135733600249021613e+01
5.147184909974278355e+01,1.193539546334216972e+01
5.149185481566161826e+01,1.153757637698396721e+01
5.151186053158045297e+01,1.219264971127314467e+01
5.153186624749928768e+01,1.220035889126521766e+01
5.155187196341812239e+01,1.238521885593301519e+01
5.157187767933695710e+01,1.247853315169918886e+01
5.159188339525579181e+01,1.390542072276992158e+01
5.161188911117462652e+01,1.302979443700038686e+01
5.163189482709345413e+01,1.428738730807789992e+01
5.165190054301228884e+01,1.476362366074525134e+01
5.167190625893112355e+01,1.566885160282585865e+01
5.169191197484995826e+01,1.699374235089825547e+01
5.171191769076879297e+01,1.684549841388043490e+01
5.173192340668762768e+01,1.864285095200115805e+01
5.175192912260646239e+01,1.974970156577245461e+01
5.177193483852529710e+01,2.154322418363851455e+01
5.179194055444413181e+01,2.296543222568358544e+01
5.181194627036296652e+01,2.414115188860250072e+01
5.183195198628179412e+01,2.514212394825757357e+01
5.185195770220062883e+01,2.702917242641700568e+01
5.187196341811946354e+01,2.852328006786186165e+01
5.189196913403829825e+01,2.947081804263026328e+01
5.191197484995713296e+01,2.989910633935395623e+01
5.193198056587596767e+01,3.028286674289653746e+01
5.195198628179480238e+01,3.057760812807155304e+01
5.197199199771363709e+01,3.048390373808148723e+01
5.199199771363247180e+01,2.940861932973142601e+01
5.201200342955129940e+01,2.941692583663987648e+01
5.203200914547013411e+01,2.786519691879486160e+01
5.205201486138896882e+01,2.694685590588369450e+01
5.207202057730780353e+01,2.515874448597371682e+01
5.209202629322663824e+01,2.397143052991348711e+01
5.211203200914547295e+01,2.237122220310357434e+01
5.213203772506430766e+01,2.042902776205054494e+01
5.215204344098314237e+01,1.825124740503708409e+01
5.217204915690197708e+01,1.768730771718677985e+01
5.219205487282081180e+01,1.619124214936401884e+01
5.221206058873963940e+01,1.558605340494793090e+01
5.223206630465847411e+01,1.399212860881776166e+01
5.225207202057730882e+01,1.277571535093119870e+01
5.227207773649614353e+01,1.208051274921115592e+01
5.229208345241497824e+01,1.109847307402177385e+01
5.231208916833381295e+01,1.021494469479289435e+01
5.233209488425264766e+01,9.163984352133773825e+00
5.235210060017148237e+01,9.280966246087606564e+00
5.237210631609031708e+01,8.896114612301303737e+00
5.239211203200914468e+01,8.388252491163292746e+00
5.241211774792797939e+01,7.653708286415122686e+00
5.243212346384681410e+01,7.444177199461080363e+00
5.245212917976564881e+01,7.410220112982372598e+00
5.247213489568448352e+01,6.974879370475035145e+00
5.249214061160331823e+01,6.789594145912431600e+00
5.251214632752215294e+01,6.909525892267694758e+00
5.253215204344098765e+01,5.916847197808870362e+00
5.255215775935982236e+01,5.716917566853306099e+00
5.257216347527864997e+01,5.832939473730596625e+00
5.259216919119748468e+01,4.924050860436693711e+00
5.261217490711631939e+01,5.756492179113741336e+00
5.263218062303515410e+01,5.575634176389858254e+00
5.265218633895398881e+01,4.804801092062602308e+00
5.267219205487282352e+01,5.095424291684733653e+00
5.269219777079165823e+01,5.868876630092753288e+00
5.271220348671049294e+01,4.907055125083006786e+00
5.273220920262932765e+01,4.471813631001850808e+00
5.275221491854816236e+01,5.279579008628365600e+00
5.277222063446698996e+01,5.331948786704719723e+00
5.279222635038582467e+01,5.714672614201784739e+00
5.281223206630465938e+01,6.144151932183802955e+00
5.283223778222349409e+01,5.363145527333530005e+00
5.285224349814232880e+01,5.780463215819152012e+00
5.287224921406116351e+01,7.107401607832354529e+00
5.289225492997999822e+01,7.055662820196139329e+00
5.291226064589883293e+01,6.341964227871612181e+00
5.293226636181766764e+01,7.156979276557892788e+00
5.295227207773649525e+01,7.559026271905339378e+00
5.297227779365532996e+01,7.574862073971467602e+00
5.299228350957416467e+01,7.883076845911382691e+00
5.301228922549299938e+01,8.063907921132967616e+00
5.303229494141183409e+01,7.723398613208241059e+00
5.305230065733066880e+01,8.146205679378233810e+00
5.307230637324950351e+01,8.995566557017308895e+00
5.309231208916833822e+01,8.657918812627659833e+00
5.311231780508717293e+01,8.672604095051493545e+00
5.313232352100600764e+01,8.207257477682823321e+00
5.315232923692483524e+01,8.636374348351735009e+00
5.317233495284366995e+01,8.581407932534109051e+00
5.319234066876250466e+01,9.189058616374342847e+00
5.321234638468133937e+01,8.493129292269305353e+00
5.323235210060017408e+01,8.534835214309053342e+00
5.325235781651900879e+01,8.446682120891527035e+00
5.327236353243784350e+01,8.323062670024320653e+00
5.329236924835667821e+01,8.379623181802205778e+00
5.331237496427551292e+01,8.125895499049738291e+00
5.333238068019434053e+01,8.331003611894530536e+00
5.335238639611317524e+01,9.047548207918975294e+00
5.337239211203200995e+01,8.042762942606143994e+00
5.339239782795084466e+01,8.380032385129661421e+00
5.341240354386967937e+01,9.065812493004152373e+00
5.343240925978851408e+01,8.272274912662933133e+00
5.345241497570734879e+01,8.540889880890929931e+00
5.347242069162618350e+01,8.478460452963307858e+00
5.349242640754501821e+01,8.533847299420964205e+00
5.351243212346384581e+01,8.895261531006106281e+00
5.353243783938268052e+01,8.501087561666219372e+00
5.355244355530151523e+01,7.774870758259771364e+00
5.357244927122034994e+01,8.793030023863327216e+00
5.359245498713918465e+01,7.738015227889704306e+00
5.361246070305801936e+01,7.593530919007519309e+00
5.363246641897685407e+01,7.338731001537226462e+00
5.365247213489568878e+01,6.882104025370667344e+00
5.367247785081452349e+01,6.744243266746728693e+00
5.369248356673335820e+01,6.671099895295490967e+00
5.371248928265218581e+01,5.950789079556631833e+00
5.373249499857102052e+01,6.188101699208623074e+00
5.375250071448985523e+01,6.095136283615603112e+00
5.377250643040868994e+01,5.987512759188700073e+00
5.379251214632752465e+01,5.053069937267785861e+00
5.381251786224635936e+01,5.364594814217904961e+00
5.383252357816519407e+01,5.617647109898924462e+00
5.385252929408402878e+01,6.100881071442117332e+00
5.387253501000286349e+01,4.531911531419170025e+00
5.389254072592169109e+01,5.616549350689743036e+00
5.391254644184052580e+01,5.411714792482857028e+00
5.393255215775936051e+01,5.712227591816573025e+00
5.395255787367819522e+01,6.066007978665719058e+00
5.397256358959702993e+01,5.904281894636339345e+00
5.399256930551586464e+01,5.412919806207453277e+00
5.401257502143469935e+01,5.058378714657587594e+00
5.403258073735353406e+01,5.728614239200188862e+00
5.405258645327236877e+01,5.692528772088865097e+00
5.407259216919120348e+01,5.674651563418739109e+00
5.409259788511003109e+01,5.672290872406808404e+00
5.411260360102886580e+01,5.842120252477204012e+00
5.413260931694770051e+01,6.049086189614077291e+00
5.415261503286653522e+01,6.172950988717319731e+00
5.417262074878536993e+01,5.429815893408811434e+00
5.419262646470420464e+01,5.097781002922985749e+00
5.421263218062303935e+01,5.551245568627040328e+00
5.423263789654187406e+01,5.660852345219039350e+00
5.425264361246070877e+01,5.495886989273035539e+00
5.427264932837953637e+01,5.065256361448501110e+00
5.429265504429837108e+01,4.799203153400514843e+00
5.431266076021720579e+01,4.968735620879589199e+00
5.433266647613604050e+01,5.111537716233753414e+00
5.435267219205487521e+01,4.991147116444418330e+00
5.437267790797370992e+01,4.942548097714360544e+00
5.439268362389254463e+01,4.107307400706638134e+00
5.441268933981137934e+01,4.417379153161350658e+00
5.443269505573021405e+01,4.431066926192103850e+00
5.445270077164904166e+01,4.685819737259733664e+00
5.447270648756787637e+01,4.405906320865798698e+00
5.449271220348671108e+01,4.962283226081659393e+00
5.451271791940554579e+01,5.609470252584332073e+00
5.453272363532438050e+01,4.937039863741196299e+00
5.455272935124321521e+01,5.344446524185405778e+00
5.457273506716204992e+01,4.735344235727019679e+00
5.459274078308088463e+01,5.182725115670674398e+00
5.461274649899971934e+01,5.244813276836827853e+00
5.463275221491855405e+01,5.503545238294774933e+00
5.465275793083738165e+01,6.066204133146994693e+00
5.467276364675621636e+01,5.782472988256804669e+00
5.469276936267505107e+01,6.259620430870315388e+00
5.471277507859388578e+01,7.123776596019955498e+00
5.473278079451272049e+01,6.956439197225839699e+00
5.475278651043155520e+01,6.369296394054684285e+00
5.477279222635038991e+01,7.707118694887286736e+00
5.479279794226922462e+01,6.726987507178270320e+00
5.481280365818805933e+01,6.692838370605882048e+00
5.483280937410688693e+01,6.978026210767733772e+00
5.485281509002572164e+01,7.369487772983823071e+00
5.487282080594455635e+01,6.297058111382845880e+00
5.489282652186339106e+01,6.530838102229964193e+00
5.491283223778222577e+01,5.996379691116654698e+00
5.493283795370106048e+01,6.097832602568752591e+00
5.495284366961989519e+01,5.252361309056686522e+00
5.497284938553872990e+01,5.202312744779533205e+00
5.499285510145756461e+01,5.598347649958494543e+00
5.501286081737639222e+01,5.103134332725053568e+00
5.503286653329522693e+01,4.686579022582294307e+00
5.505287224921406164e+01,4.851481594712525158e+00
5.507287796513289635e+01,5.165118269676693075e+00
5.509288368105173106e+01,4.778469374984449125e+00
5.511288939697056577e+01,4.545131056163396188e+00
5.513289511288940048e+01,4.882972527287136266e+00
5.515290082880823519e+01,4.285832285759259008e+00
5.517290654472706990e+01,3.387327619537141565e+00
5.519291226064590461e+01,3.257998884136155127e+00
5.521291797656473221e+01,4.474714196246481812e+00
5.523292369248356692e+01,4.607111714306450168e+00
5.525292940840240163e+01,3.960875664986303946e+00
5.527293512432123634e+01,3.613057091957492695e+00
5.529294084024007105e+01,4.457302713846335251e+00
5.531294655615890576e+01,4.381719261600794724e+00
5.533295227207774047e+01,4.139060469440526191e+00
5.535295798799657518e+01,4.190300366056149528e+00
5.537296370391540989e+01,4.575233823323396010e+00
5.539296941983423750e+01,5.034741621982762538e+00
5.541297513575307221e+01,4.772517886732656756e+00
5.543298085167190692e+01,4.944235844153771708e+00
5.545298656759074163e+01,6.409501994041947093e+00
5.547299228350957634e+01,6.054238634999078883e+00
5.549299799942841105e+01,6.663372197649039208e+00
5.551300371534724576e+01,7.436672004791553547e+00
5.553300943126608047e+01,7.376722037594076298e+00
5.555301514718491518e+01,8.528736271285207948e+00
5.557302086310374989e+01,8.055075658203351807e+00
5.559302657902257749e+01,8.738020575051535843e+00
5.561303229494141220e+01,9.366087805361075880e+00
5.563303801086024691e+01,9.955295600640967635e+00
5.565304372677908162e+01,1.016155431875768578e+01
5.567304944269791633e+01,1.059385024820838517e+01
5.569305515861675104e+01,1.055362105407090745e+01
5.571306087453558575e+01,1.060648946712852947e+01
5.573306659045442046e+01,1.072974129467839433e+01
5.575307230637325517e+01,1.036556588210511975e+01
5.577307802229208278e+01,1.046723621648522951e+01
5.579308373821091749e+01,1.034971611204557895e+01
5.581308945412975220e+01,9.772182829778557789e+00
5.583309517004858691e+01,8.957676225894395827e+00
5.585310088596742162e+01,9.245849562569034674e+00
5.587310660188625633e+01,7.808025114171655900e+00
5.589311231780509104e+01,7.794699418204741548e+00
5.591311803372392575e+01,7.523422615397215907e+00
5.593312374964276046e+01,7.659872558504032369e+00
5.595312946556158806e+01,6.932132166119530758e+00
5.597313518148042277e+01,6.603054659878736743e+00
5.599314089739925748e+01,5.662368755149260302e+00
5.601314661331809219e+01,6.363899132717758533e+00
5.603315232923692690e+01,6.241753939738556411e+00
5.605315804515576161e+01,6.126892862827156172e+00
5.607316376107459632e+01,5.414822349801900359e+00
5.609316947699343103e+01,5.857516312662041535e+00
5.611317519291226574e+01,5.430945131440692464e+00
5.613318090883110045e+01,5.429520556104368900e+00
5.615318662474992806e+01,6.205935241530969648e+00
5.617319234066876277e+01,6.460988975710489690e+00
5.619319805658759748e+01,5.822701775105882049e+00
5.621320377250643219e+01,6.300466238166226418e+00
5.623320948842526690e+01,7.174116061091644347e+00
5.625321520434410161e+01,5.745426797566631549e+00
5.627322092026293632e+01,5.583188013917748549e+00
5.629322663618177103e+01,7.290472529163219306e+00
5.631323235210060574e+01,6.399749969060625432e+00
5.633323806801943334e+01,6.011409086295288695e+00
5.635324378393826805e+01,5.850985183625583730e+00
5.637324949985710276e+01,5.744410882720458744e+00
5.639325521577593747e+01,6.100322392520338255e+00
5.641326093169477218e+01,5.469310699963813249e+00
5.643326664761360689e+01,6.701251206452550235e+00
5.645327236353244160e+01,6.150499740405007465e+00
5.647327807945127631e+01,6.116622991108349616e+00
5.649328379537011102e+01,6.317381160087785830e+00
5.651328951128894573e+01,6.994372360699024682e+00
5.653329522720777334e+01,7.065811088279296825e+00
5.655330094312660805e+01,7.660714349440278070e+00
5.657330665904544276e+01,8.711580279694619122e+00
5.659331237496427747e+01,8.675939500014987260e+00
5.661331809088311218e+01,9.746032152977678109e+00
5.663332380680194689e+01,1.003389597894176077e+01
5.665332952272078160e+01,1.085083229844204489e+01
5.667333523863961631e+01,1.173199352788411787e+01
5.669334095455845102e+01,1.181949166420333164e+01
5.671334667047727862e+01,1.244392998071441525e+01
5.673335238639611333e+01,1.321522303365048678e+01
5.675335810231494804e+01,1.344361193672338750e+01
5.677336381823378275e+01,1.290451093231601121e+01
5.679336953415261746e+01,1.298827264035555373e+01
5.681337525007145217e+01,1.259185543387313899e+01
5.683338096599028688e+01,1.212570961127188518e+01
5.685338668190912159e+01,1.152450742897401881e+01
5.687339239782795630e+01,1.062939539495859442e+01
5.689339811374678391e+01,1.097482034297161846e+01
5.691340382966561862e+01,9.382107387223479478e+00
5.693340954558445333e+01,8.660710928404347086e+00
5.695341526150328804e+01,8.924936826644962906e+00
5.697342097742212275e+01,8.048092520647061932e+00
5.699342669334095746e+01,7.701472479417846628e+00
5.701343240925979217e+01,7.166161359812161180e+00
5.703343812517862688e+01,6.965943449032355517e+00
5.705344384109746159e+01,6.503628207667182082e+00
5.707344955701629630e+01,6.557550723096004397e+00
5.709345527293512390e+01,7.035618736584137167e+00
5.711346098885395861e+01,7.759527136063240960e+00
5.713346670477279332e+01,7.355229204434063028e+00
5.715347242069162803e+01,7.794201460129450254e+00
5.717347813661046274e+01,7.731530095715998030e+00
5.719348385252929745e+01,8.697788536937917314e+00
5.721348956844813216e+01,8.659652504788466487e+00
5.723349528436696687e+01,9.370292828118820694e+00
5.725350100028580158e+01,9.673180187885993320e+00
5.727350671620462919e+01,1.064547325421620272e+01
5.729351243212346390e+01,1.065780871222877657e+01
5.731351814804229861e+01,1.124734836049035103e+01
5.733352386396113332e+01,1.203924936342128049e+01
5.735352957987996803e+01,1.208663996769872639e+01
5.737353529579880274e+01,1.251611051681907583e+01
5.739354101171763745e+01,1.245858874825553109e+01
5.741354672763647216e+01,1.237492123958761070e+01
5.743355244355530687e+01,1.344092182706227945e+01
5.745355815947414158e+01,1.406087109250507261e+01
5.747356387539296918e+01,1.371321620849125011e+01
5.749356959131180389e+01,1.345815664867596162e+01
5.751357530723063860e+01,1.338733514395972080e+01
5.753358102314947331e+01,1.364308633826182415e+01
5.755358673906830802e+01,1.248317742908093386e+01
5.757359245498714273e+01,1.281257441556783938e+01
5.759359817090597744e+01,1.384728658439335902e+01
5.761360388682481215e+01,1.348744737933402860e+01
5.763360960274364686e+01,1.376463409556852824e+01
5.765361531866247446e+01,1.455856660744510123e+01
5.767362103458130917e+01,1.433537189761240072e+01
5.769362675050014388e+01,1.509907852925053717e+01
5.771363246641897859e+01,1.516885898157490686e+01
5.773363818233781330e+01,1.561294083298533941e+01
5.775364389825664801e+01,1.656897460250537790e+01
5.777364961417548272e+01,1.609294967837114854e+01
5.779365533009431743e+01,1.758326189055798139e+01
5.781366104601315214e+01,1.731759595408966135e+01
5.783366676193197975e+01,1.788099689103851020e+01
5.785367247785081446e+01,1.754747646031060171e+01
5.787367819376964917e+01,1.719921180396609373e+01
5.789368390968848388e+01,1.629023965900253046e+01
5.791368962560731859e+01,1.618637216513887012e+01
5.793369534152615330e+01,1.584009452520214367e+01
5.795370105744498801e+01,1.503393329432413061e+01
5.797370677336382272e+01,1.348597020099350274e+01
5.799371248928265743e+01,1.347085508210709293e+01
5.801371820520149214e+01,1.268530750666522877e+01
5.803372392112031974e+01,1.189394383226617258e+01
5.805372963703915445e+01,1.043529408240417666e+01
5.807373535295798916e+01,1.016893092062526982e+01
5.809374106887682387e+01,9.226703994945401277e+00
5.811374678479565858e+01,8.366607555313617439e+00
5.813375250071449329e+01,7.811714595316452403e+00
5.815375821663332800e+01,7.588895018756833366e+00
5.817376393255216271e+01,7.172153728564651054e+00
5.819376964847099742e+01,6.244742904621030988e+00
5.821377536438982503e+01,6.993568685709242949e+00
5.823378108030865974e+01,5.873841240517496232e+00
5.825378679622749445e+01,5.588155306766589447e+00
5.827379251214632916e+01,5.427953970425368979e+00
5.829379822806516387e+01,5.616050805537435409e+00
5.831380394398399858e+01,5.593328341592997965e+00
5.833380965990283329e+01,5.353079828999898204e+00
5.835381537582166800e+01,5.054931960383840739e+00
5.837382109174050271e+01,4.740207446339996800e+00
5.839382680765933742e+01,5.648032834788910606e+00
5.841383252357816502e+01,4.264027634388735777e+00
5.843383823949699973e+01,4.476590195045593745e+00
5.845384395541583444e+01,4.602094567694786420e+00
5.847384967133466915e+01,4.712599414991517577e+00
5.849385538725350386e+01,5.064350118712653170e+00
5.851386110317233857e+01,5.562321411408110094e+00
5.853386681909117328e+01,5.017683931625994909e+00
5.855387253501000799e+01,4.779223655767278700e+00
5.857387825092884270e+01,5.335639463139413508e+00
5.859388396684767031e+01,6.068431207414108464e+00
5.861388968276650502e+01,6.201608710876566732e+00
5.863389539868533973e+01,6.248427355682951934e+00
5.865390111460417444e+01,7.662392827743566670e+00
5.867390683052300915e+01,7.884717813562652111e+00
5.869391254644184386e+01,8.739439210195268259e+00
5.871391826236067857e+01,9.221971567522485813e+00
5.873392397827951328e+01,1.086701854192133432e+01
5.875392969419834799e+01,1.138689472043083128e+01
5.877393541011717559e+01,1.265743492662912573e+01
5.879394112603601030e+01,1.372745076098294525e+01
5.881394684195484501e+01,1.374387361407226749e+01
5.883395255787367972e+01,1.529587739943176139e+01
5.885395827379251443e+01,1.572919566165176342e+01
5.887396398971134914e+01,1.707958693357049285e+01
5.889396970563018385e+01,1.683566582132189637e+01
5.891397542154901856e+01,1.775152669679720319e+01
5.893398113746785327e+01,1.740073408565400115e+01
5.895398685338668798e+01,1.800130621379921436e+01
5.897399256930551559e+01,1.755785384344055089e+01
5.899399828522435030e+01,1.761974972473207401e+01
5.901400400114318501e+01,1.722639926260356802e+01
5.903400971706201972e+01,1.706435831632366273e+01
5.905401543298085443e+01,1.668668992971232257e+01
5.907402114889968914e+01,1.580495749647533188e+01
5.909402686481852385e+01,1.526467673452125595e+01
5.911403258073735856e+01,1.380008638458160064e+01
5.913403829665619327e+01,1.362250020003328643e+01
5.915404401257502087e+01,1.278698776829487116e+01
5.917404972849385558e+01,1.193223626989866304e+01
5.919405544441269029e+01,1.187214144187723619e+01
5.921406116033152500e+01,1.101883950757146557e+01
5.923406687625035971e+01,9.335045608455908805e+00
5.925407259216919442e+01,8.984448514844261879e+00
5.927407830808802913e+01,8.676794037420515693e+00
5.929408402400686384e+01,8.384560079000467070e+00
5.931408973992569855e+01,8.126961613697424980e+00
5.933409545584453326e+01,7.505921459061344336e+00
5.935410117176336087e+01,6.944087847979409034e+00
5.937410688768219558e+01,7.586791974906502034e+00
5.939411260360103029e+01,7.158255011845218618e+00
5.941411831951986500e+01,7.046367937912508594e+00
5.943412403543869971e+01,8.420613041004445520e+00
5.945412975135753442e+01,7.955238505562229889e+00
5.947413546727636913e+01,8.745241667018843756e+00
5.949414118319520384e+01,9.127880681333376600e+00
5.951414689911403855e+01,9.392269719507766013e+00
5.953415261503286615e+01,1.007341515464626092e+01
5.955415833095170086e+01,1.015921128787466721e+01
5.957416404687053557e+01,1.059186039001764179e+01
5.959416976278937028e+01,1.148480901737261917e+01
5.961417547870820499e+01,1.103070396402517872e+01
5.963418119462703970e+01,1.097887080478130173e+01
5.965418691054587441e+01,1.071505584586141069e+01
5.967419262646470912e+01,1.108664235970617540e+01
5.969419834238354383e+01,1.060842837977751429e+01
5.971420405830237144e+01,1.017427275097696437e+01
5.973420977422120615e+01,1.001509339481642336e+01
5.975421549014004086e+01,9.678879778599904782e+00
5.977422120605887557e+01,8.647331252542617364e+00
5.979422692197771028e+01,9.715319000433895624e+00
5.981423263789654499e+01,8.759065710266934701e+00
5.983423835381537970e+01,7.883115267074106924e+00
5.985424406973421441e+01,7.815062674728459058e+00
5.987424978565304912e+01,7.359182239733550013e+00
5.989425550157188383e+01,7.403691513201806629e+00
5.991426121749071143e+01,6.995791257464470725e+00
5.993426693340954614e+01,7.311416295665788212e+00
5.995427264932838085e+01,7.528427273990017099e+00
5.997427836524721556e+01,6.706079758794683876e+00
5.999428408116605027e+01,6.394401553960785023e+00
6.001428979708488498e+01,6.523756566035233462e+00
6.003429551300371969e+01,6.071609978428220700e+00
6.005430122892255440e+01,6.423151434250367942e+00
6.007430694484138911e+01,6.316330418147330761e+00
6.009431266076021672e+01,5.556686435491354104e+00
6.011431837667905143e+01,6.574228340109954161e+00
6.013432409259788614e+01,6.501082498924811937e+00
6.015432980851672085e+01,5.910608811191973011e+00
6.017433552443555556e+01,6.086877325559017393e+00
6.019434124035439027e+01,6.340563529176629132e+00
6.021434695627322498e+01,6.152497332889771187e+00
6.023435267219205969e+01,6.335049517654965712e+00
6.025435838811089440e+01,5.846331999146915592e+00
6.027436410402972911e+01,6.274398242530590863e+00
6.029436981994855671e+01,6.078258784331850961e+00
6.031437553586739142e+01,6.370385307079818205e+00
6.033438125178622613e+01,6.150841135299730311e+00
6.035438696770506084e+01,6.308571557357656623e+00
6.037439268362389555e+01,6.033767543496457719e+00
6.039439839954273026e+01,6.657042398864446042e+00
6.041440411546156497e+01,7.045729621452499813e+00
6.043440983138039968e+01,7.698663826856077641e+00
6.045441554729923439e+01,7.805250599598970496e+00
6.047442126321806199e+01,7.564279082200203064e+00
6.049442697913689670e+01,8.431414881017223806e+00
6.051443269505573141e+01,9.215434325495369450e+00
6.053443841097456612e+01,9.521806909338618397e+00
6.055444412689340083e+01,9.471528314625309974e+00
6.057444984281223554e+01,1.105535635373785652e+01
6.059445555873107025e+01,9.846446148834107959e+00
6.061446127464990496e+01,1.174814967589144032e+01
6.063446699056873967e+01,1.143790255900666963e+01
6.065447270648756728e+01,1.163674594839425325e+01
6.067447842240640199e+01,1.209345582057729729e+01
6.069448413832523670e+01,1.235167811215390188e+01
6.071448985424407141e+01,1.342487094630656941e+01
6.073449557016290612e+01,1.209807659297914206e+01
6.075450128608174083e+01,1.292720846914307131e+01
6.077450700200057554e+01,1.346496686413235899e+01
6.079451271791941025e+01,1.324790798901059929e+01
6.081451843383824496e+01,1.352373526384733537e+01
6.083452414975707967e+01,1.479439475286156380e+01
6.085452986567590727e+01,1.430443498328577512e+01
6.087453558159474198e+01,1.467310695724550662e+01
6.089454129751357669e+01,1.395380243328095560e+01
6.091454701343241140e+01,1.398742001512772859e+01
6.093455272935124611e+01,1.404632646083801362e+01
6.095455844527008082e+01,1.437938456703206391e+01
6.097456416118891553e+01,1.462946015413372081e+01
6.099456987710775024e+01,1.413908605720246570e+01
6.101457559302658495e+01,1.358747323157887976e+01
6.103458130894541256e+01,1.411721174461015949e+01
6.105458702486424727e+01,1.266540668290252647e+01
6.107459274078308198e+01,1.328440959818863831e+01
6.109459845670191669e+01,1.199086361275647761e+01
6.111460417262075140e+01,1.143229741900697150e+01
6.113460988853958611e+01,1.030140788126160700e+01
6.115461560445842082e+01,9.388700901779271746e+00
6.117462132037725553e+01,8.778349138028533005e+00
6.119462703629609024e+01,8.268256037518778356e+00
6.121463275221492495e+01,7.425916041874188522e+00
6.123463846813375255e+01,7.410364382284722495e+00
6.125464418405258726e+01,6.591278416670639295e+00
6.127464989997142197e+01,5.963223250502942996e+00
6.129465561589025668e+01,6.258709571411705141e+00
6.131466133180909139e+01,5.848723544279927467e+00
6.133466704772792610e+01,5.523762119640352353e+00
6.135467276364676081e+01,6.194902698314416867e+00
6.137467847956559552e+01,5.160491141836809348e+00
6.139468419548443023e+01,5.459820031163780563e+00
6.141468991140325784e+01,6.126183931911352687e+00
6.143469562732209255e+01,6.239015431981945525e+00
6.145470134324092726e+01,5.982969878741823067e+00
6.147470705915976197e+01,6.941645885061648258e+00
6.149471277507859668e+01,6.831656326173874305e+00
6.151471849099743139e+01,6.414491916408185723e+00
6.153472420691626610e+01,6.902529536935912979e+00
6.155472992283510081e+01,6.509557352869189017e+00
6.157473563875393552e+01,6.838669512086701374e+00
6.159474135467276312e+01,7.350845895384138906e+00
6.161474707059159783e+01,8.108819162099567990e+00
6.163475278651043254e+01,8.420577586825130467e+00
6.165475850242926725e+01,8.183413020751181932e+00
6.167476421834810196e+01,9.123916032979934698e+00
6.169476993426693667e+01,8.723985108652527742e+00
6.171477565018577138e+01,9.749444477417590349e+00
6.173478136610460609e+01,9.209943101723689907e+00
6.175478708202344080e+01,9.463626044547027050e+00
6.177479279794227551e+01,9.714733665170314225e+00
6.179479851386110312e+01,9.817643366235394353e+00
6.181480422977993783e+01,9.200723537126899387e+00
6.183480994569877254e+01,9.612436262281327970e+00
6.185481566161760725e+01,9.625171673521208504e+00
6.187482137753644196e+01,9.654777073350594208e+00
6.189482709345527667e+01,9.536501350109881869e+00
6.191483280937411138e+01,9.476339056365974400e+00
6.193483852529294609e+01,8.624625173686709445e+00
6.195484424121178080e+01,8.622077698247258226e+00
6.197484995713060840e+01,9.226877900528311471e+00
6.199485567304944311e+01,8.676488454377757620e+00
6.201486138896827782e+01,8.311137502203042260e+00
6.203486710488711253e+01,8.038739341702363816e+00
6.205487282080594724e+01,8.300601902169375990e+00
6.207487853672478195e+01,7.868612737971728777e+00
6.209488425264361666e+01,6.016418199512092002e+00
6.211488996856245137e+01,6.532003119521170298e+00
6.213489568448128608e+01,6.740060548476019875e+00
6.215490140040011369e+01,5.507090334725154079e+00
6.217490711631894840e+01,6.417006497986107227e+00
6.219491283223778311e+01,5.382595848854411003e+00
6.221491854815661782e+01,5.457648257066026964e+00
6.223492426407545253e+01,4.223458582990826216e+00
6.225492997999428724e+01,5.198764622699055593e+00
6.227493569591312195e+01,4.952506364572862196e+00
6.229494141183195666e+01,4.245713406900702758e+00
6.231494712775079137e+01,5.234798803813260903e+00
6.233495284366962608e+01,5.318614165703374752e+00
6.235495855958845368e+01,5.160179956676481439e+00
6.237496427550728839e+01,5.497059010987707772e+00
6.239496999142612310e+01,5.011247582211122875e+00
6.241497570734495781e+01,4.655362600005885199e+00
6.243498142326379252e+01,4.415005675936618523e+00
6.245498713918262723e+01,4.708684437139025292e+00
6.247499285510146194e+01,4.203340617412282043e+00
6.249499857102029665e+01,4.144001440951997850e+00
6.251500428693913136e+01,4.733022618165326989e+00
6.253501000285795897e+01,5.294920066591304320e+00
6.255501571877679368e+01,5.091215076681276486e+00
6.257502143469562839e+01,5.120151994761912739e+00
6.259502715061446310e+01,5.902859870262609832e+00
6.261503286653329781e+01,6.140084210295989386e+00
6.263503858245213252e+01,6.053213624943731830e+00
6.265504429837096723e+01,6.564220012327850462e+00
6.267505001428980194e+01,6.904881807001112648e+00
6.269505573020863665e+01,7.007543582119396319e+00
6.271506144612747136e+01,8.142820808326213466e+00
6.273506716204629896e+01,8.648534491870822905e+00
6.275507287796513367e+01,8.849649784008283504e+00
6.277507859388396838e+01,9.077454779056044032e+00
6.279508430980280309e+01,8.948425527579983552e+00
6.281509002572163780e+01,9.262518587341261878e+00
6.283509574164047251e+01,8.909170326881369562e+00
6.285510145755930722e+01,9.212644756378686850e+00
6.287510717347814193e+01,1.008040489182471333e+01
6.289511288939697664e+01,8.741231268618328443e+00
6.291511860531580425e+01,8.526698746296771603e+00
6.293512432123463896e+01,8.423838559924192282e+00
6.295513003715347367e+01,8.406093942554177190e+00
6.297513575307230838e+01,7.799768166275865333e+00
6.299514146899114309e+01,6.978988015503672315e+00
6.301514718490997780e+01,6.712598201270759013e+00
6.303515290082881251e+01,7.256734761965637048e+00
6.305515861674764722e+01,6.494544206574490275e+00
6.307516433266648193e+01,6.266496576722985878e+00
6.309517004858530953e+01,6.075311603759724122e+00
6.311517576450414424e+01,5.112578198821148945e+00
6.313518148042297895e+01,5.955646686727495975e+00
6.315518719634181366e+01,5.681661315294904924e+00
6.317519291226064837e+01,5.899186146775148742e+00
6.319519862817948308e+01,5.566275619628293647e+00
6.321520434409831779e+01,5.381110247885839470e+00
6.323521006001715250e+01,5.606449164833455789e+00
6.325521577593598721e+01,6.395777515049219097e+00
6.327522149185482192e+01,5.402311291922915260e+00
6.329522720777364952e+01,4.786581395683922935e+00
6.331523292369248423e+01,5.913344705780416710e+00
6.333523863961131894e+01,5.175828276548897655e+00
6.335524435553015365e+01,4.826660234321794363e+00
6.337525007144898836e+01,4.666975667424146046e+00
6.339525578736782307e+01,4.796603372263158249e+00
6.341526150328665778e+01,5.576416481536311309e+00
6.343526721920549249e+01,4.872785112392779006e+00
6.345527293512432720e+01,4.398140825139793542e+00
6.347527865104315481e+01,4.438468627260687249e+00
6.349528436696198952e+01,3.618706211860561517e+00
6.351529008288082423e+01,4.389022894682385711e+00
6.353529579879965894e+01,3.863594315579375049e+00
6.355530151471849365e+01,3.403502252733737077e+00
6.357530723063732836e+01,3.885128988925531601e+00
6.359531294655616307e+01,4.021732518085685548e+00
6.361531866247499778e+01,3.634464685437980069e+00
6.363532437839383249e+01,4.070439033175242471e+00
6.365533009431266720e+01,3.178314585478994481e+00
6.367533581023149480e+01,3.844823234070872786e+00
6.369534152615032951e+01,3.757295590536749330e+00
6.371534724206916422e+01,3.602296121999246648e+00
6.373535295798799893e+01,3.855145653631869784e+00
6.375535867390683364e+01,3.019563223434531540e+00
6.377536438982566835e+01,4.181174450118426478e+00
6.379537010574450306e+01,3.574353609505333651e+00
6.381537582166333777e+01,4.088542691756481773e+00
6.383538153758217248e+01,3.980323767256041645e+00
6.385538725350100009e+01,3.824325726684759896e+00
6.387539296941983480e+01,3.844593466447906671e+00
6.389539868533866951e+01,3.748727354524345579e+00
6.391540440125750422e+01,4.215779851797459621e+00
6.393541011717633893e+01,4.577828858171695714e+00
6.395541583309517364e+01,3.345758478811848846e+00
6.397542154901400835e+01,4.667521478189001982e+00
6.399542726493284306e+01,4.590513484633112817e+00
6.401543298085167066e+01,3.588276203975098610e+00
6.403543869677051248e+01,3.932634189457417051e+00
6.405544441268934008e+01,4.663894776556109179e+00
6.407545012860816769e+01,5.130851777321074891e+00
6.409545584452700950e+01,4.519926318150648825e+00
6.411546156044585132e+01,5.458850070544883692e+00
6.413546727636467892e+01,5.951638949627903408e+00
6.415547299228350653e+01,5.364552209646531011e+00
6.417547870820234834e+01,5.513307801257218088e+00
6.419548442412119016e+01,5.970996588778508141e+00
6.421549014004001776e+01,5.884793337302673066e+00
6.423549585595884537e+01,6.300995342185325754e+00
6.425550157187768718e+01,6.967134747443394005e+00
6.427550728779651479e+01,6.639473849155556273e+00
6.429551300371534239e+01,5.786069427548754973e+00
6.431551871963418421e+01,5.890595666962628485e+00
6.433552443555302602e+01,6.254919044836839248e+00
6.435553015147185363e+01,5.729818202449107112e+00
6.437553586739068123e+01,6.957302134079155209e+00
6.439554158330952305e+01,5.608666493323323010e+00
6.441554729922835065e+01,6.023779520077075844e+00
6.443555301514717826e+01,5.312007338666653311e+00
6.445555873106602007e+01,4.537037922201269780e+00
6.447556444698486189e+01,4.728511093193424664e+00
6.449557016290368949e+01,4.604334578217654794e+00
6.451557587882251710e+01,4.676554794414352401e+00
6.453558159474135891e+01,4.479539286613420046e+00
6.455558731066020073e+01,3.765319332417892628e+00
6.457559302657902833e+01,3.990898342493619300e+00
6.459559874249785594e+01,4.222832152572061126e+00
6.461560445841669775e+01,4.888783222961854413e+00
6.463561017433552536e+01,3.537120147285288674e+00
6.465561589025435296e+01,3.519245283794894874e+00
6.467562160617319478e+01,4.507203775793092504e+00
6.469562732209203659e+01,3.290398395121778119e+00
6.471563303801086420e+01,3.738123578150005955e+00
6.473563875392969180e+01,3.686076754072676653e+00
6.475564446984853362e+01,4.032277093437756754e+00
6.477565018576737543e+01,4.467967738355014262e+00
6.479565590168618883e+01,3.512308560086284004e+00
6.481566161760503064e+01,3.774929240266302166e+00
6.483566733352387246e+01,3.517798839103234876e+00
6.485567304944270006e+01,3.516112710424614818e+00
6.487567876536152767e+01,3.466692325862198665e+00
6.489568448128036948e+01,3.996156227647288173e+00
6.491569019719921130e+01,4.924980200978199107e+00
6.493569591311803890e+01,4.513172298496878732e+00
6.495570162903686651e+01,4.183452476549766708e+00
6.497570734495570832e+01,4.922237246506769637e+00
6.499571306087453593e+01,5.189248010914182530e+00
6.501571877679336353e+01,5.337106313216318121e+00
6.503572449271220535e+01,5.561923828369899070e+00
6.505573020863104716e+01,4.878834100828589371e+00
6.507573592454987477e+01,5.181084775809084775e+00
6.509574164046870237e+01,5.127736896597133054e+00
6.511574735638754419e+01,5.694671251460574624e+00
6.513575307230638600e+01,6.598540479429459538e+00
6.515575878822521361e+01,6.194285139185707223e+00
6.517576450414404121e+01,6.451562399558549821e+00
6.519577022006288303e+01,5.798899817480702268e+00
6.521577593598171063e+01,6.594551054653926769e+00
6.523578165190053824e+01,6.827405310167762309e+00
6.525578736781938005e+01,7.175916232917237458e+00
6.527579308373822187e+01,5.914544743550873562e+00
6.529579879965704947e+01,6.587682425444629786e+00
6.531580451557587708e+01,6.498995396961829485e+00
6.533581023149471889e+01,6.937359562166140137e+00
6.535581594741354650e+01,6.009414124832680670e+00
6.537582166333237410e+01,5.959267456783872596e+00
6.539582737925121592e+01,5.894545999818234350e+00
6.541583309517005773e+01,5.141832947366630435e+00
6.543583881108888534e+01,5.609335833856748721e+00
6.545584452700771294e+01,5.127879022497782380e+00
6.547585024292655476e+01,4.831553966674674072e+00
6.549585595884539657e+01,5.220248870802999264e+00
6.551586167476422418e+01,5.849202019500221894e+00
6.553586739068305178e+01,5.123491484550797281e+00
6.555587310660189360e+01,5.405787838133896628e+00
6.557587882252072120e+01,5.944573138885657748e+00
6.559588453843954881e+01,4.749810042815468591e+00
6.561589025435839062e+01,5.780044627297042936e+00
6.563589597027723244e+01,4.579550263124726683e+00
6.565590168619606004e+01,6.185304823259603957e+00
6.567590740211488765e+01,5.045102408549405837e+00
6.569591311803372946e+01,5.023663280496215577e+00
6.571591883395257128e+01,4.601136691158965952e+00
6.573592454987138467e+01,5.887242460280127432e+00
6.575593026579022649e+01,4.666649584176576937e+00
6.577593598170906830e+01,4.981318597597566011e+00
6.579594169762789591e+01,4.896498027471986703e+00
6.581594741354672351e+01,5.362853531408317664e+00
6.583595312946556533e+01,5.130470763802621903e+00
6.585595884538440714e+01,5.321519523062777424e+00
6.587596456130323475e+01,5.088366961109162645e+00
6.589597027722206235e+01,4.968946726000862846e+00
6.591597599314090417e+01,5.446199272640157574e+00
6.593598170905973177e+01,5.356147672831971462e+00
6.595598742497855937e+01,5.515291157657125964e+00
6.597599314089740119e+01,3.927451961130502767e+00
6.599599885681624301e+01,5.518365231703281637e+00
6.601600457273507061e+01,4.923129838223296417e+00
6.603601028865389821e+01,4.228631283713477629e+00
6.605601600457274003e+01,4.963567822439204136e+00
6.607602172049158185e+01,4.179041893009799225e+00
6.609602743641040945e+01,4.151133298860263388e+00
6.611603315232923705e+01,4.123271537910263795e+00
6.613603886824807887e+01,3.461128229924353761e+00
6.615604458416690647e+01,4.196266195347744699e+00
6.617605030008573408e+01,4.506022967507868238e+00
6.619605601600457589e+01,4.365550914326064458e+00
6.621606173192341771e+01,3.686560685816755001e+00
6.623606744784224531e+01,3.527929478067608926e+00
6.625607316376107292e+01,4.582566970660295169e+00
6.627607887967991473e+01,3.456216316045428005e+00
6.629608459559874234e+01,4.571379999589051835e+00
6.631609031151756994e+01,3.946556052854917063e+00
6.633609602743641176e+01,4.385772255470635983e+00
6.635610174335525357e+01,3.991263065511268415e+00
6.637610745927408118e+01,3.741200671792285881e+00
6.639611317519290878e+01,3.899771136983368969e+00
6.641611889111175060e+01,3.911160350781442752e+00
6.643612460703059241e+01,4.053277562171825998e+00
6.645613032294942002e+01,3.962798173737648089e+00
6.647613603886824762e+01,3.845964369478749312e+00
6.649614175478708944e+01,3.461687166426807849e+00
6.651614747070591704e+01,3.993762008985609402e+00
6.653615318662474465e+01,3.831384349464201922e+00
6.655615890254358646e+01,4.073982142099858095e+00
6.657616461846242828e+01,4.116294155218131579e+00
6.659617033438125588e+01,4.860165086489756092e+00
6.661617605030008349e+01,3.641606872101690762e+00
6.663618176621892530e+01,4.960041870508495876e+00
6.665618748213776712e+01,4.450325544389184707e+00
6.667619319805658051e+01,4.344243746817126883e+00
6.669619891397542233e+01,4.067403263583457829e+00
6.671620462989426414e+01,4.270663826225569615e+00
6.673621034581309175e+01,5.146389332205354883e+00
6.675621606173191935e+01,4.198076078762317920e+00
6.677622177765076117e+01,5.364672763256859156e+00
6.679622749356960298e+01,4.907916607488804317e+00
6.681623320948843059e+01,5.060675869481114475e+00
6.683623892540725819e+01,5.081257635565053832e+00
6.685624464132610001e+01,5.228179151824690507e+00
6.687625035724492761e+01,4.223470539049298367e+00
6.689625607316375522e+01,5.140112191871702763e+00
6.691626178908259703e+01,4.766530364047584456e+00
6.693626750500143885e+01,4.539743612145867857e+00
6.695627322092026645e+01,4.711840787435384925e+00
6.697627893683909406e+01,4.425935103499328171e+00
6.699628465275793587e+01,4.686351450971750765e+00
6.701629036867677769e+01,4.180497457195858857e+00
6.703629608459560529e+01,4.376905749953538205e+00
6.705630180051443290e+01,4.233332684518224198e+00
6.707630751643327471e+01,4.231788735434121485e+00
6.709631323235210232e+01,4.650792478396662766e+00
6.711631894827092992e+01,3.506644517130796057e+00
6.713632466418977174e+01,3.947211289373989906e+00
6.715633038010861355e+01,4.059937748891209175e+00
6.717633609602744116e+01,3.437036593071765900e+00
6.719634181194626876e+01,3.722427521204662249e+00
6.721634752786511058e+01,3.446211672274159366e+00
6.723635324378393818e+01,3.575263866434747584e+00
6.725635895970276579e+01,3.257786992065657916e+00
6.727636467562160760e+01,4.116357130629840988e+00
6.729637039154044942e+01,4.045471238485701448e+00
6.731637610745927702e+01,3.955272163607779667e+00
6.733638182337810463e+01,3.552282437554366012e+00
6.735638753929694644e+01,3.884890813551030941e+00
6.737639325521578826e+01,3.586411991251920561e+00
6.739639897113461586e+01,2.837276529073339937e+00
6.741640468705344347e+01,3.878501722491362713e+00
6.743641040297228528e+01,3.484943047577745645e+00
6.745641611889111289e+01,3.770680889869738817e+00
6.747642183480994049e+01,2.835076709035589282e+00
6.749642755072878231e+01,4.352992273491601338e+00
6.751643326664762412e+01,3.288730429594390436e+00
6.753643898256645173e+01,3.804152140924729864e+00
6.755644469848527933e+01,4.108626102724974416e+00
6.757645041440412115e+01,3.465606257681290270e+00
6.759645613032296296e+01,3.650452107060091933e+00
6.761646184624177636e+01,3.607184712943674043e+00
6.763646756216061817e+01,3.723261368052666942e+00
6.765647327807945999e+01,3.592941129706448855e+00
6.767647899399828759e+01,3.654279600267683836e+00
6.769648470991711520e+01,4.337702361117828254e+00
6.771649042583595701e+01,3.650396318819665087e+00
6.773649614175479883e+01,3.266673446425231386e+00
6.775650185767362643e+01,3.677131832874416251e+00
6.777650757359245404e+01,3.793512624552894508e+00
6.779651328951129585e+01,3.784085974246144790e+00
6.781651900543012346e+01,3.546805841449164554e+00
6.783652472134895106e+01,4.442486875595202278e+00
6.785653043726779288e+01,4.255398229716985448e+00
6.787653615318663469e+01,3.899908733376251657e+00
6.789654186910546230e+01,4.855010412513758311e+00
6.791654758502428990e+01,4.532040183945099443e+00
6.793655330094313172e+01,4.511685176422961518e+00
6.795655901686197353e+01,4.315786301483252707e+00
6.797656473278080114e+01,4.444132887888482486e+00
6.799657044869962874e+01,3.874340445125771026e+00
6.801657616461847056e+01,4.043832925965197944e+00
6.803658188053729816e+01,4.738673793118556077e+00
6.805658759645612577e+01,4.527801972367856642e+00
6.807659331237496758e+01,4.979569928583189586e+00
6.809659902829380940e+01,3.844046557512646345e+00
6.811660474421263700e+01,4.848751210604119954e+00
6.813661046013146461e+01,4.655958177494735395e+00
6.815661617605030642e+01,4.287605740762105988e+00
6.817662189196913403e+01,4.660707800270635026e+00
6.819662760788796163e+01,4.533925633324926707e+00
6.821663332380680345e+01,4.926088079862943836e+00
6.823663903972564526e+01,4.570665595994571007e+00
6.825664475564447287e+01,3.875314769896495370e+00
6.827665047156330047e+01,4.199273319209920530e+00
6.829665618748214229e+01,4.419592949344097299e+00
6.831666190340098410e+01,3.897999999361776879e+00
6.833666761931981171e+01,4.089713369281766653e+00
6.835667333523863931e+01,4.057063044454505274e+00
6.837667905115748113e+01,4.062852846467384538e+00
6.839668476707630873e+01,3.239496278685622066e+00
6.841669048299513634e+01,4.275736481902683295e+00
6.843669619891397815e+01,3.926510081287558851e+00
6.845670191483281997e+01,3.307963034074803854e+00
6.847670763075164757e+01,4.008625880649840489e+00
6.849671334667047518e+01,4.897287737971691257e+00
6.851671906258931699e+01,3.766466744886778795e+00
6.853672477850815881e+01,4.832090215258278754e+00
6.855673049442697220e+01,4.741120327046997041e+00
6.857673621034581402e+01,4.421078520159169578e+00
6.859674192626465583e+01,4.283466020043250388e+00
6.861674764218348344e+01,4.961773074215466650e+00
6.863675335810231104e+01,5.485404634774455168e+00
6.865675907402115286e+01,5.302009446883459987e+00
6.867676478993999467e+01,4.985894834870636672e+00
6.869677050585882228e+01,5.846433862529549330e+00
6.871677622177764988e+01,5.900858710938361895e+00
6.873678193769649170e+01,6.668649604574166112e+00
6.875678765361531930e+01,5.863202968583449248e+00
6.877679336953414690e+01,6.611527433960802114e+00
6.879679908545298872e+01,7.052812466095438992e+00
6.881680480137183054e+01,6.118033875094672780e+00
6.883681051729065814e+01,6.350396040409401088e+00
6.885681623320948574e+01,6.776257413205972746e+00
6.887682194912832756e+01,6.838201272784465878e+00
6.889682766504716938e+01,6.293639060943531760e+00
6.891683338096599698e+01,7.426776290448203532e+00
6.893683909688482458e+01,7.078560419274749549e+00
6.895684481280366640e+01,8.078055050753315314e+00
6.897685052872249400e+01,7.050858153331513556e+00
6.899685624464132161e+01,7.525299248471116087e+00
6.901686196056016342e+01,8.324095266978131846e+00
6.903686767647900524e+01,8.447174281619648895e+00
6.905687339239783284e+01,8.963541639352927248e+00
6.907687910831666045e+01,8.623229648078257981e+00
6.909688482423550226e+01,9.704734037859591211e+00
6.911689054015432987e+01,8.566133127742247666e+00
6.913689625607315747e+01,8.762398621452918590e+00
6.915690197199199929e+01,9.357029785401419275e+00
6.917690768791084110e+01,9.147100840643236808e+00
6.919691340382966871e+01,8.799333311580172179e+00
6.921691911974849631e+01,9.326814282574856563e+00
6.923692483566733813e+01,8.591555346222349954e+00
6.925693055158617994e+01,8.502725928885718432e+00
6.927693626750500755e+01,8.066254964433632324e+00
6.929694198342383515e+01,7.817228637284470594e+00
6.931694769934267697e+01,8.164859829888328591e+00
6.933695341526150457e+01,6.857328097688833779e+00
6.935695913118033218e+01,7.871298747267337248e+00
6.937696484709917399e+01,6.189984396832605817e+00
6.939697056301801581e+01,6.839481360001336441e+00
6.941697627893684341e+01,6.957566806386588532e+00
6.943698199485567102e+01,5.961964066913219895e+00
6.945698771077451283e+01,5.815534997465696243e+00
6.947699342669335465e+01,6.686039380738304949e+00
6.949699914261216804e+01,6.662632740464337289e+00
6.951700485853100986e+01,5.953133139590367051e+00
6.953701057444985167e+01,6.115763181155141837e+00
6.955701629036867928e+01,6.240690416227391957e+00
6.957702200628750688e+01,5.376818132889891189e+00
6.959702772220634870e+01,5.740712058776288984e+00
6.961703343812519051e+01,5.392781755165206192e+00
6.963703915404401812e+01,6.264673441534523768e+00
6.965704486996284572e+01,6.145286643604702448e+00
6.967705058588168754e+01,6.072951235613283316e+00
6.969705630180051514e+01,5.165525328008119033e+00
6.971706201771934275e+01,5.643866131563622268e+00
6.973706773363818456e+01,5.130065097716400402e+00
6.975707344955702638e+01,5.716496999302789206e+00
6.977707916547585398e+01,4.971503089182739643e+00
6.979708488139468159e+01,5.286990193565966223e+00
6.981709059731352340e+01,5.064864863664290340e+00
6.983709631323236522e+01,4.559294383948438778e+00
6.985710202915119282e+01,4.478979265975675972e+00
6.987710774507002043e+01,4.394320993950719512e+00
6.989711346098886224e+01,4.633503231952072809e+00
6.991711917690768985e+01,4.259469891839282596e+00
6.993712489282651745e+01,3.624960816978067601e+00
6.995713060874535927e+01,4.583822138099735710e+00
6.997713632466420108e+01,4.000831782461429675e+00
6.999714204058302869e+01,4.895792424610046822e+00
7.001714775650185629e+01,4.192825344673751786e+00
7.003715347242069811e+01,4.604150210318381120e+00
7.005715918833952571e+01,3.600783882864093677e+00
7.007716490425835332e+01,3.737124355370236906e+00
7.009717062017719513e+01,3.945227144494261928e+00
7.011717633609603695e+01,4.132348757604078493e+00
7.013718205201486455e+01,3.457000098325292647e+00
7.015718776793369216e+01,3.700873846428912373e+00
7.017719348385253397e+01,4.385431994495821328e+00
7.019719919977137579e+01,3.813564945763085134e+00
7.021720491569020339e+01,4.339138883375414757e+00
7.023721063160903100e+01,3.783551402749139925e+00
7.025721634752787281e+01,4.399376076138134195e+00
7.027722206344670042e+01,4.611104170570618166e+00
7.029722777936552802e+01,4.268741042810365371e+00
7.031723349528436984e+01,4.058295338929449159e+00
7.033723921120321165e+01,4.921119254919206654e+00
7.035724492712203926e+01,4.579524944488793992e+00
7.037725064304086686e+01,4.762059692794417209e+00
7.039725635895970868e+01,5.468452802573590787e+00
7.041726207487855049e+01,5.459839668167105309e+00
7.043726779079736389e+01,5.075911284196227058e+00
7.045727350671620570e+01,4.560889464038622165e+00
7.047727922263504752e+01,4.837835100373130359e+00
7.049728493855387512e+01,4.725298221070353577e+00
7.051729065447270273e+01,5.146190460372141118e+00
7.053729637039154454e+01,4.975787306112800401e+00
7.055730208631038636e+01,3.974105424739684089e+00
7.057730780222921396e+01,5.205739623384690873e+00
7.059731351814804157e+01,4.776819624458077840e+00
7.061731923406688338e+01,4.704505554488729757e+00
7.063732494998571099e+01,4.679965246790953159e+00
7.065733066590453859e+01,4.541933991978493346e+00
7.067733638182338041e+01,4.980266898232072137e+00
7.069734209774222222e+01,4.920826240544240449e+00
7.071734781366104983e+01,5.785733145929694565e+00
7.073735352957987743e+01,4.911764434721417771e+00
7.075735924549871925e+01,5.470335877622261478e+00
7.077736496141756106e+01,5.799364198504301626e+00
7.079737067733638867e+01,4.921824269832145049e+00
7.081737639325521627e+01,4.720861965383301495e+00
7.083738210917405809e+01,5.801011637178021374e+00
7.085738782509288569e+01,5.050680191158470222e+00
7.087739354101171330e+01,5.488076399677735751e+00
7.089739925693055511e+01,5.244527633348033291e+00
7.091740497284939693e+01,6.041757836420963201e+00
7.093741068876822453e+01,6.406387807747652374e+00
7.095741640468705214e+01,6.033391687927213809e+00
7.097742212060589395e+01,6.283616198714327084e+00
7.099742783652472156e+01,5.837796814241342780e+00
7.101743355244354916e+01,5.738694061201007557e+00
7.103743926836239098e+01,6.592559055674200863e+00
7.105744498428123279e+01,6.012795809954841530e+00
7.107745070020006040e+01,5.647464193498450413e+00
7.109745641611888800e+01,5.855856638240280354e+00
7.111746213203772982e+01,5.797459753132805815e+00
7.113746784795657163e+01,6.184273045420917825e+00
7.115747356387539924e+01,6.229471705873958598e+00
7.117747927979422684e+01,5.352021692071208037e+00
7.119748499571306866e+01,5.163301730831754810e+00
7.121749071163189626e+01,5.211804448742854312e+00
7.123749642755072387e+01,4.750552655559286741e+00
7.125750214346956568e+01,5.371116183044342129e+00
7.127750785938840750e+01,4.964292477021119865e+00
7.129751357530723510e+01,5.081044886453426557e+00
7.131751929122606271e+01,4.194281143695016922e+00
7.133752500714490452e+01,4.518092001576260230e+00
7.135753072306374634e+01,4.319215091670441709e+00
7.137753643898255973e+01,4.640629186727891486e+00
7.139754215490140155e+01,4.369592576631078806e+00
7.141754787082024336e+01,5.237318052317711192e+00
7.143755358673907097e+01,4.888437189141960459e+00
7.145755930265789857e+01,4.610872681250392624e+00
7.147756501857674039e+01,4.543847577907765611e+00
7.149757073449558220e+01,4.306206273780138538e+00
7.151757645041440981e+01,4.012314045546236940e+00
7.153758216633323741e+01,3.807495208773192807e+00
7.155758788225207923e+01,4.136683737049945186e+00
7.157759359817090683e+01,4.327531495643604842e+00
7.159759931408973443e+01,4.896847779418205704e+00
7.161760503000857625e+01,4.779773008572741233e+00
7.163761074592741807e+01,4.495975081463475576e+00
7.165761646184624567e+01,4.600284303114531070e+00
7.167762217776507327e+01,4.239713779468783805e+00
7.169762789368391509e+01,4.566353813071044598e+00
7.171763360960275691e+01,4.426230214479181413e+00
7.173763932552158451e+01,4.446301176917193843e+00
7.175764504144041211e+01,4.330436797494857437e+00
7.177765075735925393e+01,5.464550664786212764e+00
7.179765647327808153e+01,5.217745499992234137e+00
7.181766218919690914e+01,5.016117969324245252e+00
7.183766790511575095e+01,4.972682193108100890e+00
7.185767362103459277e+01,5.679909566335203941e+00
7.187767933695342037e+01,5.067900213272359622e+00
7.189768505287224798e+01,5.170204806440630740e+00
7.191769076879108979e+01,5.394467478447170450e+00
7.193769648470991740e+01,4.929970456737249762e+00
7.195770220062874500e+01,5.165003434376089331e+00
7.197770791654758682e+01,4.886341122571696616e+00
7.199771363246642863e+01,5.568254640766683750e+00
7.201771934838525624e+01,5.151532385611193199e+00
7.203772506430408384e+01,4.606836696948398924e+00
7.205773078022292566e+01,4.773636739963839304e+00
7.207773649614176747e+01,5.006414302690379792e+00
7.209774221206059508e+01,4.465492052113997801e+00
7.211774792797942268e+01,3.621360943946833721e+00
7.213775364389826450e+01,5.009996290120057871e+00
7.215775935981709210e+01,4.076689443737620877e+00
7.217776507573591971e+01,4.727464912885662507e+00
7.219777079165476152e+01,3.861046493511714139e+00
7.221777650757360334e+01,3.895422227355040068e+00
7.223778222349243094e+01,4.417393998466018878e+00
7.225778793941125855e+01,4.408872803320332601e+00
7.227779365533010036e+01,4.889365227518259971e+00
7.229779937124894218e+01,4.377092742939359127e+00
7.231780508716775557e+01,3.726985095794162817e+00
7.233781080308659739e+01,3.761503438435279456e+00
7.235781651900543920e+01,3.805406289240159445e+00
7.237782223492426681e+01,4.369873134059112374e+00
7.239782795084309441e+01,3.910737001773893162e+00
7.241783366676193623e+01,4.718807279601850979e+00
7.243783938268077804e+01,4.848940562353811323e+00
7.245784509859960565e+01,4.130758414980920890e+00
7.247785081451843325e+01,4.389568456592436441e+00
7.249785653043727507e+01,4.107169157571643581e+00
7.251786224635610267e+01,3.544510751686779315e+00
7.253786796227493028e+01,4.402063734827079244e+00
7.255787367819377209e+01,3.888517211529169515e+00
7.257787939411261391e+01,3.692203635983541954e+00
7.259788511003144151e+01,3.057540149304780908e+00
7.261789082595026912e+01,3.251774572829844612e+00
7.263789654186911093e+01,4.331466580276847722e+00
7.265790225778795275e+01,4.413504853598069211e+00
7.267790797370678035e+01,3.816077576709462793e+00
7.269791368962560796e+01,3.876018945505779634e+00
7.271791940554444977e+01,3.757939154593115560e+00
7.273792512146327738e+01,3.880581237707824815e+00
7.275793083738210498e+01,3.920398477073853805e+00
7.277793655330094680e+01,3.869400197055054669e+00
7.279794226921978861e+01,3.889116294981896260e+00
7.281794798513861622e+01,3.975304209619223261e+00
7.283795370105744382e+01,3.592528158428000662e+00
7.285795941697628564e+01,4.015136234487926004e+00
7.287796513289511324e+01,4.837098785586224636e+00
7.289797084881394085e+01,4.635166748790610747e+00
7.291797656473278266e+01,4.638147212966984512e+00
7.293798228065162448e+01,3.918826939885323490e+00
7.295798799657045208e+01,4.280448036748612850e+00
7.297799371248927969e+01,4.133937081032768468e+00
7.299799942840812150e+01,4.855164536547677656e+00
7.301800514432696332e+01,4.666414250066715397e+00
7.303801086024579092e+01,4.904078197775721293e+00
7.305801657616461853e+01,4.371533471299541063e+00
7.307802229208346034e+01,4.021282546996996388e+00
7.309802800800228795e+01,4.289862853235940854e+00
7.311803372392111555e+01,4.497772644411222487e+00
7.313803943983995737e+01,3.842674143680110621e+00
7.315804515575879918e+01,4.195098253129470045e+00
7.317805087167762679e+01,4.092455501817664043e+00
7.319805658759645439e+01,4.035534431969216129e+00
7.321806230351529621e+01,3.338214064946513293e+00
7.323806801943413802e+01,3.797031353514453311e+00
7.325807373535295142e+01,3.285614495845555982e+00
7.327807945127179323e+01,3.575177001868728333e+00
7.329808516719063505e+01,4.023959834434724492e+00
7.331809088310946265e+01,3.361941612702140869e+00
7.333809659902829026e+01,3.563976930932001075e+00
7.335810231494713207e+01,3.815744581565438054e+00
7.337810803086597389e+01,4.225539063435524767e+00
7.339811374678480149e+01,3.311996488118643889e+00
7.341811946270362910e+01,4.224381619594728576e+00
7.343812517862247091e+01,3.860181580874427087e+00
7.345813089454129852e+01,4.878714859620934874e+00
7.347813661046012612e+01,3.501638209649240885e+00
7.349814232637896794e+01,4.478036193572455304e+00
7.351814804229780975e+01,4.494032020810380779e+00
7.353815375821663736e+01,5.453533235745346097e+00
7.355815947413546496e+01,4.632624936768024781e+00
7.357816519005430678e+01,4.633037304883842467e+00
7.359817090597314859e+01,5.341156702368117237e+00
7.361817662189197620e+01,5.746157313329266714e+00
7.363818233781080380e+01,5.441387677423186631e+00
7.365818805372964562e+01,6.493350252266210987e+00
7.367819376964847322e+01,6.753516575033716940e+00
7.369819948556730083e+01,5.748043049830504181e+00
7.371820520148614264e+01,6.510885666442675301e+00
7.373821091740498446e+01,6.939641691561687864e+00
7.375821663332381206e+01,6.035385344252350848e+00
7.377822234924263967e+01,5.964388703221614740e+00
7.379822806516148148e+01,6.763054986541856550e+00
7.381823378108030909e+01,5.758857488324995444e+00
7.383823949699913669e+01,6.726311736134378272e+00
7.385824521291797851e+01,6.174908325016616573e+00
7.387825092883682032e+01,5.458924090910223015e+00
7.389825664475564793e+01,5.577727534730256842e+00
7.391826236067447553e+01,5.791237331868602567e+00
7.393826807659331735e+01,4.893897989784071534e+00
7.395827379251215916e+01,5.201537758425386571e+00
7.397827950843098677e+01,4.903192636566384266e+00
7.399828522434981437e+01,4.788416236236101575e+00
7.401829094026865619e+01,4.929440596440771039e+00
7.403829665618748379e+01,4.470170716497965380e+00
7.405830237210632561e+01,4.132492646203014708e+00
7.407830808802515321e+01,4.312513831442559287e+00
7.409831380394398082e+01,4.264488488044901437e+00
7.411831951986282263e+01,3.378514497834794295e+00
7.413832523578165024e+01,4.671691257368046024e+00
7.415833095170049205e+01,4.050693879843399792e+00
7.417833666761931966e+01,3.928727884592687847e+00
7.419834238353816147e+01,4.130805137738819965e+00
7.421834809945698908e+01,4.486370007889266098e+00
7.423835381537583089e+01,3.967659032842205669e+00
7.425835953129465850e+01,4.298328771841276819e+00
7.427836524721348610e+01,4.150532188822133151e+00
7.429837096313232792e+01,4.812694648515932094e+00
7.431837667905115552e+01,4.513128448661055891e+00
7.433838239496999734e+01,3.782916477089506735e+00
7.435838811088882494e+01,3.941844902608575119e+00
7.437839382680766676e+01,4.690040130714177025e+00
7.439839954272649436e+01,4.864561384869823257e+00
7.441840525864533618e+01,4.702640491997933658e+00
7.443841097456416378e+01,3.719211074179699317e+00
7.445841669048300560e+01,4.446925282369864618e+00
7.447842240640183320e+01,4.203869580983070620e+00
7.449842812232066080e+01,5.052274763089910081e+00
7.451843383823950262e+01,4.206478418888535131e+00
7.453843955415833022e+01,4.322110311263686278e+00
7.455844527007717204e+01,4.042228812189627263e+00
7.457845098599599964e+01,5.090348892307543949e+00
7.459845670191484146e+01,4.886670166411251515e+00
7.461846241783366906e+01,5.217633795755039827e+00
7.463846813375251088e+01,5.041086444957592505e+00
7.465847384967133848e+01,4.794847384308119409e+00
7.467847956559016609e+01,5.608911272099899925e+00
7.469848528150900790e+01,5.713316303787939532e+00
7.471849099742783551e+01,5.853020592755047602e+00
7.473849671334667732e+01,5.516387371460153233e+00
7.475850242926550493e+01,5.490279211491044364e+00
7.477850814518434674e+01,6.435013466366081403e+00
7.479851386110317435e+01,7.069309117660534270e+00
7.481851957702201616e+01,5.744410495718348386e+00
7.483852529294084377e+01,6.731218259382783842e+00
7.485853100885967137e+01,6.490549070504920692e+00
7.487853672477851319e+01,6.519832483990485095e+00
7.489854244069734079e+01,6.166664400229210585e+00
7.491854815661618261e+01,7.262795068981311886e+00
7.493855387253501021e+01,6.156007583364951685e+00
7.495855958845385203e+01,6.298432485615662380e+00
7.497856530437267963e+01,6.101664784474818859e+00
7.499857102029152145e+01,5.622962144068858414e+00
7.501857673621034905e+01,5.785249020828885591e+00
7.503858245212917666e+01,5.867936460189801195e+00
7.505858816804801847e+01,5.446827523339654142e+00
7.507859388396684608e+01,6.086762224595766213e+00
7.509859959988568789e+01,5.377599520897481611e+00
7.511860531580451550e+01,4.673743990960054440e+00
7.513861103172335731e+01,4.978845814813880999e+00
7.515861674764218492e+01,5.724266348084611877e+00
7.517862246356102673e+01,5.488830601068208637e+00
7.519862817947985434e+01,5.622350239768396207e+00
7.521863389539868194e+01,6.221130736526657046e+00
7.523863961131752376e+01,6.031214837623802616e+00
7.525864532723635136e+01,5.149418607282974847e+00
7.527865104315519318e+01,6.059525946054026946e+00
7.529865675907402078e+01,6.462515802296817213e+00
7.531866247499286260e+01,6.527081250789524169e+00
7.533866819091169020e+01,6.122356438367347664e+00
7.535867390683053202e+01,5.937670491191211930e+00
7.537867962274935962e+01,5.482304753735446567e+00
7.539868533866820144e+01,5.949799025419631349e+00
7.541869105458702904e+01,5.447022671037422548e+00
7.543869677050585665e+01,5.765228707537669806e+00
7.545870248642469846e+01,4.954643298213159852e+00
7.547870820234352607e+01,4.658942647072296772e+00
7.549871391826236788e+01,5.184251546531223553e+00
7.551871963418119549e+01,5.200973666905364112e+00
7.553872535010003730e+01,4.772998962731360706e+00
7.555873106601886491e+01,5.185782954410967704e+00
7.557873678193770672e+01,5.045052869619278013e+00
7.559874249785653433e+01,4.863475801415096278e+00
7.561874821377536193e+01,4.355739582590789638e+00
7.563875392969420375e+01,4.641552582789933545e+00
7.565875964561303135e+01,5.242823741072768939e+00
7.567876536153187317e+01,4.843428295415611373e+00
7.569877107745070077e+01,4.815467871230620922e+00
7.571877679336954259e+01,3.923264527970667714e+00
7.573878250928837019e+01,4.002519847609680603e+00
7.575878822520721201e+01,4.954155615123204015e+00
7.577879394112603961e+01,4.605637043300133016e+00
7.579879965704486722e+01,4.923758715997418101e+00
7.581880537296370903e+01,3.857850277311065224e+00
7.583881108888253664e+01,4.355678262839456139e+00
7.585881680480137845e+01,4.090712530089579246e+00
7.587882252072020606e+01,3.839442928673419075e+00
7.589882823663904787e+01,3.803117454735748915e+00
7.591883395255787548e+01,4.633538938114556416e+00
7.593883966847671729e+01,3.765495490768371312e+00
7.595884538439554490e+01,3.334138627541506139e+00
7.597885110031437250e+01,4.372181336300686283e+00
7.599885681623321432e+01,4.060307895289299474e+00
7.601886253215204192e+01,3.256647987324650106e+00
7.603886824807088374e+01,3.926001941853471955e+00
7.605887396398971134e+01,4.066403093872262176e+00
7.607887967990855316e+01,4.301053777440106529e+00
7.609888539582738076e+01,4.104202289425712635e+00
7.611889111174622258e+01,3.965996279162081084e+00
7.613889682766505018e+01,3.872347734992561019e+00
7.615890254358387779e+01,3.621842106656970373e+00
7.617890825950271960e+01,3.423881131091634611e+00
7.619891397542154721e+01,4.080663393528593197e+00
7.621891969134038902e+01,4.214231641755139535e+00
7.623892540725921663e+01,3.792320772212453228e+00
7.625893112317805844e+01,4.261729221127724010e+00
7.627893683909688605e+01,3.478765043028340553e+00
7.629894255501572786e+01,3.843397226530894883e+00
7.631894827093455547e+01,3.810242369245400607e+00
7.633895398685339728e+01,4.200329616701685254e+00
7.635895970277222489e+01,4.305810914307593329e+00
7.637896541869105249e+01,4.156436215717078220e+00
7.639897113460989431e+01,3.979359711194411453e+00
7.641897685052872191e+01,5.017160718467346570e+00
7.643898256644756373e+01,4.626285957844357810e+00
7.645898828236639133e+01,4.054832479954821878e+00
7.647899399828523315e+01,5.574392533662308580e+00
7.649899971420406075e+01,5.747062066987162154e+00
7.651900543012290257e+01,5.051922830300125788e+00
7.653901114604173017e+01,5.782780687124096985e+00
7.655901686196055778e+01,6.055912128681942619e+00
7.657902257787939959e+01,6.792277454956208160e+00
7.659902829379822720e+01,6.411191592559218222e+00
7.661903400971706901e+01,6.717205219518129766e+00
7.663903972563589662e+01,6.500559598789703131e+00
7.665904544155473843e+01,7.142823188263667689e+00
7.667905115747356604e+01,7.482643980142431595e+00
7.669905687339240785e+01,7.583608761688715560e+00
7.671906258931123546e+01,7.432644936124741974e+00
7.673906830523006306e+01,8.183178793870244050e+00
7.675907402114890488e+01,7.857501184748928225e+00
7.677907973706773248e+01,8.216981169496518689e+00
7.679908545298657430e+01,8.164282468237091805e+00
7.681909116890540190e+01,8.332782118201823351e+00
7.683909688482424372e+01,7.819278095591894129e+00
7.685910260074307132e+01,7.458978946202235782e+00
7.687910831666191314e+01,7.797290235489892751e+00
7.689911403258074074e+01,7.051851660941212074e+00
7.691911974849956835e+01,7.035770524483111465e+00
7.693912546441841016e+01,6.473891708287333735e+00
7.695913118033723777e+01,6.234786555273199582e+00
7.697913689625607958e+01,6.363212601352028486e+00
7.699914261217490719e+01,5.458885274533296972e+00
7.701914832809374900e+01,5.669251066667262862e+00
7.703915404401257661e+01,4.675448294337170019e+00
7.705915975993141842e+01,5.399384122754220527e+00
7.707916547585024603e+01,4.752059774615058352e+00
7.709917119176907363e+01,4.069859410273240385e+00
7.711917690768791545e+01,4.561834038818410875e+00
7.713918262360674305e+01,3.839038511242840013e+00
7.715918833952558487e+01,4.186070463861971902e+00
7.717919405544441247e+01,3.535770805542698625e+00
7.719919977136325429e+01,4.355485555176320744e+00
7.721920548728208189e+01,4.559290944164258619e+00
7.723921120320092371e+01,3.803178656074566177e+00
7.725921691911975131e+01,3.573797265525127997e+00
7.727922263503859313e+01,4.370305770739081552e+00
7.729922835095742073e+01,4.341279910497173766e+00
7.731923406687624833e+01,4.337460881101903531e+00
7.733923978279509015e+01,4.129336031360929304e+00
7.735924549871391775e+01,4.108759954965832684e+00
7.737925121463275957e+01,4.973147951449768733e+00
7.739925693055158717e+01,3.874753074971926115e+00
7.741926264647042899e+01,4.343265338344053816e+00
7.743926836238925659e+01,5.154894970771489504e+00
7.745927407830809841e+01,4.100677798344074532e+00
7.747927979422692601e+01,4.221243050696364740e+00
7.749928551014575362e+01,4.481058302582283659e+00
7.751929122606459543e+01,3.783970177802753021e+00
7.753929694198342304e+01,4.885323240163207181e+00
7.755930265790226485e+01,5.083148857352096428e+00
7.757930837382109246e+01,4.811398378154412292e+00
7.759931408973993427e+01,3.502125896512845671e+00
7.761931980565876188e+01,3.749953978886363615e+00
7.763932552157760369e+01,3.767653123248943636e+00
7.765933123749643130e+01,4.988070281942004414e+00
7.767933695341525890e+01,4.999245493771295124e+00
7.769934266933410072e+01,5.494239460924089435e+00
7.771934838525292832e+01,5.228666745495217150e+00
7.773935410117177014e+01,5.340467422217228588e+00
7.775935981709059774e+01,5.156108969208963444e+00
7.777936553300943956e+01,5.799786031818511489e+00
7.779937124892826716e+01,5.831948946202854422e+00
7.781937696484710898e+01,4.919290182031744507e+00
7.783938268076593658e+01,5.759223290623761926e+00
7.785938839668476419e+01,5.618932647604747643e+00
7.787939411260360600e+01,5.833714484450426951e+00
7.789939982852243361e+01,6.157435900365355153e+00
7.791940554444127542e+01,6.356042072183615055e+00
7.793941126036010303e+01,5.858223456558100395e+00
7.795941697627894484e+01,5.574642607646406844e+00
7.797942269219777245e+01,6.755341817235887447e+00
7.799942840811661426e+01,6.057701206192503740e+00
7.801943412403544187e+01,6.248786197236306350e+00
7.803943983995426947e+01,6.003769660143426279e+00
7.805944555587311129e+01,5.598094954796017042e+00
7.807945127179193889e+01,5.694712079004951022e+00
7.809945698771078071e+01,5.879595737454627269e+00
7.811946270362960831e+01,5.137752015407154538e+00
7.813946841954845013e+01,5.391257392993642483e+00
7.815947413546727773e+01,4.939093573904299816e+00
7.817947985138611955e+01,4.864539291044950531e+00
7.819948556730494715e+01,4.661980129281308116e+00
7.821949128322378897e+01,5.541550370163832895e+00
7.823949699914261657e+01,4.317833066313379931e+00
7.825950271506144418e+01,4.379060271030626339e+00
7.827950843098028599e+01,4.301500981067132301e+00
7.829951414689911360e+01,4.372014298983955882e+00
7.831951986281795541e+01,3.433397795209881309e+00
7.833952557873678302e+01,4.211853839978924263e+00
7.835953129465562483e+01,4.104701312847566896e+00
7.837953701057445244e+01,4.131347313430472568e+00
7.839954272649329425e+01,4.439744894334252123e+00
7.841954844241212186e+01,3.743031609471177745e+00
7.843955415833094946e+01,3.923840546888455183e+00
7.845955987424979128e+01,3.486681561822725595e+00
7.847956559016861888e+01,3.442679599386922362e+00
7.849957130608746070e+01,3.575171348642055325e+00
7.851957702200628830e+01,4.760286248405890319e+00
7.853958273792513012e+01,4.209401082490571433e+00
7.855958845384395772e+01,3.484537352963187118e+00
7.857959416976279954e+01,4.401413994797814588e+00
7.859959988568162714e+01,4.310440599729314926e+00
7.861960560160045475e+01,3.902029578275967303e+00
7.863961131751929656e+01,3.806051929974871850e+00
7.865961703343812417e+01,4.134843365697038919e+00
7.867962274935696598e+01,3.446706984676907837e+00
7.869962846527579359e+01,4.229734774093875771e+00
7.871963418119463540e+01,3.960658872881262393e+00
7.873963989711346301e+01,3.510115774933438626e+00
7.875964561303230482e+01,4.712357290182511704e+00
7.877965132895113243e+01,5.028787384128531990e+00
7.879965704486996003e+01,4.791734659005975949e+00
7.881966276078880185e+01,4.949905891257722956e+00
7.883966847670762945e+01,4.788371272447579763e+00
7.885967419262647127e+01,4.471728761076995795e+00
7.887967990854529887e+01,4.621505017272283133e+00
7.889968562446414069e+01,4.740805183751412244e+00
7.891969134038296829e+01,4.692660894941283800e+00
7.893969705630181011e+01,4.869547128787508505e+00
7.895970277222063771e+01,4.666622172198707119e+00
7.897970848813946532e+01,5.070567838479425937e+00
7.899971420405830713e+01,4.991081331287187339e+00
7.901971991997713474e+01,4.567745040124185252e+00
7.903972563589597655e+01,5.188412626457298948e+00
7.905973135181480416e+01,4.948662635713234614e+00
7.907973706773364597e+01,5.536195341999443187e+00
7.909974278365247358e+01,5.126718523477085121e+00
7.911974849957131539e+01,4.355409816270986667e+00
7.913975421549014300e+01,4.967011671616114121e+00
7.915975993140898481e+01,4.763036245564567395e+00
7.917976564732781242e+01,5.377374398003825107e+00
7.919977136324664002e+01,4.945332811972599885e+00
7.921977707916548184e+01,5.374599818155163966e+00
7.923978279508430944e+01,5.353505823757171100e+00
7.925978851100315126e+01,6.054060554268422933e+00
7.927979422692197886e+01,5.060695053039588664e+00
7.929979994284082068e+01,5.788629879682982704e+00
7.931980565875964828e+01,5.961190525671403506e+00
7.933981137467849010e+01,5.542906665406933442e+00
7.935981709059731770e+01,6.159238840633703305e+00
7.937982280651614531e+01,6.033350539697948989e+00
7.939982852243498712e+01,6.025400645251967724e+00
7.941983423835381473e+01,5.480315663151962724e+00
7.943983995427265654e+01,6.610253019692393650e+00
7.945984567019148415e+01,6.433378609663622072e+00
7.947985138611032596e+01,6.016905349382392743e+00
7.949985710202915357e+01,6.122803691475837695e+00
7.951986281794799538e+01,6.513358609607694305e+00
7.953986853386682299e+01,6.216863872401090063e+00
7.955987424978565059e+01,6.285625736241077455e+00
7.957987996570449241e+01,6.182763965171012011e+00
7.959988568162332001e+01,6.037672280823422000e+00
7.961989139754216183e+01,6.603166994579957816e+00
7.963989711346098943e+01,6.083866810265499581e+00
7.965990282937983125e+01,6.117036401491050768e+00
7.967990854529865885e+01,6.568302286946945401e+00
7.969991426121750067e+01,6.760663715659292805e+00
7.971991997713632827e+01,5.754613993768098013e+00
7.973992569305515588e+01,5.438756841728860536e+00
7.975993140897399769e+01,6.354557348888985935e+00
7.977993712489282530e+01,5.586056059702373844e+00
7.979994284081166711e+01,6.154482073852403090e+00
7.981994855673049472e+01,6.038546192800992252e+00
7.983995427264933653e+01,6.045689180981044686e+00
7.985995998856816414e+01,5.650865678138121240e+00
7.987996570448700595e+01,5.252237373951899713e+00
7.989997142040583356e+01,4.947396929774889429e+00
7.991997713632466116e+01,4.725809149997317604e+00
7.993998285224350298e+01,4.958969056495637240e+00
7.995998856816233058e+01,5.027186390195431898e+00
7.997999428408117240e+01,4.420229547979879214e+00
8.000000000000000000e+01,4.437454155248839349e+00
