angle,intensity
1.000000000000000000e+01,5.942059731731792915e+00
1.002000571591883471e+01,5.653106809103146446e+00
1.004001143183766764e+01,5.869118601551615022e+00
1.006001714775650235e+01,5.994512387175419121e+00
1.008002286367533529e+01,5.850287543814691738e+00
1.010002857959417000e+01,6.261830220540897329e+00
1.012003429551300293e+01,6.129658702518943514e+00
1.014004001143183764e+01,6.487879764131802673e+00
1.016004572735067235e+01,5.990171020403765034e+00
1.018005144326950528e+01,5.284081464878812362e+00
1.020005715918833999e+01,6.515263235703557143e+00
1.022006287510717293e+01,4.896190520619796871e+00
1.024006859102600764e+01,5.122540017778248966e+00
1.026007430694484057e+01,5.470720088582337937e+00
1.028008002286367528e+01,5.586290579872747131e+00
1.030008573878250999e+01,5.708284903113417741e+00
1.032009145470134293e+01,5.585909160934349416e+00
1.034009717062017764e+01,5.226927186391974622e+00
1.036010288653901057e+01,5.855689960989543863e+00
1.038010860245784528e+01,6.142822444463066134e+00
1.040011431837667999e+01,5.881899569241729964e+00
1.042012003429551292e+01,6.446546888002194997e+00
1.044012575021434763e+01,5.612807853488439136e+00
1.046013146613318057e+01,5.768111371538671150e+00
1.048013718205201528e+01,6.091669237532245873e+00
1.050014289797084821e+01,6.311781030391935943e+00
1.052014861388968292e+01,5.259964006827402727e+00
1.054015432980851585e+01,5.932971479910664314e+00
1.056016004572735056e+01,6.210623358102232316e+00
1.058016576164618527e+01,5.423427457193055190e+00
1.060017147756501821e+01,5.910825506661621986e+00
1.062017719348385292e+01,5.256188669980702777e+00
1.064018290940268585e+01,6.154387307166107490e+00
1.066018862532152056e+01,6.568121432278927863e+00
1.068019434124035527e+01,5.920695169049677631e+00
1.070020005715918820e+01,5.242476081135178489e+00
1.072020577307802292e+01,5.971201386885544693e+00
1.074021148899685585e+01,5.767307255447470027e+00
1.076021720491569056e+01,5.670800974774554248e+00
1.078022292083452349e+01,5.471757106664915327e+00
1.080022863675335820e+01,5.719121455509412755e+00
1.082023435267219291e+01,5.789030030597312582e+00
1.084024006859102585e+01,5.036934951031909691e+00
1.086024578450986056e+01,6.106384898067844347e+00
1.088025150042869349e+01,5.585751320333715242e+00
1.090025721634752820e+01,5.608424798174461046e+00
1.092026293226636113e+01,5.329524121074697973e+00
1.094026864818519584e+01,5.664811926842450163e+00
1.096027436410403055e+01,5.161953633219793502e+00
1.098028008002286349e+01,5.643055633432722651e+00
1.100028579594169820e+01,5.586889060379920835e+00
1.102029151186053113e+01,5.013789670592776915e+00
1.104029722777936584e+01,5.325349601365335417e+00
1.106030294369819877e+01,4.843246523232259904e+00
1.108030865961703348e+01,5.453734522791212846e+00
1.110031437553586819e+01,5.586957666867140126e+00
1.112032009145470113e+01,4.965586864447507409e+00
1.114032580737353584e+01,6.090530215276138470e+00
1.116033152329236877e+01,5.001707880421038865e+00
1.118033723921120348e+01,5.583512192684619180e+00
1.120034295513003642e+01,5.168224581893182901e+00
1.122034867104887113e+01,5.129976000860846597e+00
1.124035438696770584e+01,6.022804064485637099e+00
1.126036010288653877e+01,5.523572032893262929e+00
1.128036581880537348e+01,5.235942143437389618e+00
1.130037153472420641e+01,4.964589542425114743e+00
1.132037725064304112e+01,5.863272547585663297e+00
1.134038296656187583e+01,5.374416189623836715e+00
1.136038868248070877e+01,5.179659440863575881e+00
1.138039439839954348e+01,5.262896066895434544e+00
1.140040011431837641e+01,5.710350786846055016e+00
1.142040583023721112e+01,6.264062931065257800e+00
1.144041154615604405e+01,5.019135706454740387e+00
1.146041726207487876e+01,5.417128679468472541e+00
1.148042297799371170e+01,4.862692407660905936e+00
1.150042869391254641e+01,5.330676170635422650e+00
1.152043440983138112e+01,5.791984416070857122e+00
1.154044012575021405e+01,4.852548362609582000e+00
1.156044584166904876e+01,5.560407325673221379e+00
1.158045155758788169e+01,4.568526869550819214e+00
1.160045727350671640e+01,5.046946576326405420e+00
1.162046298942555111e+01,5.250454576597884504e+00
1.164046870534438405e+01,5.219860790741926770e+00
1.166047442126321876e+01,4.935622313844671538e+00
1.168048013718205169e+01,5.228589381008694303e+00
1.170048585310088640e+01,5.322669894495485110e+00
1.172049156901971934e+01,5.614056879155610247e+00
1.174049728493855405e+01,5.560755084315227137e+00
1.176050300085738698e+01,6.058070126343105599e+00
1.178050871677622169e+01,5.603489762042035416e+00
1.180051443269505640e+01,5.709429675355501388e+00
1.182052014861388933e+01,4.911023407826560216e+00
1.184052586453272404e+01,5.262978134576711042e+00
1.186053158045155698e+01,5.555405172319558993e+00
1.188053729637039169e+01,5.219057241653167090e+00
1.190054301228922640e+01,5.676978517705215666e+00
1.192054872820805933e+01,5.035576646989872174e+00
1.194055444412689404e+01,4.922450914546820044e+00
1.196056016004572697e+01,4.675742946158958802e+00
1.198056587596456168e+01,5.355083590056763931e+00
1.200057159188339639e+01,4.882194922608061205e+00
1.202057730780222933e+01,5.363648163508733191e+00
1.204058302372106226e+01,4.822677766104407127e+00
1.206058873963989697e+01,4.798273246389991087e+00
1.208059445555873168e+01,4.547375923285745358e+00
1.210060017147756461e+01,5.233847411682098993e+00
1.212060588739639932e+01,5.181499437297000910e+00
1.214061160331523226e+01,5.573492752519747739e+00
1.216061731923406697e+01,5.260727588882366135e+00
1.218062303515290168e+01,5.516955424806128327e+00
1.220062875107173461e+01,5.125337918400436621e+00
1.222063446699056932e+01,4.579761330240279094e+00
1.224064018290940226e+01,5.092485487124097432e+00
1.226064589882823697e+01,5.207373101164419538e+00
1.228065161474707168e+01,5.371016074401942397e+00
1.230065733066590461e+01,4.701466698058073490e+00
1.232066304658473754e+01,5.315983237874121414e+00
1.234066876250357225e+01,4.609363311550441544e+00
1.236067447842240696e+01,4.971598534422835058e+00
1.238068019434123990e+01,5.176691109689699033e+00
1.240068591026007461e+01,5.366515010925859031e+00
1.242069162617890754e+01,5.603893664203098091e+00
1.244069734209774225e+01,4.933705603460278866e+00
1.246070305801657696e+01,4.738436456860800838e+00
1.248070877393540989e+01,4.826986557045630732e+00
1.250071448985424460e+01,5.661098022067309721e+00
1.252072020577307754e+01,5.018684918135939199e+00
1.254072592169191225e+01,4.750187001302009548e+00
1.256073163761074696e+01,5.330611152507920281e+00
1.258073735352957989e+01,4.971731486199502115e+00
1.260074306944841460e+01,4.809177194648862397e+00
1.262074878536724754e+01,4.729397935347851245e+00
1.264075450128608225e+01,4.445963773701059552e+00
1.266076021720491518e+01,4.915165588813376729e+00
1.268076593312374989e+01,5.596604214037893321e+00
1.270077164904258282e+01,4.213882505072942486e+00
1.272077736496141753e+01,5.532433416793935521e+00
1.274078308088025224e+01,5.483906224753480885e+00
1.276078879679908518e+01,4.820744711033757568e+00
1.278079451271791989e+01,5.129145703549040647e+00
1.280080022863675282e+01,4.819608221663032488e+00
1.282080594455558753e+01,4.963969232503618656e+00
1.284081166047442224e+01,4.615815122001146520e+00
1.286081737639325517e+01,4.299384992755904022e+00
1.288082309231208988e+01,5.133490210543601329e+00
1.290082880823092282e+01,4.931338102219365638e+00
1.292083452414975753e+01,4.952006301123450527e+00
1.294084024006859224e+01,4.272428416152052044e+00
1.296084595598742517e+01,5.084860988650087066e+00
1.298085167190625810e+01,4.642963091966225697e+00
1.300085738782509281e+01,5.302862502086178154e+00
1.302086310374392752e+01,5.094194014493254485e+00
1.304086881966276046e+01,4.253662893540713696e+00
1.306087453558159517e+01,5.201195626906276459e+00
1.308088025150042810e+01,5.474772381660227616e+00
1.310088596741926281e+01,4.104027520590668665e+00
1.312089168333809752e+01,5.273070034729929745e+00
1.314089739925693046e+01,4.471523426903881493e+00
1.316090311517576517e+01,5.232501402131539692e+00
1.318090883109459810e+01,4.437893632751080730e+00
1.320091454701343281e+01,4.594031855943073950e+00
1.322092026293226752e+01,4.748219110283299571e+00
1.324092597885110045e+01,4.335123743309590161e+00
1.326093169476993339e+01,4.372396134339034290e+00
1.328093741068876810e+01,4.452963022441632113e+00
1.330094312660760281e+01,4.345084270717720187e+00
1.332094884252643574e+01,4.433289611949995823e+00
1.334095455844527045e+01,4.843330168774691025e+00
1.336096027436410338e+01,5.094304178797933957e+00
1.338096599028293809e+01,4.712026027988264865e+00
1.340097170620177280e+01,4.596844282934627657e+00
1.342097742212060574e+01,4.844658402803849739e+00
1.344098313803944045e+01,4.702057068535610007e+00
1.346098885395827338e+01,5.044849745342729008e+00
1.348099456987710809e+01,4.368720234189049201e+00
1.350100028579594280e+01,4.042362575749844922e+00
1.352100600171477573e+01,4.627296071351105766e+00
1.354101171763361044e+01,4.326552750349183185e+00
1.356101743355244338e+01,5.294460814517057301e+00
1.358102314947127809e+01,4.109298229299087168e+00
1.360102886539011102e+01,5.242370991469765151e+00
1.362103458130894573e+01,4.340202216989336392e+00
1.364104029722777867e+01,4.713720998724106437e+00
1.366104601314661338e+01,4.025105942341300924e+00
1.368105172906544809e+01,5.109563951838042684e+00
1.370105744498428102e+01,4.807428584782434733e+00
1.372106316090311573e+01,5.084159258495873246e+00
1.374106887682194866e+01,4.683891207863297268e+00
1.376107459274078337e+01,4.602151265125145052e+00
1.378108030865961808e+01,4.436049796744563345e+00
1.380108602457845102e+01,4.826024173649730464e+00
1.382109174049728573e+01,4.314388908051317806e+00
1.384109745641611866e+01,4.565404335632897492e+00
1.386110317233495337e+01,5.105777355264093487e+00
1.388110888825378808e+01,4.470267176381387486e+00
1.390111460417262101e+01,4.376116353987123730e+00
1.392112032009145395e+01,5.348829274382633336e+00
1.394112603601028866e+01,4.582219341703295257e+00
1.396113175192912337e+01,4.482256401041356142e+00
1.398113746784795630e+01,4.510270294824024084e+00
1.400114318376679101e+01,4.740232129159965169e+00
1.402114889968562395e+01,5.157811029814544312e+00
1.404115461560445866e+01,3.937115535961381418e+00
1.406116033152329337e+01,4.552895907416653287e+00
1.408116604744212630e+01,4.775644412802442673e+00
1.410117176336095923e+01,4.168434733421307214e+00
1.412117747927979394e+01,5.017577131677725788e+00
1.414118319519862865e+01,4.654164284281634423e+00
1.416118891111746336e+01,4.643111586518694267e+00
1.418119462703629630e+01,4.529320837545683709e+00
1.420120034295512923e+01,5.366118728146824779e+00
1.422120605887396394e+01,4.698735622977675774e+00
1.424121177479279865e+01,4.876450132284224637e+00
1.426121749071163336e+01,4.668947636479327201e+00
1.428122320663046629e+01,4.772018096564239364e+00
1.430122892254929923e+01,4.760888235370448029e+00
1.432123463846813394e+01,4.679387362745496048e+00
1.434124035438696865e+01,4.248209508484709573e+00
1.436124607030580158e+01,4.242299680961204800e+00
1.438125178622463629e+01,4.678196085431510554e+00
1.440125750214346922e+01,4.228024636330278696e+00
1.442126321806230393e+01,4.884869292535640284e+00
1.444126893398113864e+01,4.610347353416206495e+00
1.446127464989997158e+01,5.354358019208460107e+00
1.448128036581880451e+01,4.722204848005629785e+00
1.450128608173763922e+01,4.910140595774358019e+00
1.452129179765647393e+01,5.202009725699291209e+00
1.454129751357530864e+01,4.800035417852214437e+00
1.456130322949414158e+01,4.436272345395054550e+00
1.458130894541297451e+01,5.088545049155081657e+00
1.460131466133180922e+01,5.093831626502883125e+00
1.462132037725064393e+01,4.472900805998703433e+00
1.464132609316947686e+01,5.626430940062336461e+00
1.466133180908831157e+01,4.671201469771722792e+00
1.468133752500714451e+01,4.546642160213758999e+00
1.470134324092597922e+01,4.490406327595976244e+00
1.472134895684481393e+01,4.767838165311006904e+00
1.474135467276364686e+01,5.534512860562561976e+00
1.476136038868247979e+01,5.586508950081390701e+00
1.478136610460131450e+01,5.275506948657367801e+00
1.480137182052014921e+01,5.155079284461640654e+00
1.482137753643898392e+01,5.605824093140244990e+00
1.484138325235781686e+01,5.353904391645171401e+00
1.486138896827664979e+01,5.541901996571011679e+00
1.488139468419548450e+01,5.053344609008349586e+00
1.490140040011431921e+01,4.682121042336601313e+00
1.492140611603315392e+01,5.335567708080761307e+00
1.494141183195198685e+01,5.436196259688329313e+00
1.496141754787081979e+01,5.832358723699591074e+00
1.498142326378965450e+01,6.165760370251550881e+00
1.500142897970848921e+01,5.308192873922260802e+00
1.502143469562732214e+01,5.033109327146430445e+00
1.504144041154615508e+01,5.162765012589250802e+00
1.506144612746498979e+01,5.863393744621834713e+00
1.508145184338382450e+01,5.340407067085665815e+00
1.510145755930265921e+01,4.886925925182151964e+00
1.512146327522149214e+01,6.139068481994703674e+00
1.514146899114032507e+01,6.010169606230797434e+00
1.516147470705915978e+01,6.081353780042812573e+00
1.518148042297799449e+01,5.933553991290815510e+00
1.520148613889682920e+01,5.767701742387623121e+00
1.522149185481566214e+01,5.803401532417639785e+00
1.524149757073449507e+01,5.463471325687752511e+00
1.526150328665332978e+01,5.539319904397830285e+00
1.528150900257216449e+01,6.284268449171635851e+00
1.530151471849099742e+01,6.006778786780012425e+00
1.532152043440983036e+01,6.343405952667874104e+00
1.534152615032866507e+01,5.716664699057083965e+00
1.536153186624749978e+01,6.839072053044978894e+00
1.538153758216633449e+01,6.791132305597301411e+00
1.540154329808516742e+01,6.243867851010257652e+00
1.542154901400400036e+01,7.242903764978553482e+00
1.544155472992283507e+01,6.318311533636222777e+00
1.546156044584166978e+01,6.425857487521216882e+00
1.548156616176050449e+01,6.853130007631781595e+00
1.550157187767933742e+01,7.342906380322569149e+00
1.552157759359817035e+01,7.381520752423005760e+00
1.554158330951700506e+01,7.226423616904927627e+00
1.556158902543583977e+01,7.518919917334802250e+00
1.558159474135467271e+01,7.231850009717447847e+00
1.560160045727350742e+01,6.647205948198299907e+00
1.562160617319234035e+01,7.364525052659181448e+00
1.564161188911117506e+01,6.992248429922401698e+00
1.566161760503000977e+01,7.815701915044310333e+00
1.568162332094884270e+01,7.562688929515657854e+00
1.570162903686767564e+01,8.066458855219988067e+00
1.572163475278651035e+01,8.034173529411267722e+00
1.574164046870534506e+01,8.112125755577572761e+00
1.576164618462417977e+01,7.646971668745941031e+00
1.578165190054301270e+01,6.883290991360780708e+00
1.580165761646184563e+01,7.620909643263818367e+00
1.582166333238068034e+01,7.230415727959742966e+00
1.584166904829951505e+01,7.764014661329371236e+00
1.586167476421834799e+01,7.036841803668160367e+00
1.588168048013718270e+01,7.729751608567683618e+00
1.590168619605601563e+01,7.318286071129744386e+00
1.592169191197485034e+01,6.973923655556278689e+00
1.594169762789368505e+01,6.481874869250483506e+00
1.596170334381251799e+01,6.721214008393284089e+00
1.598170905973135092e+01,6.677134377418774136e+00
1.600171477565018563e+01,6.302609789276843344e+00
1.602172049156902034e+01,6.033207272762704854e+00
1.604172620748785505e+01,5.212310729088109440e+00
1.606173192340668976e+01,6.121421277207760525e+00
1.608173763932552092e+01,5.658739848475685008e+00
1.610174335524435563e+01,6.120440083091212458e+00
1.612174907116319034e+01,5.123914621943836067e+00
1.614175478708202505e+01,4.886185876526074168e+00
1.616176050300085620e+01,5.593493190006199711e+00
1.618176621891969091e+01,5.311528205697470639e+00
1.620177193483852562e+01,5.612318327495803949e+00
1.622177765075736033e+01,4.487854855497509732e+00
1.624178336667619504e+01,5.126841755063499484e+00
1.626178908259502620e+01,5.097791036725540792e+00
1.628179479851386091e+01,4.738410840231930266e+00
1.630180051443269562e+01,5.217569176663442221e+00
1.632180623035153033e+01,5.062791311274478012e+00
1.634181194627036149e+01,4.402055953894623563e+00
1.636181766218919620e+01,4.429221765400859212e+00
1.638182337810803091e+01,4.957661118348251961e+00
1.640182909402686562e+01,5.058888461081513022e+00
1.642183480994570033e+01,4.636129657412387139e+00
1.644184052586453504e+01,4.761426917348339671e+00
1.646184624178336620e+01,4.376869417940431717e+00
1.648185195770220091e+01,4.299978509673516136e+00
1.650185767362103562e+01,4.450140006797147940e+00
1.652186338953986677e+01,5.116795132247942135e+00
1.654186910545870148e+01,5.154970519194550960e+00
1.656187482137753619e+01,5.101640785015667312e+00
1.658188053729637090e+01,4.950403098292396109e+00
1.660188625321520561e+01,5.460500115969832535e+00
1.662189196913404032e+01,4.523309917045009065e+00
1.664189768505287148e+01,4.249773242701768261e+00
1.666190340097170619e+01,4.695691072695367119e+00
1.668190911689054090e+01,4.203325587570532207e+00
1.670191483280937561e+01,4.211886634277588470e+00
1.672192054872820677e+01,3.990551204965384624e+00
1.674192626464704148e+01,3.693615733139561819e+00
1.676193198056587619e+01,4.181766335426701175e+00
1.678193769648471090e+01,3.821932402366982284e+00
1.680194341240354561e+01,4.992563047530547138e+00
1.682194912832238032e+01,4.385056564090234588e+00
1.684195484424121148e+01,4.085797521623582895e+00
1.686196056016004619e+01,4.211611995559843891e+00
1.688196627607888090e+01,3.912950940723201043e+00
1.690197199199771205e+01,4.770282668999588083e+00
1.692197770791654676e+01,3.856746035002286632e+00
1.694198342383538147e+01,3.409858826970354251e+00
1.696198913975421618e+01,4.151013113933991860e+00
1.698199485567305089e+01,4.509304595927977388e+00
1.700200057159188560e+01,3.665111972256204886e+00
1.702200628751071676e+01,3.638027920452354458e+00
1.704201200342955147e+01,3.911252889536085853e+00
1.706201771934838618e+01,4.491655282600037324e+00
1.708202343526722089e+01,3.459551055038706746e+00
1.710202915118605205e+01,3.650830279427579761e+00
1.712203486710488676e+01,3.172172567186147596e+00
1.714204058302372147e+01,3.767268601689014673e+00
1.716204629894255618e+01,3.238683449838009931e+00
1.718205201486139089e+01,3.494060767259152378e+00
1.720205773078022204e+01,4.139357117032519184e+00
1.722206344669905675e+01,3.651279946549253808e+00
1.724206916261789146e+01,3.835639391474095383e+00
1.726207487853672617e+01,3.813065918501598262e+00
1.728208059445555733e+01,3.920427033961967123e+00
1.730208631037439204e+01,3.955843387200832062e+00
1.732209202629322675e+01,4.281178711537213744e+00
1.734209774221206146e+01,4.117155675550607796e+00
1.736210345813089617e+01,4.506247771265279312e+00
1.738210917404973088e+01,3.349406635999347959e+00
1.740211488996856204e+01,4.616505255217488113e+00
1.742212060588739675e+01,3.669893066214701349e+00
1.744212632180623146e+01,4.313764529474621412e+00
1.746213203772506262e+01,4.349327508252118335e+00
1.748213775364389733e+01,3.642594928694685485e+00
1.750214346956273204e+01,3.660225836400742061e+00
1.752214918548156675e+01,4.130727197999116029e+00
1.754215490140040146e+01,4.308070649134849717e+00
1.756216061731923617e+01,4.665128750861557094e+00
1.758216633323806732e+01,3.749961879080931926e+00
1.760217204915690203e+01,3.811952213438987158e+00
1.762217776507573674e+01,3.947886850326890684e+00
1.764218348099457145e+01,4.289097404584806483e+00
1.766218919691340261e+01,4.484421566412739146e+00
1.768219491283223732e+01,4.576787724712379379e+00
1.770220062875107203e+01,4.157144638997535502e+00
1.772220634466990674e+01,3.606142769058433117e+00
1.774221206058874145e+01,4.586041440861270857e+00
1.776221777650757616e+01,3.963037175578723925e+00
1.778222349242640732e+01,3.911235673445662808e+00
1.780222920834524203e+01,4.406324332867688653e+00
1.782223492426407674e+01,3.668589464851296000e+00
1.784224064018290790e+01,4.074351020275493340e+00
1.786224635610174261e+01,4.046113402290913541e+00
1.788225207202057732e+01,3.437783476545521744e+00
1.790225778793941203e+01,4.035924914448347778e+00
1.792226350385824674e+01,4.836670413576112715e+00
1.794226921977708145e+01,3.733771480296656620e+00
1.796227493569591260e+01,3.461515410251400748e+00
1.798228065161474731e+01,4.440900622327490055e+00
1.800228636753358202e+01,3.918164091008529581e+00
1.802229208345241318e+01,3.923753005894944579e+00
1.804229779937124789e+01,4.277702642910393038e+00
1.806230351529008260e+01,4.807201578673485187e+00
1.808230923120891731e+01,4.214021664420851465e+00
1.810231494712775202e+01,4.422206233302333089e+00
1.812232066304658673e+01,4.236162967094949217e+00
1.814232637896542144e+01,4.271809042442711757e+00
1.816233209488425260e+01,4.515410560790195760e+00
1.818233781080308731e+01,4.573914699197507261e+00
1.820234352672191847e+01,4.161340798504671312e+00
1.822234924264075318e+01,4.484839231322795605e+00
1.824235495855958789e+01,4.010238548033513872e+00
1.826236067447842260e+01,4.687057556264037750e+00
1.828236639039725731e+01,5.079224217771179717e+00
1.830237210631609202e+01,5.313675992200209031e+00
1.832237782223492673e+01,5.190383667829978620e+00
1.834238353815375788e+01,4.915511473433917367e+00
1.836238925407259259e+01,5.126381664084762591e+00
1.838239496999142730e+01,5.068155608522374678e+00
1.840240068591025846e+01,5.064653553194388813e+00
1.842240640182909317e+01,4.512785391350116804e+00
1.844241211774792788e+01,5.415800621139618798e+00
1.846241783366676259e+01,4.763704330749824578e+00
1.848242354958559730e+01,5.285539060463467109e+00
1.850242926550443201e+01,5.782099998352751236e+00
1.852243498142326672e+01,5.698245550883743960e+00
1.854244069734209788e+01,5.793329399681766745e+00
1.856244641326093259e+01,5.566357158663491234e+00
1.858245212917976374e+01,5.340068017906527409e+00
1.860245784509859845e+01,5.151287616492543187e+00
1.862246356101743316e+01,5.851650859848698261e+00
1.864246927693626787e+01,6.384793021319776329e+00
1.866247499285510258e+01,5.983093983996104370e+00
1.868248070877393729e+01,6.350648197030424491e+00
1.870248642469277200e+01,6.232182795493928396e+00
1.872249214061160316e+01,6.154098839368407958e+00
1.874249785653043787e+01,6.531778310878304517e+00
1.876250357244927258e+01,6.525185636944213385e+00
1.878250928836810374e+01,6.400138244913247121e+00
1.880251500428693845e+01,6.544867709960153768e+00
1.882252072020577316e+01,6.675479610915440176e+00
1.884252643612460787e+01,7.091775829499336936e+00
1.886253215204344258e+01,6.838138514497185128e+00
1.888253786796227729e+01,6.950839312336274389e+00
1.890254358388111200e+01,7.002288119788559584e+00
1.892254929979994316e+01,7.106053809063730853e+00
1.894255501571877787e+01,6.503441336082005364e+00
1.896256073163760902e+01,6.859533313594502246e+00
1.898256644755644373e+01,7.446133593119852456e+00
1.900257216347527844e+01,7.194021818614990238e+00
1.902257787939411315e+01,6.771331517040852788e+00
1.904258359531294786e+01,5.555478201672936045e+00
1.906258931123178257e+01,6.210097887998191624e+00
1.908259502715061728e+01,6.380516484838958391e+00
1.910260074306944844e+01,6.668208256470846251e+00
1.912260645898828315e+01,6.422067164196690214e+00
1.914261217490711431e+01,5.418587149784737989e+00
1.916261789082594902e+01,6.008091620161450486e+00
1.918262360674478373e+01,5.823629888343074157e+00
1.920262932266361844e+01,5.742058300578003482e+00
1.922263503858245315e+01,5.963678067414199369e+00
1.924264075450128786e+01,5.171135665527685887e+00
1.926264647042012257e+01,5.575637781082502187e+00
1.928265218633895373e+01,5.673515026117915028e+00
1.930265790225778844e+01,5.039622694382170032e+00
1.932266361817662315e+01,5.937350710884656380e+00
1.934266933409545430e+01,5.581259151056855217e+00
1.936267505001428901e+01,5.300076633453556063e+00
1.938268076593312372e+01,5.417802629662890723e+00
1.940268648185195843e+01,5.556353074086179511e+00
1.942269219777079314e+01,6.185886888917227822e+00
1.944269791368962785e+01,5.902098183821689048e+00
1.946270362960846256e+01,5.914592040695631603e+00
1.948270934552729372e+01,6.607347400027738793e+00
1.950271506144612843e+01,6.660546127457950050e+00
1.952272077736495959e+01,7.043044683298925968e+00
1.954272649328379430e+01,7.308292966279543279e+00
1.956273220920262901e+01,7.037405456972106066e+00
1.958273792512146372e+01,6.230678491309553202e+00
1.960274364104029843e+01,7.268533607688425491e+00
1.962274935695913314e+01,7.494184252336026475e+00
1.964275507287796785e+01,7.320505625195488086e+00
1.966276078879679901e+01,8.327846976217299968e+00
1.968276650471563372e+01,7.907680821371460667e+00
1.970277222063446487e+01,7.958466167552282755e+00
1.972277793655329958e+01,8.399986746465954113e+00
1.974278365247213429e+01,8.402042374338407171e+00
1.976278936839096900e+01,9.318113009506399536e+00
1.978279508430980371e+01,8.897952122281052922e+00
1.980280080022863842e+01,9.510274575824375631e+00
1.982280651614747313e+01,9.651670348173924552e+00
1.984281223206630784e+01,9.459200767546398936e+00
1.986281794798513900e+01,9.201989954554292694e+00
1.988282366390397371e+01,9.637351029827877724e+00
1.990282937982280487e+01,9.546545062735027898e+00
1.992283509574163958e+01,9.990995363611073543e+00
1.994284081166047429e+01,9.704937569137818798e+00
1.996284652757930900e+01,1.006030697818984621e+01
1.998285224349814371e+01,9.454944793233226008e+00
2.000285795941697842e+01,8.710362784465717212e+00
2.002286367533581313e+01,9.914208779334215293e+00
2.004286939125464428e+01,8.762025519000836482e+00
2.006287510717347899e+01,8.873756262166342168e+00
2.008288082309231015e+01,8.986089425012615095e+00
2.010288653901114486e+01,8.353848477670545947e+00
2.012289225492997957e+01,9.258547088206551479e+00
2.014289797084881428e+01,8.290692627925546176e+00
2.016290368676764899e+01,8.182760844716431947e+00
2.018290940268648370e+01,7.856217877195642352e+00
2.020291511860531841e+01,7.726237449359564025e+00
2.022292083452414957e+01,7.820037033472479138e+00
2.024292655044298428e+01,8.648431889244182713e+00
2.026293226636181899e+01,7.562701256615139478e+00
2.028293798228065015e+01,7.904201400130968835e+00
2.030294369819948486e+01,7.837211075426289142e+00
2.032294941411831957e+01,8.196811986612759782e+00
2.034295513003715428e+01,8.656568325846793144e+00
2.036296084595598899e+01,8.754019807233673234e+00
2.038296656187482370e+01,9.217237642013198951e+00
2.040297227779365841e+01,8.594744733173907747e+00
2.042297799371248956e+01,8.851301010032280203e+00
2.044298370963132427e+01,9.796057139976147354e+00
2.046298942555015543e+01,9.689040209714374186e+00
2.048299514146899014e+01,9.882748151331069764e+00
2.050300085738782485e+01,1.020551779956545069e+01
2.052300657330665956e+01,1.071977912927737187e+01
2.054301228922549427e+01,1.071756323700329716e+01
2.056301800514432898e+01,1.104368913278764452e+01
2.058302372106316369e+01,1.128314984909020424e+01
2.060302943698199485e+01,1.193280653461786223e+01
2.062303515290082956e+01,1.260952120272030719e+01
2.064304086881966072e+01,1.183892968061192796e+01
2.066304658473849543e+01,1.324519696702083849e+01
2.068305230065733014e+01,1.288192111522922012e+01
2.070305801657616485e+01,1.301096557646887142e+01
2.072306373249499956e+01,1.366055961886054959e+01
2.074306944841383427e+01,1.408935656791349622e+01
2.076307516433266898e+01,1.420425009510609016e+01
2.078308088025150369e+01,1.517890310271778986e+01
2.080308659617033484e+01,1.589708947381040183e+01
2.082309231208916955e+01,1.470877406684986966e+01
2.084309802800800071e+01,1.554821875748504745e+01
2.086310374392683542e+01,1.538323988835905709e+01
2.088310945984567013e+01,1.544606363799284843e+01
2.090311517576450484e+01,1.505170769240190687e+01
2.092312089168333955e+01,1.496544601550879783e+01
2.094312660760217426e+01,1.423737838514841414e+01
2.096313232352100897e+01,1.325643502922982186e+01
2.098313803943984013e+01,1.320996083035236701e+01
2.100314375535867484e+01,1.250275081633384922e+01
2.102314947127750600e+01,1.115887939324686862e+01
2.104315518719634071e+01,1.091935608995791895e+01
2.106316090311517542e+01,9.522263668372785261e+00
2.108316661903401013e+01,9.252049797059626712e+00
2.110317233495284484e+01,8.352205403165875452e+00
2.112317805087167955e+01,7.354929400976621068e+00
2.114318376679051426e+01,7.321317383238352683e+00
2.116318948270934541e+01,7.013149775787862694e+00
2.118319519862818012e+01,6.062996534531066573e+00
2.120320091454701483e+01,5.514920314547793190e+00
2.122320663046584599e+01,5.140139302591455461e+00
2.124321234638468070e+01,5.514738972869652756e+00
2.126321806230351541e+01,5.669696920101564785e+00
2.128322377822235012e+01,5.085323769253328408e+00
2.130322949414118483e+01,5.488729231158386845e+00
2.132323521006001954e+01,5.315971256712619386e+00
2.134324092597885425e+01,5.095242835747686883e+00
2.136324664189768541e+01,5.351039365739014286e+00
2.138325235781652012e+01,5.532955403825495111e+00
2.140325807373535127e+01,5.784472377002487953e+00
2.142326378965418598e+01,6.271471616712934960e+00
2.144326950557302069e+01,6.004466472301205116e+00
2.146327522149185540e+01,6.804015901619553830e+00
2.148328093741069011e+01,6.393008825426035102e+00
2.150328665332952482e+01,6.459060957517023027e+00
2.152329236924835953e+01,6.772647654728169542e+00
2.154329808516719069e+01,7.551036950542870940e+00
2.156330380108602540e+01,7.529508088691243550e+00
2.158330951700485656e+01,7.710300905359908086e+00
2.160331523292369127e+01,7.761957399809265468e+00
2.162332094884252598e+01,8.946041681823295733e+00
2.164332666476136069e+01,8.169149146711150777e+00
2.166333238068019540e+01,9.056437002427367489e+00
2.168333809659903011e+01,1.021782713569255385e+01
2.170334381251786482e+01,1.010898731177745979e+01
2.172334952843669598e+01,1.027678898237761018e+01
2.174335524435553069e+01,1.133249843543207902e+01
2.176336096027436540e+01,1.179171656208541563e+01
2.178336667619319655e+01,1.216516306386930069e+01
2.180337239211203126e+01,1.250376343523934075e+01
2.182337810803086597e+01,1.386405555950566715e+01
2.184338382394970068e+01,1.311914767270887516e+01
2.186338953986853539e+01,1.433582456587343223e+01
2.188339525578737010e+01,1.461503532584151444e+01
2.190340097170620481e+01,1.552524076327335578e+01
2.192340668762503597e+01,1.687362458334030180e+01
2.194341240354387068e+01,1.757780376608408446e+01
2.196341811946270184e+01,1.790338850512114277e+01
2.198342383538153655e+01,1.897101316721953168e+01
2.200342955130037126e+01,2.014551526212258636e+01
2.202343526721920597e+01,2.065807716676573591e+01
2.204344098313804068e+01,2.140922601171242690e+01
2.206344669905687539e+01,2.242604076123880219e+01
2.208345241497571010e+01,2.369644088091484235e+01
2.210345813089454126e+01,2.451335804648661565e+01
2.212346384681337597e+01,2.595121391658128118e+01
2.214346956273221068e+01,2.717759347623118771e+01
2.216347527865104183e+01,2.833400600322232066e+01
2.218348099456987654e+01,2.982482924337054087e+01
2.220348671048871125e+01,3.094378472533309221e+01
2.222349242640754596e+01,3.214435966876593653e+01
2.224349814232638067e+01,3.348912332057420826e+01
2.226350385824521538e+01,3.569385940464138685e+01
2.228350957416405009e+01,3.626038664293555769e+01
2.230351529008288125e+01,3.832012988875007409e+01
2.232352100600171596e+01,3.959583073959000643e+01
2.234352672192054712e+01,4.041364898832762975e+01
2.236353243783938183e+01,4.290618735075665313e+01
2.238353815375821654e+01,4.367584890471869841e+01
2.240354386967705125e+01,4.563308591332336306e+01
2.242354958559588596e+01,4.723823752985143898e+01
2.244355530151472067e+01,4.834334615648616307e+01
2.246356101743355538e+01,4.945889478222665758e+01
2.248356673335238654e+01,5.047430249269223879e+01
2.250357244927122125e+01,5.057956160783587052e+01
2.252357816519005240e+01,5.131933329297216062e+01
2.254358388110888711e+01,5.060181797383268787e+01
2.256358959702772182e+01,5.018892694827569301e+01
2.258359531294655653e+01,4.974259514163743745e+01
2.260360102886539124e+01,4.839568585749822205e+01
2.262360674478422595e+01,4.509582166097720801e+01
2.264361246070306066e+01,4.295958923359586379e+01
2.266361817662189182e+01,4.112376731929049356e+01
2.268362389254072653e+01,3.776467239752408744e+01
2.270362960845956124e+01,3.381145533322126795e+01
2.272363532437839240e+01,3.134915597562305578e+01
2.274364104029722711e+01,2.830329705158856868e+01
2.276364675621606182e+01,2.427709652709857480e+01
2.278365247213489653e+01,2.144474015939010059e+01
2.280365818805373124e+01,1.830414310858543914e+01
2.282366390397256595e+01,1.554564384544459088e+01
2.284366961989140066e+01,1.290437057623944028e+01
2.286367533581023181e+01,1.147471191602765828e+01
2.288368105172906652e+01,9.795415275224035767e+00
2.290368676764789768e+01,9.236364643038104560e+00
2.292369248356673239e+01,7.010510869082669849e+00
2.294369819948556710e+01,6.752632556460220314e+00
2.296370391540440181e+01,6.241863886788984850e+00
2.298370963132323652e+01,5.500416605533794190e+00
2.300371534724207123e+01,4.892369313480793735e+00
2.302372106316090594e+01,4.472616328797093921e+00
2.304372677907973710e+01,5.431531088041274380e+00
2.306373249499857181e+01,5.153388161691051295e+00
2.308373821091740652e+01,4.452227616024655887e+00
2.310374392683623768e+01,5.161984834795665833e+00
2.312374964275507239e+01,4.789966590370917210e+00
2.314375535867390710e+01,5.399486057089439406e+00
2.316376107459274181e+01,4.276991428221326608e+00
2.318376679051157652e+01,4.747514521337406812e+00
2.320377250643041123e+01,5.446301729701625405e+00
2.322377822234924594e+01,4.421257788159705271e+00
2.324378393826807709e+01,5.254422478858842283e+00
2.326378965418691180e+01,5.691433588756567019e+00
2.328379537010574296e+01,5.091527951906200222e+00
2.330380108602457767e+01,5.096192562279501459e+00
2.332380680194341238e+01,5.287397827904285919e+00
2.334381251786224709e+01,5.197459100473801996e+00
2.336381823378108180e+01,5.174199146156513329e+00
2.338382394969991651e+01,5.548552830643689759e+00
2.340382966561875122e+01,5.887330849079857487e+00
2.342383538153758238e+01,5.490384332372815201e+00
2.344384109745641709e+01,6.115886494163806475e+00
2.346384681337524825e+01,6.132720935946341712e+00
2.348385252929408296e+01,6.826175067608602376e+00
2.350385824521291767e+01,7.197395674277601074e+00
2.352386396113175238e+01,7.276340492009218508e+00
2.354386967705058709e+01,6.782023260807377163e+00
2.356387539296942180e+01,7.817792513619285621e+00
2.358388110888825651e+01,8.416679624197140441e+00
2.360388682480708766e+01,8.105513013514816123e+00
2.362389254072592237e+01,7.640639262438895685e+00
2.364389825664475708e+01,8.115628423341760822e+00
2.366390397256358824e+01,9.042093372012924846e+00
2.368390968848242295e+01,9.081064061870964821e+00
2.370391540440125766e+01,8.894454742547589277e+00
2.372392112032009237e+01,9.492547004350965878e+00
2.374392683623892708e+01,1.002000007102557788e+01
2.376393255215776179e+01,1.109591776856860257e+01
2.378393826807659650e+01,1.170318227466190564e+01
2.380394398399542766e+01,1.265293055007676237e+01
2.382394969991426237e+01,1.210311064319556351e+01
2.384395541583309353e+01,1.219365802102304563e+01
2.386396113175192824e+01,1.335562238324319750e+01
2.388396684767076295e+01,1.365334769337440690e+01
2.390397256358959766e+01,1.478859702927941022e+01
2.392397827950843237e+01,1.503750319071287045e+01
2.394398399542726708e+01,1.544054589355566875e+01
2.396398971134610179e+01,1.697299834819367703e+01
2.398399542726493294e+01,1.614203107356679823e+01
2.400400114318376765e+01,1.774767758507953985e+01
2.402400685910260236e+01,1.821579142657775208e+01
2.404401257502143352e+01,1.911725548300856303e+01
2.406401829094026823e+01,1.985103402437018616e+01
2.408402400685910294e+01,2.003005433833623172e+01
2.410402972277793765e+01,2.026976994022419376e+01
2.412403543869677236e+01,2.078547127898024627e+01
2.414404115461560707e+01,2.161848350705757227e+01
2.416404687053444178e+01,2.101607222206266457e+01
2.418405258645327294e+01,2.176319554961283842e+01
2.420405830237210765e+01,2.189449260243983275e+01
2.422406401829093880e+01,2.145661864381055395e+01
2.424406973420977351e+01,2.087788482625210662e+01
2.426407545012860822e+01,2.017285928179060406e+01
2.428408116604744293e+01,1.918054683942875016e+01
2.430408688196627764e+01,1.853725367313219863e+01
2.432409259788511235e+01,1.726463753961985148e+01
2.434409831380394706e+01,1.552458046557265092e+01
2.436410402972277822e+01,1.388532820677021817e+01
2.438410974564161293e+01,1.260467038794637773e+01
2.440411546156044409e+01,1.176655342542850491e+01
2.442412117747927880e+01,9.329078812940515775e+00
2.444412689339811351e+01,8.269147018080568401e+00
2.446413260931694822e+01,8.391177736166612888e+00
2.448413832523578293e+01,7.050349909595349018e+00
2.450414404115461764e+01,6.177797746133654400e+00
2.452414975707345235e+01,6.067606424134824650e+00
2.454415547299228351e+01,4.883285355599698896e+00
2.456416118891111822e+01,4.488124037886008999e+00
2.458416690482995293e+01,4.207698755671944291e+00
2.460417262074878408e+01,4.329909989713119245e+00
2.462417833666761879e+01,3.550968317551055797e+00
2.464418405258645350e+01,3.919797257755549325e+00
2.466418976850528821e+01,4.051362297752794106e+00
2.468419548442412292e+01,3.651924563013708713e+00
2.470420120034295763e+01,3.895291745734259070e+00
2.472420691626179234e+01,3.748678704854466304e+00
2.474421263218062350e+01,3.632939398638207251e+00
2.476421834809945821e+01,3.192297414942617095e+00
2.478422406401828937e+01,2.840541111990307677e+00
2.480422977993712408e+01,3.193465468147961950e+00
2.482423549585595879e+01,3.604438328635208855e+00
2.484424121177479350e+01,3.682347139878448417e+00
2.486424692769362821e+01,3.728477740583199029e+00
2.488425264361246292e+01,3.226432742508102081e+00
2.490425835953129763e+01,3.382261394303276880e+00
2.492426407545012879e+01,3.743407479563993334e+00
2.494426979136896350e+01,3.384520652845601774e+00
2.496427550728779821e+01,4.060987992302044880e+00
2.498428122320662936e+01,3.536604184310216059e+00
2.500428693912546407e+01,3.949388159662770015e+00
2.502429265504429878e+01,2.799185608295165384e+00
2.504429837096313349e+01,4.055209527385586377e+00
2.506430408688196820e+01,3.876708733846304433e+00
2.508430980280080291e+01,3.157388248244761719e+00
2.510431551871963762e+01,3.995856224483337549e+00
2.512432123463846878e+01,4.139402673236658892e+00
2.514432695055730349e+01,3.743116858555450399e+00
2.516433266647613465e+01,4.654410569002531695e+00
2.518433838239496936e+01,3.868065599040405367e+00
2.520434409831380407e+01,4.392454434803154228e+00
2.522434981423263878e+01,4.576673685875126907e+00
2.524435553015147349e+01,4.380630348149747277e+00
2.526436124607030820e+01,4.077734742196030382e+00
2.528436696198914291e+01,5.448252130717646580e+00
2.530437267790797407e+01,4.599941108359816511e+00
2.532437839382680878e+01,5.428979413956484201e+00
2.534438410974563993e+01,5.830918959370939625e+00
2.536438982566447464e+01,4.702565793558148854e+00
2.538439554158330935e+01,5.865997518922839049e+00
2.540440125750214406e+01,5.943472780734881944e+00
2.542440697342097877e+01,5.990575707910369196e+00
2.544441268933981348e+01,6.111750694192044975e+00
2.546441840525864819e+01,6.243428641926987765e+00
2.548442412117747935e+01,5.766225352489906975e+00
2.550442983709631406e+01,6.997086148118468074e+00
2.552443555301514877e+01,6.460316164590034660e+00
2.554444126893397993e+01,7.205885225198018773e+00
2.556444698485281464e+01,7.178015330512120151e+00
2.558445270077164935e+01,7.546573221904822049e+00
2.560445841669048406e+01,7.422071007805500109e+00
2.562446413260931877e+01,8.535269565998948593e+00
2.564446984852815348e+01,7.883416985864688975e+00
2.566447556444698819e+01,8.986295339588455278e+00
2.568448128036581934e+01,9.125445184494793693e+00
2.570448699628465405e+01,9.396184040531965209e+00
2.572449271220348521e+01,8.460752526822954422e+00
2.574449842812231992e+01,9.519474195629468838e+00
2.576450414404115463e+01,9.717438964209712537e+00
2.578450985995998934e+01,9.124589728615365658e+00
2.580451557587882405e+01,9.975852945927661253e+00
2.582452129179765876e+01,9.257413900554526620e+00
2.584452700771649347e+01,9.863129315054827373e+00
2.586453272363532463e+01,9.874840923408640947e+00
2.588453843955415934e+01,8.808954925121454949e+00
2.590454415547299405e+01,1.011673236361738404e+01
2.592454987139182521e+01,8.739966825982278920e+00
2.594455558731065992e+01,8.854509172587768262e+00
2.596456130322949463e+01,9.034813791400470251e+00
2.598456701914832934e+01,8.331674940456283096e+00
2.600457273506716405e+01,8.554957419174591848e+00
2.602457845098599520e+01,7.576581597221312414e+00
2.604458416690482991e+01,6.434760813129689616e+00
2.606458988282366462e+01,7.277161820739584286e+00
2.608459559874249933e+01,7.063023515968413157e+00
2.610460131466133404e+01,6.220371590895988234e+00
2.612460703058016520e+01,6.132204631453878285e+00
2.614461274649899991e+01,5.485977113686951512e+00
2.616461846241783462e+01,5.514372953208800610e+00
2.618462417833666933e+01,5.071497042040538972e+00
2.620462989425550404e+01,4.743888944017736975e+00
2.622463561017433520e+01,4.835357910831941552e+00
2.624464132609316991e+01,4.790714096711884196e+00
2.626464704201200462e+01,5.350627132400591179e+00
2.628465275793083933e+01,4.471263014960350723e+00
2.630465847384967049e+01,5.533744444795377859e+00
2.632466418976850520e+01,4.089522485099665872e+00
2.634466990568733991e+01,4.873155083472794580e+00
2.636467562160617462e+01,4.594969584591431122e+00
2.638468133752500933e+01,4.994174405693891927e+00
2.640468705344384048e+01,4.834512327721382619e+00
2.642469276936267519e+01,4.517680335942569236e+00
2.644469848528150990e+01,4.253491756367172805e+00
2.646470420120034461e+01,5.320693599123416107e+00
2.648470991711917932e+01,4.870104297828053319e+00
2.650471563303801048e+01,5.665491106049367787e+00
2.652472134895684519e+01,4.924204720029569771e+00
2.654472706487567990e+01,5.399703815310554766e+00
2.656473278079451461e+01,5.404953012286346059e+00
2.658473849671334932e+01,5.270166817499947420e+00
2.660474421263218048e+01,5.458691009737493438e+00
2.662474992855101519e+01,5.438032309378173501e+00
2.664475564446984990e+01,5.652269515119223264e+00
2.666476136038868461e+01,6.631353318582384304e+00
2.668476707630751577e+01,5.723741575824456085e+00
2.670477279222635048e+01,6.840477835126516304e+00
2.672477850814518519e+01,6.725720129973742800e+00
2.674478422406401990e+01,6.911701024663745585e+00
2.676478993998285461e+01,7.644039147192391859e+00
2.678479565590168576e+01,7.910257299134836551e+00
2.680480137182052047e+01,8.639472449554777000e+00
2.682480708773935518e+01,8.838728963815199791e+00
2.684481280365818989e+01,9.502607242659767195e+00
2.686481851957702460e+01,9.469180967590721920e+00
2.688482423549585576e+01,9.799578699759516454e+00
2.690482995141469047e+01,1.005963420362497018e+01
2.692483566733352518e+01,9.998020770134376178e+00
2.694484138325235989e+01,1.068146181453032817e+01
2.696484709917119105e+01,1.094623987477185167e+01
2.698485281509002576e+01,1.114791681315750793e+01
2.700485853100886047e+01,1.205623725291413351e+01
2.702486424692769518e+01,1.236157838082384686e+01
2.704486996284652989e+01,1.318558916221044974e+01
2.706487567876536104e+01,1.294375820011353362e+01
2.708488139468419575e+01,1.339176787829221382e+01
2.710488711060303046e+01,1.341131311050785513e+01
2.712489282652186517e+01,1.346675688179430352e+01
2.714489854244069988e+01,1.391904132649377068e+01
2.716490425835953104e+01,1.320277265099479713e+01
2.718490997427836575e+01,1.309678539169570577e+01
2.720491569019720046e+01,1.408511864818822623e+01
2.722492140611603517e+01,1.342151926225613856e+01
2.724492712203486633e+01,1.282016499110897811e+01
2.726493283795370104e+01,1.229039706605054860e+01
2.728493855387253575e+01,1.313993333070838254e+01
2.730494426979137046e+01,1.168718751647597287e+01
2.732494998571020517e+01,1.120909723085094534e+01
2.734495570162903633e+01,1.015370551517265696e+01
2.736496141754787104e+01,9.960505231270420978e+00
2.738496713346670575e+01,8.938088516287967522e+00
2.740497284938554046e+01,8.337646470966742385e+00
2.742497856530437517e+01,8.199023794340504878e+00
2.744498428122320632e+01,6.625041221128711300e+00
2.746498999714204103e+01,7.627014623486077838e+00
2.748499571306087574e+01,5.733941454027340789e+00
2.750500142897971045e+01,5.736223523825517923e+00
2.752500714489854516e+01,5.754781787147962291e+00
2.754501286081737632e+01,6.036285976800367159e+00
2.756501857673621103e+01,4.689087500951233167e+00
2.758502429265504574e+01,5.665883435798191314e+00
2.760503000857388045e+01,5.502112867940740060e+00
2.762503572449271161e+01,5.404847008870111047e+00
2.764504144041154632e+01,5.104620321579360187e+00
2.766504715633038103e+01,6.017946944421657562e+00
2.768505287224921574e+01,5.360267983707649009e+00
2.770505858816805045e+01,5.956874902709302866e+00
2.772506430408688161e+01,6.273075809622903343e+00
2.774507002000571632e+01,5.791488274139722670e+00
2.776507573592455103e+01,6.052866102358338551e+00
2.778508145184338574e+01,6.660210229020426809e+00
2.780508716776222045e+01,7.553653123961179716e+00
2.782509288368105160e+01,8.019831163124029771e+00
2.784509859959988631e+01,9.045532365362378258e+00
2.786510431551872102e+01,8.945416060323214680e+00
2.788511003143755573e+01,9.125024079928516940e+00
2.790511574735638689e+01,1.085080977430037663e+01
2.792512146327522160e+01,1.126402778617097766e+01
2.794512717919405631e+01,1.176183273225870352e+01
2.796513289511289102e+01,1.135622203682270204e+01
2.798513861103172573e+01,1.260434964698893268e+01
2.800514432695055689e+01,1.324772703976258192e+01
2.802515004286939160e+01,1.450880603211296638e+01
2.804515575878822631e+01,1.555669749240492727e+01
2.806516147470706102e+01,1.649367774038022105e+01
2.808516719062589573e+01,1.720989779596605729e+01
2.810517290654472689e+01,1.813987087271109999e+01
2.812517862246356160e+01,1.938144169543940265e+01
2.814518433838239631e+01,2.022201649534414614e+01
2.816519005430123102e+01,2.277553169109988218e+01
2.818519577022006217e+01,2.338592240073431228e+01
2.820520148613889688e+01,2.412439504846310001e+01
2.822520720205773159e+01,2.667585892028783334e+01
2.824521291797656630e+01,2.798904108409547575e+01
2.826521863389540101e+01,2.933878268531747580e+01
2.828522434981423217e+01,3.103479102732405437e+01
2.830523006573306688e+01,3.316840386055258705e+01
2.832523578165190159e+01,3.492128822672074051e+01
2.834524149757073630e+01,3.641319599619360048e+01
2.836524721348957101e+01,3.852692375871018982e+01
2.838525292940840217e+01,4.041357947946734441e+01
2.840525864532723688e+01,4.216884439953889796e+01
2.842526436124607159e+01,4.469482699993854879e+01
2.844527007716490630e+01,4.499218567174925454e+01
2.846527579308374101e+01,4.726513703401009536e+01
2.848528150900257216e+01,4.833915410653294487e+01
2.850528722492140687e+01,4.990447471284632286e+01
2.852529294084024158e+01,5.091714926676323216e+01
2.854529865675907629e+01,5.170757164203912026e+01
2.856530437267790745e+01,5.226156421927526452e+01
2.858531008859674216e+01,5.137723991725734152e+01
2.860531580451557687e+01,5.156639923003945825e+01
2.862532152043441158e+01,5.162837450670462403e+01
2.864532723635324629e+01,5.104018095114147258e+01
2.866533295227207745e+01,5.021204752606259802e+01
2.868533866819091216e+01,4.757959214528754899e+01
2.870534438410974687e+01,4.692809292242294816e+01
2.872535010002858158e+01,4.551972092934345682e+01
2.874535581594741629e+01,4.391386753282705513e+01
2.876536153186624745e+01,4.244949635388154974e+01
2.878536724778508216e+01,3.991597721764362916e+01
2.880537296370391687e+01,3.863212255833646935e+01
2.882537867962275158e+01,3.638705330802984861e+01
2.884538439554158273e+01,3.461964434139876090e+01
2.886539011146041744e+01,3.273986076516024468e+01
2.888539582737925215e+01,3.174328805175654722e+01
2.890540154329808686e+01,2.893916782100703244e+01
2.892540725921692157e+01,2.678460781954929359e+01
2.894541297513575273e+01,2.541298945533965181e+01
2.896541869105458744e+01,2.416951399959492974e+01
2.898542440697342215e+01,2.276254718318917369e+01
2.900543012289225686e+01,2.088714795980984107e+01
2.902543583881109157e+01,1.878833326817324334e+01
2.904544155472992273e+01,1.794982736891618913e+01
2.906544727064875744e+01,1.599069821688842197e+01
2.908545298656759215e+01,1.412718265555517050e+01
2.910545870248642686e+01,1.296748045683632711e+01
2.912546441840525802e+01,1.255854428725992378e+01
2.914547013432409273e+01,1.168829819684641969e+01
2.916547585024292744e+01,1.137073287329966575e+01
2.918548156616176215e+01,9.752641771681888727e+00
2.920548728208059686e+01,9.297135691871412533e+00
2.922549299799942801e+01,8.798196447266027675e+00
2.924549871391826272e+01,8.342391839443894952e+00
2.926550442983709743e+01,6.451348362975084072e+00
2.928551014575593214e+01,7.097331328718427201e+00
2.930551586167476685e+01,6.114878249471624727e+00
2.932552157759359801e+01,5.128027927990094881e+00
2.934552729351243272e+01,5.988657441603884024e+00
2.936553300943126743e+01,4.403548053858023614e+00
2.938553872535010214e+01,4.374579187311604223e+00
2.940554444126893330e+01,4.800435188642819817e+00
2.942555015718776801e+01,4.350843354004853225e+00
2.944555587310660272e+01,4.713839158568021048e+00
2.946556158902543743e+01,3.553464044473595429e+00
2.948556730494427214e+01,3.558272392085144453e+00
2.950557302086310330e+01,3.984657708782529895e+00
2.952557873678193801e+01,3.091690035320728391e+00
2.954558445270077272e+01,3.264530061150939133e+00
2.956559016861960743e+01,3.655630272872139486e+00
2.958559588453844214e+01,3.430090015093100853e+00
2.960560160045727329e+01,3.685383842982126179e+00
2.962560731637610800e+01,2.946194136893083737e+00
2.964561303229494271e+01,3.472639159387878038e+00
2.966561874821377742e+01,3.064862235942199753e+00
2.968562446413261213e+01,3.022419244111963277e+00
2.970563018005144329e+01,2.943130084884433284e+00
2.972563589597027800e+01,3.189482577381804518e+00
2.974564161188911271e+01,3.421269320146739901e+00
2.976564732780794742e+01,2.696128179182283535e+00
2.978565304372677858e+01,2.993521535833306046e+00
2.980565875964561329e+01,3.983129879146029673e+00
2.982566447556444800e+01,3.382115531065767122e+00
2.984567019148328271e+01,3.540725189850332910e+00
2.986567590740211742e+01,2.974369461583802998e+00
2.988568162332094857e+01,3.309315361583133885e+00
2.990568733923978328e+01,3.371238473779295752e+00
2.992569305515861799e+01,3.994351461052170649e+00
2.994569877107745270e+01,3.676800686757700554e+00
2.996570448699628741e+01,4.124751908887969165e+00
2.998571020291511857e+01,3.671497282074691171e+00
3.000571591883395328e+01,3.970168204373673237e+00
3.002572163475278799e+01,3.162293354060476069e+00
3.004572735067162270e+01,3.826780513872574119e+00
3.006573306659045386e+01,4.545613612654814339e+00
3.008573878250928857e+01,3.483080785201380536e+00
3.010574449842812328e+01,4.011177717837420609e+00
3.012575021434695799e+01,4.184192720454412040e+00
3.014575593026579270e+01,4.821751758895667095e+00
3.016576164618462386e+01,4.459104515364904486e+00
3.018576736210345857e+01,5.218600650405441854e+00
3.020577307802229328e+01,4.738442639176228433e+00
3.022577879394112799e+01,5.454842079992007875e+00
3.024578450985996270e+01,6.407972763987650922e+00
3.026579022577879385e+01,7.049647361808968782e+00
3.028579594169762856e+01,6.102775310847103896e+00
3.030580165761646327e+01,6.297038607708805635e+00
3.032580737353529798e+01,7.030774770831382803e+00
3.034581308945412914e+01,7.926615655771704461e+00
3.036581880537296385e+01,7.750424518733965762e+00
3.038582452129179856e+01,8.817198312275385419e+00
3.040583023721063327e+01,9.105073828443199346e+00
3.042583595312946798e+01,9.298816314244735537e+00
3.044584166904829914e+01,1.098914433973600424e+01
3.046584738496713385e+01,1.120767340818794366e+01
3.048585310088596856e+01,1.165395105437385581e+01
3.050585881680480327e+01,1.329663094238176591e+01
3.052586453272363798e+01,1.441833514382823012e+01
3.054587024864246914e+01,1.538245780719176636e+01
3.056587596456130385e+01,1.573973425054203190e+01
3.058588168048013856e+01,1.667762477075137184e+01
3.060588739639897327e+01,1.798381424504322013e+01
3.062589311231780798e+01,1.817543933978326010e+01
3.064589882823663913e+01,2.017965109216353170e+01
3.066590454415547384e+01,2.168767303491483744e+01
3.068591026007430855e+01,2.240980627595008201e+01
3.070591597599314326e+01,2.348156086923280839e+01
3.072592169191197442e+01,2.508254274385922145e+01
3.074592740783080913e+01,2.614725942702730777e+01
3.076593312374964384e+01,2.780431559252634344e+01
3.078593883966847855e+01,2.819014670610241424e+01
3.080594455558731326e+01,2.971829281206538198e+01
3.082595027150614442e+01,3.081964204196437862e+01
3.084595598742497913e+01,3.203880886082661306e+01
3.086596170334381384e+01,3.317780458527467147e+01
3.088596741926264855e+01,3.346901214977421546e+01
3.090597313518148326e+01,3.383017909217875285e+01
3.092597885110031442e+01,3.378504051177772283e+01
3.094598456701914913e+01,3.395944457146417506e+01
3.096599028293798384e+01,3.461421430567644819e+01
3.098599599885681855e+01,3.369817139846643528e+01
3.100600171477564970e+01,3.256293399384121301e+01
3.102600743069448441e+01,3.134204055655442644e+01
3.104601314661331912e+01,2.980855860907205468e+01
3.106601886253215383e+01,2.753874273410202278e+01
3.108602457845098854e+01,2.554166663680556937e+01
3.110603029436981970e+01,2.315994484320709290e+01
3.112603601028865441e+01,2.096022674124046503e+01
3.114604172620748912e+01,2.025238118146603838e+01
3.116604744212632383e+01,1.706918474930423457e+01
3.118605315804515854e+01,1.521952730554746935e+01
3.120605887396398970e+01,1.413327069313895379e+01
3.122606458988282441e+01,1.163062980352449749e+01
3.124607030580165912e+01,1.103644428768395969e+01
3.126607602172049383e+01,9.431763056926525834e+00
3.128608173763932498e+01,8.420937403904980911e+00
3.130608745355815969e+01,7.067913601567701321e+00
3.132609316947699440e+01,6.679081557472562380e+00
3.134609888539582911e+01,7.401144575002259529e+00
3.136610460131466382e+01,7.463463496890664572e+00
3.138611031723349498e+01,7.207095228175024459e+00
3.140611603315232969e+01,6.438880213932665519e+00
3.142612174907116440e+01,6.987169738969171817e+00
3.144612746498999911e+01,6.698694465537762710e+00
3.146613318090883382e+01,6.820451774639572307e+00
3.148613889682766498e+01,7.486023171168741719e+00
3.150614461274649969e+01,7.672350475126476610e+00
3.152615032866533440e+01,7.565708811907655651e+00
3.154615604458416911e+01,7.358531594390384178e+00
3.156616176050300382e+01,8.619866586790180918e+00
3.158616747642183498e+01,8.366878296513929669e+00
3.160617319234066969e+01,9.585493972121877704e+00
3.162617890825950440e+01,1.039103799186845123e+01
3.164618462417833911e+01,1.030318527389069416e+01
3.166619034009717026e+01,1.084068523536325124e+01
3.168619605601600497e+01,1.168560858837149752e+01
3.170620177193483968e+01,1.217166775833307568e+01
3.172620748785367439e+01,1.282852277565696575e+01
3.174621320377250910e+01,1.368288918597551174e+01
3.176621891969134026e+01,1.398643799539716248e+01
3.178622463561017497e+01,1.601723493655264718e+01
3.180623035152900968e+01,1.628018798521075183e+01
3.182623606744784439e+01,1.777750602934634117e+01
3.184624178336667910e+01,1.797476288802367606e+01
3.186624749928551026e+01,1.857129986550361522e+01
3.188625321520434497e+01,1.999560344449676208e+01
3.190625893112317968e+01,2.086888626093156418e+01
3.192626464704201439e+01,2.188695558307202660e+01
3.194627036296084555e+01,2.277058452725538729e+01
3.196627607887968026e+01,2.409066448721303644e+01
3.198628179479851497e+01,2.403838065809569002e+01
3.200628751071734968e+01,2.466798469221306433e+01
3.202629322663618439e+01,2.532020581370435508e+01
3.204629894255501199e+01,2.663125355110707559e+01
3.206630465847385381e+01,2.651855241415833220e+01
3.208631037439268141e+01,2.566401394438908312e+01
3.210631609031152323e+01,2.591234119999380070e+01
3.212632180623035083e+01,2.547738192678289693e+01
3.214632752214918554e+01,2.503708416863923247e+01
3.216633323806802025e+01,2.492930730320532362e+01
3.218633895398685496e+01,2.315960245365690184e+01
3.220634466990568967e+01,2.120812658293815289e+01
3.222635038582451728e+01,1.994652691674318845e+01
3.224635610174335909e+01,1.869063432865857877e+01
3.226636181766218670e+01,1.719473359287009728e+01
3.228636753358102851e+01,1.515320885902687031e+01
3.230637324949985612e+01,1.358616944057127540e+01
3.232637896541869083e+01,1.305747173326233757e+01
3.234638468133752554e+01,1.125179118083147500e+01
3.236639039725636025e+01,9.736080181893674634e+00
3.238639611317519496e+01,9.613124736098557221e+00
3.240640182909402967e+01,7.794363178970473705e+00
3.242640754501286438e+01,7.503894943168600840e+00
3.244641326093169198e+01,5.802044345678648796e+00
3.246641897685053380e+01,5.658354227206388032e+00
3.248642469276936140e+01,5.401510142477826903e+00
3.250643040868819611e+01,4.675341740765157184e+00
3.252643612460703082e+01,4.465094628894461515e+00
3.254644184052586553e+01,4.241591708516407877e+00
3.256644755644470024e+01,3.888803570432968648e+00
3.258645327236353495e+01,3.365703466516213105e+00
3.260645898828236966e+01,3.533786387286475428e+00
3.262646470420119726e+01,3.467609255767836629e+00
3.264647042012003908e+01,3.506983009857215450e+00
3.266647613603886668e+01,2.349791674943488839e+00
3.268648185195770850e+01,3.581333850335793656e+00
3.270648756787653610e+01,3.621951218861680921e+00
3.272649328379537081e+01,2.875273078368505875e+00
3.274649899971420552e+01,2.608476189828253133e+00
3.276650471563304023e+01,2.358536257764856536e+00
3.278651043155187494e+01,2.612886026395492944e+00
3.280651614747070255e+01,2.267109647873016609e+00
3.282652186338954436e+01,2.841166236557839397e+00
3.284652757930837197e+01,3.284123224448271650e+00
3.286653329522721378e+01,3.249197949379544426e+00
3.288653901114604139e+01,3.011239980059916110e+00
3.290654472706487610e+01,2.943343156903447166e+00
3.292655044298371081e+01,3.163031891578961474e+00
3.294655615890254552e+01,3.192849940000157538e+00
3.296656187482138023e+01,1.875536666974269018e+00
3.298656759074020783e+01,3.366874325781590738e+00
3.300657330665904965e+01,2.403204924862903713e+00
3.302657902257787725e+01,3.326427856254875692e+00
3.304658473849671907e+01,2.611704837044584337e+00
3.306659045441554667e+01,2.246244742937894667e+00
3.308659617033438138e+01,2.587231027719827381e+00
3.310660188625321609e+01,2.877622579003742409e+00
3.312660760217205080e+01,2.585856064662640286e+00
3.314661331809088551e+01,2.115825509124665160e+00
3.316661903400971312e+01,3.626307365589807485e+00
3.318662474992855493e+01,2.895845150579767768e+00
3.320663046584738254e+01,2.878428854615244337e+00
3.322663618176622435e+01,2.709095929703265959e+00
3.324664189768505196e+01,3.095762375548890333e+00
3.326664761360388667e+01,3.442709563539234630e+00
3.328665332952272138e+01,2.965145020645904239e+00
3.330665904544155609e+01,3.665554491663129966e+00
3.332666476136039080e+01,3.497107482483690966e+00
3.334667047727922551e+01,3.520172819267824771e+00
3.336667619319806022e+01,3.953463144961251174e+00
3.338668190911688782e+01,3.330871917441903918e+00
3.340668762503572964e+01,4.267798085461559587e+00
3.342669334095455724e+01,3.817916381921156788e+00
3.344669905687339195e+01,4.716997078072268756e+00
3.346670477279222666e+01,5.230002898269357381e+00
3.348671048871106137e+01,4.538583986162207928e+00
3.350671620462989608e+01,4.660623994680945792e+00
3.352672192054873079e+01,4.905220278894500296e+00
3.354672763646756550e+01,5.764825984803855441e+00
3.356673335238639311e+01,5.746266304909455336e+00
3.358673906830523492e+01,6.194377767480382602e+00
3.360674478422406253e+01,5.897517872429826724e+00
3.362675050014290434e+01,6.437389753788496094e+00
3.364675621606173195e+01,7.325511601350436663e+00
3.366676193198056666e+01,7.137473582128968985e+00
3.368676764789940137e+01,8.016259351400828237e+00
3.370677336381823608e+01,7.707670430207452128e+00
3.372677907973707079e+01,8.100396262698559724e+00
3.374678479565589839e+01,7.751496952045034305e+00
3.376679051157474021e+01,9.055433175015094704e+00
3.378679622749356781e+01,8.268372830570754672e+00
3.380680194341240963e+01,8.943187602622518995e+00
3.382680765933123723e+01,8.904535871071193043e+00
3.384681337525007194e+01,9.137233831409007578e+00
3.386681909116890665e+01,8.037392467399248730e+00
3.388682480708774136e+01,8.146746814825972294e+00
3.390683052300657607e+01,8.123576311431518704e+00
3.392683623892540368e+01,8.230441056296948332e+00
3.394684195484424549e+01,7.869445096734025036e+00
3.396684767076307310e+01,8.253871266152886577e+00
3.398685338668191491e+01,7.460095049173732562e+00
3.400685910260074252e+01,8.387841462133145853e+00
3.402686481851957723e+01,8.258413038970470410e+00
3.404687053443841194e+01,8.494896355667471255e+00
3.406687625035724665e+01,9.367466115412025118e+00
3.408688196627608136e+01,8.998987274192232988e+00
3.410688768219490896e+01,8.559211086184266293e+00
3.412689339811375078e+01,9.416133977247993059e+00
3.414689911403257838e+01,9.567726264794734092e+00
3.416690482995142020e+01,9.529022547939643317e+00
3.418691054587024780e+01,1.037610289437084887e+01
3.420691626178908251e+01,1.070090120333952655e+01
3.422692197770791722e+01,1.038863107133716746e+01
3.424692769362675193e+01,1.019696062505664713e+01
3.426693340954558664e+01,1.095534799844656781e+01
3.428693912546442135e+01,1.066234790048333103e+01
3.430694484138325606e+01,1.057379318700960447e+01
3.432695055730208367e+01,1.011631058592691268e+01
3.434695627322092548e+01,9.928921771409729757e+00
3.436696198913975309e+01,9.168716671321675449e+00
3.438696770505858780e+01,8.689685050619754492e+00
3.440697342097742251e+01,7.345776900880340854e+00
3.442697913689625722e+01,7.081816170678766120e+00
3.444698485281509193e+01,6.600733140675394850e+00
3.446699056873392664e+01,5.796710631254470059e+00
3.448699628465276135e+01,5.097430411805970785e+00
3.450700200057158895e+01,4.204974652168861127e+00
3.452700771649043077e+01,4.298701648794668984e+00
3.454701343240925837e+01,3.898088391261606223e+00
3.456701914832810019e+01,2.740330963171017764e+00
3.458702486424692779e+01,3.236029132998091029e+00
3.460703058016576250e+01,2.960747126449267519e+00
3.462703629608459721e+01,2.041859261637199552e+00
3.464704201200343192e+01,1.802885563123293622e+00
3.466704772792226663e+01,2.529379780586708648e+00
3.468705344384109424e+01,2.625336513247154890e+00
3.470705915975993605e+01,2.876911607775423096e+00
3.472706487567876366e+01,2.260165122156002404e+00
3.474707059159760547e+01,1.961567893353017844e+00
3.476707630751643308e+01,1.944710414994050396e+00
3.478708202343526779e+01,2.363994516599779327e+00
3.480708773935410250e+01,2.197849005148002632e+00
3.482709345527293721e+01,2.322197612088710006e+00
3.484709917119177192e+01,2.051444239071309461e+00
3.486710488711059952e+01,2.671774099855131368e+00
3.488711060302944134e+01,2.603492760571112008e+00
3.490711631894826894e+01,2.301177809514650008e+00
3.492712203486711076e+01,2.629485942197957726e+00
3.494712775078593836e+01,2.705081806330111860e+00
3.496713346670477307e+01,2.090058015359260501e+00
3.498713918262360778e+01,2.227783184006660644e+00
3.500714489854244249e+01,3.224534350105050517e+00
3.502715061446127720e+01,2.674600042990495918e+00
3.504715633038010481e+01,2.183175504829615754e+00
3.506716204629894662e+01,3.056492234085587789e+00
3.508716776221777423e+01,2.529671983541245339e+00
3.510717347813661604e+01,3.101117269606872284e+00
3.512717919405544365e+01,3.936530538075545316e+00
3.514718490997427836e+01,3.997474304083246111e+00
3.516719062589311307e+01,4.096909305533072754e+00
3.518719634181194778e+01,3.973522905573832364e+00
3.520720205773078249e+01,4.181426656804307029e+00
3.522720777364961720e+01,4.764755094349582443e+00
3.524721348956845191e+01,5.152153562392055797e+00
3.526721920548727951e+01,5.149376580767219380e+00
3.528722492140612133e+01,6.055077942520404655e+00
3.530723063732494893e+01,6.391658259684636079e+00
3.532723635324378364e+01,6.293257293720049717e+00
3.534724206916261835e+01,6.662828005497685169e+00
3.536724778508145306e+01,6.333795590068071135e+00
3.538725350100028777e+01,7.394014811142263000e+00
3.540725921691912248e+01,7.801342409241610376e+00
3.542726493283795719e+01,8.596133343584112296e+00
3.544727064875678479e+01,8.532312319989969751e+00
3.546727636467562661e+01,1.000084505090794806e+01
3.548728208059445421e+01,1.004503148513001776e+01
3.550728779651329603e+01,9.870315568863730959e+00
3.552729351243212363e+01,1.103089216893776481e+01
3.554729922835095834e+01,1.108037014907128537e+01
3.556730494426979305e+01,1.131509242670357729e+01
3.558731066018862776e+01,1.083105021935433676e+01
3.560731637610746247e+01,1.151600889009568895e+01
3.562732209202629008e+01,1.108852424459223940e+01
3.564732780794513189e+01,1.167705039479409557e+01
3.566733352386395950e+01,1.057860293662692719e+01
3.568733923978280131e+01,1.033186283163753849e+01
3.570734495570162892e+01,9.837053991508245332e+00
3.572735067162046363e+01,9.215933907753651511e+00
3.574735638753929834e+01,8.486809973305893706e+00
3.576736210345813305e+01,7.678162748630268375e+00
3.578736781937696776e+01,7.356051241527044482e+00
3.580737353529579536e+01,6.209773291556758501e+00
3.582737925121463718e+01,5.522361155116410458e+00
3.584738496713346478e+01,4.971812107994345808e+00
3.586739068305230660e+01,5.078685266194946202e+00
3.588739639897113420e+01,5.024689326610096707e+00
3.590740211488996891e+01,4.212963512781155551e+00
3.592740783080880362e+01,3.275087341188285261e+00
3.594741354672763833e+01,3.289040940087816001e+00
3.596741926264647304e+01,3.250829559333806351e+00
3.598742497856530065e+01,2.976705911917553404e+00
3.600743069448414246e+01,3.411213963844769381e+00
3.602743641040297007e+01,2.766806954284779962e+00
3.604744212632181188e+01,2.827755709763176473e+00
3.606744784224063949e+01,3.088350353177497176e+00
3.608745355815947420e+01,2.895147844075042443e+00
3.610745927407830891e+01,2.823264428139891535e+00
3.612746498999714362e+01,2.961794522611733704e+00
3.614747070591597833e+01,3.762059314066323878e+00
3.616747642183481304e+01,2.965628670766659258e+00
3.618748213775364775e+01,2.860802672593258933e+00
3.620748785367247535e+01,2.162086827433149061e+00
3.622749356959131717e+01,2.595668515744059768e+00
3.624749928551014477e+01,2.040948980717284922e+00
3.626750500142897948e+01,2.874244492960060349e+00
3.628751071734781419e+01,2.937404432744128435e+00
3.630751643326664890e+01,2.559220442427822206e+00
3.632752214918548361e+01,1.882264288179472000e+00
3.634752786510431832e+01,1.671666045504608622e+00
3.636753358102315303e+01,2.190624457924538859e+00
3.638753929694198064e+01,2.264810426690129219e+00
3.640754501286082245e+01,1.819786757872207783e+00
3.642755072877965006e+01,1.514629662622859252e+00
3.644755644469849187e+01,1.607459529848642710e+00
3.646756216061731948e+01,2.045645119016263003e+00
3.648756787653615419e+01,1.903416443209031916e+00
3.650757359245498890e+01,2.240868260828232206e+00
3.652757930837382361e+01,9.112842401134554349e-01
3.654758502429265832e+01,1.429391550661412769e+00
3.656759074021148592e+01,9.924359311447108478e-01
3.658759645613032774e+01,1.412581633325205477e+00
3.660760217204915534e+01,1.608706031072800968e+00
3.662760788796799716e+01,1.628356832858946168e+00
3.664761360388682476e+01,1.413306667600933819e+00
3.666761931980565947e+01,1.031581495405845983e+00
3.668762503572449418e+01,1.518487429268269739e+00
3.670763075164332889e+01,9.618287309843867039e-01
3.672763646756216360e+01,1.054576869677451567e+00
3.674764218348099121e+01,1.786431001786066286e+00
3.676764789939983302e+01,1.083498766671789459e+00
3.678765361531866063e+01,1.293912116075066177e+00
3.680765933123750244e+01,1.560504571691276876e+00
3.682766504715633005e+01,1.952649812144759967e+00
3.684767076307516476e+01,1.733333975064986321e+00
3.686767647899399947e+01,1.749760476474345516e+00
3.688768219491283418e+01,6.283506689178075533e-01
3.690768791083166889e+01,1.649874347064765434e+00
3.692769362675049649e+01,1.773662501408439063e+00
3.694769934266933831e+01,1.352072942149827650e+00
3.696770505858816591e+01,1.596715053429027531e+00
3.698771077450700773e+01,1.528087862472803149e+00
3.700771649042583533e+01,9.779402062340659674e-01
3.702772220634467004e+01,1.396036201694990986e+00
3.704772792226350475e+01,1.950525054030255667e+00
3.706773363818233946e+01,1.240856708227124905e+00
3.708773935410117417e+01,1.213229012160064180e+00
3.710774507002000888e+01,8.770020374799842866e-01
3.712775078593884359e+01,7.829514277351583562e-01
3.714775650185767120e+01,1.438636942822137277e+00
3.716776221777651301e+01,1.778972642199969201e+00
3.718776793369534062e+01,2.226719142001972074e+00
3.720777364961417533e+01,1.593933679327372399e+00
3.722777936553301004e+01,1.678918197806630541e+00
3.724778508145184475e+01,1.653387955178713398e+00
3.726779079737067946e+01,1.678575809572290467e+00
3.728779651328951417e+01,1.163346108540405321e+00
3.730780222920834888e+01,2.047071091876809579e+00
3.732780794512717648e+01,1.544983826962849527e+00
3.734781366104601830e+01,1.528920818905405099e+00
3.736781937696484590e+01,1.324436092269923426e+00
3.738782509288368772e+01,1.894956080153539446e+00
3.740783080880251532e+01,2.345892201090248541e+00
3.742783652472135003e+01,1.183517248591414939e+00
3.744784224064018474e+01,1.172953002002858902e+00
3.746784795655901945e+01,1.678586406183508295e+00
3.748785367247785416e+01,1.829237397371895169e+00
3.750785938839668177e+01,2.124069635079330887e+00
3.752786510431552358e+01,1.368235143675704535e+00
3.754787082023435119e+01,1.301926605037275309e+00
3.756787653615319300e+01,2.651713404270950925e+00
3.758788225207202061e+01,1.338472278730960197e+00
3.760788796799085532e+01,2.454472246779880074e+00
3.762789368390969003e+01,2.131481980698876733e+00
3.764789939982852474e+01,2.727241957850126575e+00
3.766790511574735945e+01,2.118324907879638896e+00
3.768791083166618705e+01,2.090217079124989663e+00
3.770791654758502887e+01,2.039340384978954202e+00
3.772792226350385647e+01,2.622421937325112751e+00
3.774792797942269829e+01,2.178713685469698014e+00
3.776793369534152589e+01,2.674046568056004158e+00
3.778793941126036060e+01,2.886759771706345123e+00
3.780794512717919531e+01,2.817714392053074945e+00
3.782795084309803002e+01,2.979939337013940204e+00
3.784795655901686473e+01,2.236766446635727768e+00
3.786796227493569234e+01,2.636356708862959586e+00
3.788796799085453415e+01,3.459598258829502004e+00
3.790797370677336176e+01,3.357854796818775966e+00
3.792797942269220357e+01,2.434982297044742339e+00
3.794798513861103118e+01,2.787826467323405666e+00
3.796799085452986589e+01,2.869850647907523644e+00
3.798799657044870060e+01,2.934842164547351029e+00
3.800800228636753531e+01,3.545524753335487667e+00
3.802800800228637002e+01,4.095553278583667023e+00
3.804801371820520473e+01,3.741325048627162531e+00
3.806801943412403944e+01,3.643304854209551635e+00
3.808802515004286704e+01,4.036672718121545600e+00
3.810803086596170886e+01,4.324288663175087422e+00
3.812803658188053646e+01,4.829762844996362325e+00
3.814804229779937117e+01,4.899957971452698402e+00
3.816804801371820588e+01,4.097036331488887129e+00
3.818805372963704059e+01,5.313165158488788009e+00
3.820805944555587530e+01,4.559291253737684180e+00
3.822806516147471001e+01,5.659391169300051594e+00
3.824807087739354472e+01,5.557125522262670536e+00
3.826807659331237232e+01,4.789506230413026699e+00
3.828808230923121414e+01,4.331596366024252021e+00
3.830808802515004174e+01,5.104075911917502317e+00
3.832809374106888356e+01,4.446633464436325234e+00
3.834809945698771116e+01,4.568151647912980451e+00
3.836810517290654587e+01,4.643808431308229956e+00
3.838811088882538058e+01,4.442389080652434430e+00
3.840811660474421529e+01,3.669678894193816099e+00
3.842812232066305000e+01,3.457895183604858147e+00
3.844812803658187761e+01,3.837389855913454273e+00
3.846813375250071942e+01,3.312603977933013866e+00
3.848813946841954703e+01,2.903074105377762226e+00
3.850814518433838884e+01,3.196937377534261771e+00
3.852815090025721645e+01,3.459096226493224790e+00
3.854815661617605116e+01,2.614293224271030613e+00
3.856816233209488587e+01,2.558809248533376213e+00
3.858816804801372058e+01,3.018510601320213205e+00
3.860817376393255529e+01,3.707470652824714108e+00
3.862817947985138289e+01,3.686161525197046984e+00
3.864818519577022471e+01,2.603717244842846057e+00
3.866819091168905231e+01,2.913073324301526323e+00
3.868819662760789413e+01,3.115858348630495378e+00
3.870820234352672173e+01,3.092803670757072965e+00
3.872820805944555644e+01,2.716812529201751758e+00
3.874821377536439115e+01,2.982720992846352281e+00
3.876821949128322586e+01,3.042516545321237054e+00
3.878822520720206057e+01,3.161724346248099948e+00
3.880823092312088818e+01,4.181983921132460758e+00
3.882823663903972999e+01,3.389857836699652793e+00
3.884824235495855760e+01,3.506739293125066936e+00
3.886824807087739941e+01,4.035596385191033697e+00
3.888825378679622702e+01,4.344026519010196097e+00
3.890825950271506173e+01,4.739776720487590467e+00
3.892826521863389644e+01,5.007796859975030657e+00
3.894827093455273115e+01,5.348925777780944024e+00
3.896827665047156586e+01,5.665362717124142300e+00
3.898828236639040057e+01,6.130796032648004434e+00
3.900828808230923528e+01,7.082247360848761275e+00
3.902829379822806288e+01,6.962898668436317884e+00
3.904829951414690470e+01,6.669219413049189527e+00
3.906830523006573230e+01,7.064798353109257079e+00
3.908831094598456701e+01,8.142128281168369952e+00
3.910831666190340172e+01,9.838817080733921472e+00
3.912832237782223643e+01,8.966999043587081886e+00
3.914832809374107114e+01,9.773372984202213232e+00
3.916833380965990585e+01,1.057289097052811400e+01
3.918833952557874056e+01,1.142268473648712579e+01
3.920834524149756817e+01,1.175786464342868776e+01
3.922835095741640998e+01,1.190580539155934758e+01
3.924835667333523759e+01,1.169047471020827444e+01
3.926836238925407940e+01,1.282119748065610665e+01
3.928836810517290701e+01,1.235216387245129255e+01
3.930837382109174172e+01,1.264066785044131258e+01
3.932837953701057643e+01,1.304935827582245977e+01
3.934838525292941114e+01,1.227058004991081042e+01
3.936839096884824585e+01,1.168828032568496234e+01
3.938839668476707345e+01,1.147697945033416111e+01
3.940840240068591527e+01,1.132433266540876815e+01
3.942840811660474287e+01,1.122262008899738817e+01
3.944841383252358469e+01,8.887753966011183948e+00
3.946841954844241229e+01,9.286063274800763878e+00
3.948842526436124700e+01,8.645198982906428853e+00
3.950843098028008171e+01,8.049293679411544389e+00
3.952843669619891642e+01,5.855151571397838595e+00
3.954844241211775113e+01,6.053664867749439793e+00
3.956844812803657874e+01,5.801423542235041531e+00
3.958845384395542055e+01,5.311212353290240884e+00
3.960845955987424816e+01,4.168955340171310198e+00
3.962846527579308997e+01,4.750084262356272902e+00
3.964847099171191758e+01,4.497867496422370159e+00
3.966847670763075229e+01,4.234052380490797240e+00
3.968848242354958700e+01,3.633505731594032895e+00
3.970848813946842171e+01,4.571019028119196470e+00
3.972849385538725642e+01,4.914350105810497027e+00
3.974849957130608402e+01,5.164410714280469605e+00
3.976850528722492584e+01,2.009104550273403511e+00
3.978851100314375344e+01,5.371182159779785970e+00
3.980851671906259526e+01,5.153462321388070144e+00
3.982852243498142286e+01,5.359946923327930435e+00
3.984852815090025757e+01,2.728044155876931498e+00
3.986853386681909228e+01,5.080880317543105207e+00
3.988853958273792699e+01,5.568722070987044859e+00
3.990854529865676170e+01,6.249689209905350040e+00
3.992855101457559641e+01,2.601177734138539144e+00
3.994855673049443112e+01,6.119619174389153926e+00
3.996856244641325873e+01,6.859393780934696316e+00
3.998856816233210054e+01,6.152167386458295972e+00
4.000857387825092815e+01,2.132093600009181245e+00
4.002857959416976286e+01,6.847807471823173842e+00
4.004858531008859757e+01,6.496705801488404930e+00
4.006859102600743228e+01,6.125165266315940826e+00
4.008859674192626699e+01,2.609578150945665254e+00
4.010860245784510170e+01,6.036920648985024229e+00
4.012860817376393641e+01,5.839521527706359905e+00
4.014861388968276401e+01,5.579391012368315472e+00
4.016861960560160583e+01,2.518076536811900024e+00
4.018862532152043343e+01,5.827619521904375155e+00
4.020863103743927525e+01,5.168077341973913441e+00
4.022863675335810285e+01,4.443808128350537956e+00
4.024864246927693756e+01,3.358803857237623980e+00
4.026864818519577227e+01,3.860548809036572937e+00
4.028865390111460698e+01,3.391481692965209405e+00
4.030865961703344169e+01,3.852092545833811776e+00
4.032866533295226930e+01,3.136818910368249558e+00
4.034867104887111111e+01,4.017620309798332734e+00
4.036867676478993872e+01,3.126606798660122699e+00
4.038868248070878053e+01,2.361662990623025760e+00
4.040868819662760814e+01,2.465615199484004094e+00
4.042869391254644285e+01,3.104185398870366264e+00
4.044869962846527756e+01,3.163751905939161446e+00
4.046870534438411227e+01,2.959514297009083972e+00
4.048871106030294698e+01,3.034518418291600739e+00
4.050871677622177458e+01,3.307667362470488648e+00
4.052872249214061640e+01,2.641407473832676711e+00
4.054872820805944400e+01,2.823915480816365786e+00
4.056873392397828582e+01,3.599510012800755110e+00
4.058873963989711342e+01,3.584988622912038014e+00
4.060874535581594813e+01,3.875318619345073046e+00
4.062875107173478284e+01,4.061032107701183058e+00
4.064875678765361755e+01,3.803515409890284360e+00
4.066876250357245226e+01,4.645632934523717061e+00
4.068876821949127986e+01,3.712628284565964609e+00
4.070877393541012168e+01,4.568216773107097062e+00
4.072877965132894929e+01,4.888017799269186447e+00
4.074878536724779110e+01,5.032612063970493210e+00
4.076879108316661871e+01,5.820650716292983695e+00
4.078879679908545342e+01,6.254597273452704442e+00
4.080880251500428813e+01,6.525365508842382312e+00
4.082880823092312284e+01,5.867092730156306501e+00
4.084881394684195755e+01,7.299285401864128886e+00
4.086881966276079226e+01,7.800327493632122966e+00
4.088882537867962697e+01,7.318775719945019631e+00
4.090883109459845457e+01,9.346504325152464432e+00
4.092883681051729639e+01,8.803157910800019081e+00
4.094884252643612399e+01,9.381662471086766431e+00
4.096884824235495870e+01,1.071770728334069211e+01
4.098885395827379341e+01,1.027434422277007897e+01
4.100885967419262812e+01,1.095763022438953271e+01
4.102886539011146283e+01,1.122292281787320789e+01
4.104887110603029754e+01,1.176970971479842021e+01
4.106887682194913225e+01,1.157153609770819536e+01
4.108888253786795985e+01,1.203884279808358748e+01
4.110888825378680167e+01,1.155187182060113926e+01
4.112889396970562927e+01,1.127962737466502219e+01
4.114889968562447109e+01,1.128630454939567862e+01
4.116890540154329869e+01,1.097660378664915015e+01
4.118891111746213340e+01,1.055611075175187707e+01
4.120891683338096811e+01,9.271538679338057420e+00
4.122892254929980282e+01,9.651559587550879726e+00
4.124892826521863753e+01,9.351430817460972378e+00
4.126893398113746514e+01,8.517620316592074303e+00
4.128893969705630695e+01,7.459422926281136235e+00
4.130894541297513456e+01,7.270778036290733937e+00
4.132895112889397637e+01,6.077214687311750296e+00
4.134895684481280398e+01,6.225479844511646377e+00
4.136896256073163869e+01,5.361304807354078328e+00
4.138896827665047340e+01,5.286587191897170968e+00
4.140897399256930811e+01,4.672885615551867211e+00
4.142897970848814282e+01,5.598322956837209041e+00
4.144898542440697042e+01,5.677527426245108089e+00
4.146899114032581224e+01,4.660105872460654552e+00
4.148899685624463984e+01,5.227190221316162067e+00
4.150900257216348166e+01,5.018060258420650399e+00
4.152900828808230926e+01,4.901777272486848247e+00
4.154901400400114397e+01,5.407406809994938612e+00
4.156901971991997868e+01,5.762768121229277618e+00
4.158902543583881339e+01,5.362073847088556278e+00
4.160903115175764810e+01,5.262480677722169986e+00
4.162903686767647571e+01,5.949798291869234035e+00
4.164904258359531752e+01,6.283906096940949482e+00
4.166904829951414513e+01,6.465425372345531052e+00
4.168905401543298694e+01,6.376678606871712951e+00
4.170905973135181455e+01,6.427051211450360846e+00
4.172906544727064926e+01,6.580910975314827382e+00
4.174907116318948397e+01,6.870888736339886727e+00
4.176907687910831868e+01,6.795027277155931245e+00
4.178908259502715339e+01,6.382140965268903621e+00
4.180908831094598810e+01,6.016055077780452898e+00
4.182909402686482281e+01,6.346607464683997613e+00
4.184909974278365041e+01,4.848234599151648894e+00
4.186910545870249223e+01,5.283627191787498845e+00
4.188911117462131983e+01,5.148302422746353635e+00
4.190911689054015454e+01,4.555473046228180500e+00
4.192912260645898925e+01,3.891688031038016859e+00
4.194912832237782396e+01,2.800738337800303679e+00
4.196913403829665867e+01,3.659570785726283582e+00
4.198913975421549338e+01,1.981189693178500244e+00
4.200914547013432809e+01,2.124670326062076064e+00
4.202915118605316280e+01,3.314024305777065749e+00
4.204915690197199041e+01,2.431324109232264608e+00
4.206916261789082512e+01,1.437325222940636804e+00
4.208916833380965983e+01,2.867253269017584039e+00
4.210917404972849454e+01,2.327272132499333956e+00
4.212917976564732925e+01,1.790806288576450189e+00
4.214918548156616396e+01,1.660574843512554022e+00
4.216919119748499867e+01,1.479956474568695501e+00
4.218919691340383338e+01,1.732652823924202057e+00
4.220920262932266809e+01,2.136623158605695849e+00
4.222920834524150280e+01,1.096165372934287507e+00
4.224921406116033040e+01,7.526637593324607689e-01
4.226921977707916511e+01,1.870066921504662361e+00
4.228922549299799982e+01,1.081499612694218015e+00
4.230923120891683453e+01,7.866070749085920522e-01
4.232923692483566924e+01,1.198030913303035572e+00
4.234924264075450395e+01,7.989330966550565183e-01
4.236924835667333866e+01,1.529200662541837064e+00
4.238925407259217337e+01,9.109900819451169918e-01
4.240925978851100808e+01,1.420554631538828438e+00
4.242926550442983569e+01,1.783247398373031256e+00
4.244927122034867040e+01,1.059579233244173135e+00
4.246927693626750511e+01,8.575328510980088081e-01
4.248928265218633982e+01,1.280348396396894239e+00
4.250928836810517453e+01,1.471935668724143387e+00
4.252929408402400924e+01,1.558739239055499048e+00
4.254929979994284395e+01,1.627830563179244905e+00
4.256930551586167866e+01,1.108534101492902657e+00
4.258931123178051337e+01,1.473415078120719590e+00
4.260931694769934097e+01,9.993746629587191288e-01
4.262932266361817568e+01,1.862952855689484544e+00
4.264932837953701039e+01,1.760300128722117829e+00
4.266933409545584510e+01,2.197420788707249439e+00
4.268933981137467981e+01,1.587838658431866445e+00
4.270934552729351452e+01,1.553214972830639917e+00
4.272935124321234923e+01,8.358134007871445004e-01
4.274935695913118394e+01,1.435459790069375074e+00
4.276936267505001865e+01,1.203095533404922923e+00
4.278936839096885336e+01,1.474728013964504481e+00
4.280937410688768097e+01,1.482682941263290033e+00
4.282937982280651568e+01,1.607292483738289368e+00
4.284938553872535039e+01,1.117803076264206386e+00
4.286939125464418510e+01,1.441241709830935136e+00
4.288939697056301981e+01,1.315936028706286898e+00
4.290940268648185452e+01,1.868957408651051644e+00
4.292940840240068923e+01,1.166694199508406804e+00
4.294941411831952394e+01,9.553182221935998530e-01
4.296941983423835865e+01,1.402954142644377233e+00
4.298942555015718625e+01,5.982413445164957988e-01
4.300943126607602096e+01,1.411944114186939547e+00
4.302943698199485567e+01,9.610634038717688066e-01
4.304944269791369038e+01,1.095302758215786820e+00
4.306944841383252509e+01,2.288376089669994506e+00
4.308945412975135980e+01,1.057658749677124588e+00
4.310945984567019451e+01,1.243858480287003854e+00
4.312946556158902922e+01,1.193595019926020129e+00
4.314947127750786393e+01,9.855857745071793241e-01
4.316947699342669864e+01,2.270246318225694004e+00
4.318948270934552625e+01,1.769061197577161071e+00
4.320948842526436096e+01,1.889142894305973375e+00
4.322949414118319567e+01,2.282156444940769635e+00
4.324949985710203038e+01,1.692619948098857963e+00
4.326950557302086509e+01,2.054041904212537961e+00
4.328951128893969980e+01,2.015222668067043088e+00
4.330951700485853451e+01,2.844991101311848070e+00
4.332952272077736922e+01,2.869923931430480746e+00
4.334952843669620393e+01,2.042485834218481067e+00
4.336953415261503153e+01,3.094996769341173959e+00
4.338953986853386624e+01,2.610588287440463340e+00
4.340954558445270095e+01,2.911016302289441970e+00
4.342955130037153566e+01,3.119570140574082995e+00
4.344955701629037037e+01,2.714581854917739179e+00
4.346956273220920508e+01,2.292404251106624713e+00
4.348956844812803979e+01,3.548250115441433650e+00
4.350957416404687450e+01,4.241819991823705394e+00
4.352957987996570921e+01,3.626378001495187409e+00
4.354958559588453681e+01,4.061640114833545034e+00
4.356959131180337153e+01,4.353451750008213494e+00
4.358959702772220624e+01,4.053556547615064787e+00
4.360960274364104095e+01,4.667230481891033733e+00
4.362960845955987566e+01,4.699109630467401821e+00
4.364961417547871037e+01,4.008292666577042418e+00
4.366961989139754508e+01,3.822670107200017320e+00
4.368962560731637979e+01,3.764191872730025867e+00
4.370963132323521450e+01,3.169571430579820159e+00
4.372963703915404921e+01,4.401423431089957816e+00
4.374964275507287681e+01,3.735249858666070288e+00
4.376964847099171152e+01,2.994869548769940160e+00
4.378965418691054623e+01,3.713063064810660840e+00
4.380965990282938094e+01,2.800600818398519820e+00
4.382966561874821565e+01,2.270332487330182225e+00
4.384967133466705036e+01,3.127374738835966284e+00
4.386967705058588507e+01,3.010353697130708550e+00
4.388968276650471978e+01,2.794321807995905349e+00
4.390968848242355449e+01,2.255130458748690891e+00
4.392969419834238209e+01,2.733732025765544194e+00
4.394969991426121680e+01,2.609506220886998129e+00
4.396970563018005151e+01,1.556965026236058591e+00
4.398971134609888622e+01,2.396520519197142818e+00
4.400971706201772093e+01,1.822513829539354369e+00
4.402972277793655564e+01,1.599618120738881544e+00
4.404972849385539035e+01,1.003807920708590373e+00
4.406973420977422506e+01,2.012023024640129609e+00
4.408973992569305977e+01,1.817467886222861928e+00
4.410974564161189448e+01,2.007588909350795259e+00
4.412975135753072209e+01,2.264053806058906826e+00
4.414975707344955680e+01,1.772715306407743885e+00
4.416976278936839151e+01,1.931928590684743874e+00
4.418976850528722622e+01,2.464871496028041786e+00
4.420977422120606093e+01,1.454891838583240116e+00
4.422977993712489564e+01,1.527125096929473624e+00
4.424978565304373035e+01,1.689120752392176961e+00
4.426979136896256506e+01,2.101033010732274775e+00
4.428979708488139977e+01,1.525080133735972954e+00
4.430980280080022737e+01,1.519682228695757198e+00
4.432980851671906208e+01,1.313922690904312018e+00
4.434981423263789679e+01,1.082115597598648504e+00
4.436981994855673150e+01,1.264049066710631442e+00
4.438982566447556621e+01,1.371939855027696886e+00
4.440983138039440092e+01,1.306581826943146396e+00
4.442983709631323563e+01,1.440927999872588572e+00
4.444984281223207034e+01,5.404916669489649994e-01
4.446984852815090505e+01,1.703467441708213181e+00
4.448985424406973266e+01,9.068720935340137679e-01
4.450985995998856737e+01,9.320178510839645103e-01
4.452986567590740208e+01,1.056163854083012499e+00
4.454987139182623679e+01,9.939249672018698467e-01
4.456987710774507150e+01,1.474003024911222592e+00
4.458988282366390621e+01,6.827674907233194368e-01
4.460988853958274092e+01,6.301069714157578883e-01
4.462989425550157563e+01,1.243001809007386882e+00
4.464989997142041034e+01,2.083052655841540535e+00
4.466990568733924505e+01,1.410049555064269100e+00
4.468991140325807265e+01,1.429070289986605236e+00
4.470991711917690736e+01,1.648390870596225355e+00
4.472992283509574207e+01,9.358678975142487033e-01
4.474992855101457678e+01,1.050045990272400420e+00
4.476993426693341149e+01,2.205290989797019208e+00
4.478993998285224620e+01,5.980131935523576026e-01
4.480994569877108091e+01,1.087308843643969958e+00
4.482995141468991562e+01,1.325276682457668942e+00
4.484995713060875033e+01,1.109084599900902024e+00
4.486996284652757794e+01,1.347722226361851794e+00
4.488996856244641265e+01,1.283157977933187865e+00
4.490997427836524736e+01,1.868341103828954353e+00
4.492997999428408207e+01,5.804324091190318224e-01
4.494998571020291678e+01,1.307745086250525990e+00
4.496999142612175149e+01,8.296290693266904492e-01
4.498999714204058620e+01,1.475735968507167595e+00
4.501000285795942091e+01,1.612773112626070482e+00
4.503000857387825562e+01,1.693737390486512062e+00
4.505001428979709033e+01,1.630866796577341571e+00
4.507002000571591793e+01,1.110764450467409237e+00
4.509002572163475264e+01,1.189150188958127519e+00
4.511003143755358735e+01,1.536296276240431524e+00
4.513003715347242206e+01,1.842751159178885212e+00
4.515004286939125677e+01,1.673586591722047601e+00
4.517004858531009148e+01,9.996946512116804406e-01
4.519005430122892619e+01,1.839271182213315647e+00
4.521006001714776090e+01,6.365656815240882116e-01
4.523006573306659561e+01,9.320386103721227666e-01
4.525007144898542322e+01,1.516188390926996643e+00
4.527007716490425793e+01,1.295203137008607452e+00
4.529008288082309264e+01,1.357137681098247617e+00
4.531008859674192735e+01,1.333229510815366448e+00
4.533009431266076206e+01,1.075711471329010349e+00
4.535010002857959677e+01,1.090617247421433511e+00
4.537010574449843148e+01,1.395539547065092645e+00
4.539011146041726619e+01,1.583452793983312956e+00
4.541011717633610090e+01,1.641250415853013678e+00
4.543012289225492850e+01,1.531117001769896513e+00
4.545012860817376321e+01,1.791538793744430258e+00
4.547013432409259792e+01,1.927681386905642169e+00
4.549014004001143263e+01,1.374685178590427270e+00
4.551014575593026734e+01,1.883485710410172098e+00
4.553015147184910205e+01,2.187022586967111604e+00
4.555015718776793676e+01,1.763040244963818726e+00
4.557016290368677147e+01,2.400049177566882186e+00
4.559016861960560618e+01,2.525015696650984243e+00
4.561017433552444089e+01,2.849664785313778204e+00
4.563018005144326850e+01,2.920838514251468787e+00
4.565018576736210321e+01,2.262065059961547497e+00
4.567019148328093792e+01,2.772324594712982204e+00
4.569019719919977263e+01,3.545926598057626666e+00
4.571020291511860734e+01,2.967969392131132533e+00
4.573020863103744205e+01,3.417779312207489095e+00
4.575021434695627676e+01,2.732505844841088383e+00
4.577022006287511147e+01,3.696995823917399004e+00
4.579022577879394618e+01,3.391892105971617166e+00
4.581023149471277378e+01,3.305557510766755858e+00
4.583023721063160849e+01,3.014118500268785361e+00
4.585024292655044320e+01,2.739357598890890255e+00
4.587024864246927791e+01,3.513077571711419100e+00
4.589025435838811262e+01,3.309104277209787170e+00
4.591026007430694733e+01,3.854647051674423786e+00
4.593026579022578204e+01,3.035001463611789685e+00
4.595027150614461675e+01,4.592062645235817087e+00
4.597027722206345146e+01,4.396167704467007553e+00
4.599028293798228617e+01,3.989857688765608312e+00
4.601028865390111378e+01,4.206114231916275870e+00
4.603029436981994849e+01,4.164217545980226198e+00
4.605030008573878320e+01,4.346740694205911915e+00
4.607030580165761791e+01,3.567028757843311748e+00
4.609031151757645262e+01,3.970413832078298899e+00
4.611031723349528733e+01,3.817087007832171253e+00
4.613032294941412204e+01,3.862172884373292536e+00
4.615032866533295675e+01,4.148692156849151047e+00
4.617033438125179146e+01,4.729316508109806527e+00
4.619034009717061906e+01,3.701902299057735934e+00
4.621034581308945377e+01,3.307045493471306941e+00
4.623035152900828848e+01,3.171538005193430543e+00
4.625035724492712319e+01,3.686906140679878874e+00
4.627036296084595790e+01,4.172699954730930472e+00
4.629036867676479261e+01,3.486829116195068856e+00
4.631037439268362732e+01,2.455152825486760726e+00
4.633038010860246203e+01,2.864520534249211270e+00
4.635038582452129674e+01,2.367290114265734324e+00
4.637039154044012434e+01,2.871905363126166399e+00
4.639039725635895905e+01,2.064531050522929512e+00
4.641040297227779376e+01,1.838493930107119700e+00
4.643040868819662847e+01,1.896371348443825822e+00
4.645041440411546319e+01,2.387878393876334382e+00
4.647042012003429790e+01,9.811635190875001022e-01
4.649042583595313261e+01,2.276649688049758424e+00
4.651043155187196732e+01,1.380818958036139410e+00
4.653043726779080203e+01,1.011032135297538659e+00
4.655044298370963674e+01,1.205440403907297897e+00
4.657044869962846434e+01,1.423662138665791499e+00
4.659045441554729905e+01,1.030269159060391182e+00
4.661046013146613376e+01,1.642287016360922447e+00
4.663046584738496847e+01,2.288421731163778894e+00
4.665047156330380318e+01,1.385704105546847309e+00
4.667047727922263789e+01,7.123639858736713348e-01
4.669048299514147260e+01,1.784609465979298148e+00
4.671048871106030731e+01,1.858474253877632432e+00
4.673049442697914202e+01,1.946695617511788656e+00
4.675050014289796962e+01,1.538452953076202778e+00
4.677050585881680433e+01,1.699660134618780738e+00
4.679051157473563904e+01,1.676802241255795245e+00
4.681051729065447375e+01,1.449341943014316847e+00
4.683052300657330846e+01,1.162494383474899529e+00
4.685052872249214317e+01,1.262978520173354324e+00
4.687053443841097788e+01,1.172993498917565658e+00
4.689054015432981259e+01,8.995538271648664264e-01
4.691054587024864730e+01,1.460574237782945595e+00
4.693055158616748201e+01,1.511952478887868656e+00
4.695055730208630962e+01,1.647726121890473738e+00
4.697056301800514433e+01,1.451722499900062857e+00
4.699056873392397904e+01,1.667253464019483822e+00
4.701057444984281375e+01,1.599552331441090658e+00
4.703058016576164846e+01,2.120449705699781529e+00
4.705058588168048317e+01,2.429062428980733657e+00
4.707059159759931788e+01,1.871661944204931594e+00
4.709059731351815259e+01,1.235353299982706821e+00
4.711060302943698730e+01,1.820490632313951362e+00
4.713060874535581490e+01,1.391480737147074542e+00
4.715061446127464961e+01,1.536551324616408642e+00
4.717062017719348432e+01,1.548882309818322200e+00
4.719062589311231903e+01,2.185304468479405404e+00
4.721063160903115374e+01,2.463026805495020177e+00
4.723063732494998845e+01,3.075968574007827083e+00
4.725064304086882316e+01,2.255960813867952108e+00
4.727064875678765787e+01,2.313954163337834657e+00
4.729065447270649258e+01,2.823519796525440384e+00
4.731066018862532019e+01,2.568588591416688605e+00
4.733066590454415490e+01,2.967233653393612780e+00
4.735067162046298961e+01,2.370431130157504729e+00
4.737067733638182432e+01,2.550197972312865158e+00
4.739068305230065903e+01,2.718974230879486864e+00
4.741068876821949374e+01,1.657376531476505654e+00
4.743069448413832845e+01,2.355920231889989225e+00
4.745070020005716316e+01,3.224865878776722816e+00
4.747070591597599787e+01,2.667087203919631389e+00
4.749071163189483258e+01,2.946351240015344874e+00
4.751071734781366018e+01,2.921643936742716718e+00
4.753072306373249489e+01,2.253997915401878771e+00
4.755072877965132960e+01,2.440453117060323862e+00
4.757073449557016431e+01,2.661711600150678869e+00
4.759074021148899902e+01,1.880407282392829948e+00
4.761074592740783373e+01,2.413279260279264982e+00
4.763075164332666844e+01,2.014021563899770051e+00
4.765075735924550315e+01,2.212510563699179755e+00
4.767076307516433786e+01,1.313027342459006430e+00
4.769076879108316547e+01,1.975874130284628105e+00
4.771077450700200018e+01,1.318246996655412673e+00
4.773078022292083489e+01,1.948104466151944436e+00
4.775078593883966960e+01,1.931579253532655915e+00
4.777079165475850431e+01,1.534104894338552905e+00
4.779079737067733902e+01,1.491320873321908103e+00
4.781080308659617373e+01,1.584193728496339881e+00
4.783080880251500844e+01,1.467114666855901195e+00
4.785081451843384315e+01,7.560935177250514005e-01
4.787082023435267075e+01,1.650271570841478130e+00
4.789082595027150546e+01,1.979197618594286112e+00
4.791083166619034017e+01,1.481539480126659258e+00
4.793083738210917488e+01,2.023597279755481093e+00
4.795084309802800959e+01,1.886218025530128628e+00
4.797084881394684430e+01,1.337248740410916126e+00
4.799085452986567901e+01,1.740971005690278961e+00
4.801086024578451372e+01,1.637140460777491091e+00
4.803086596170334843e+01,1.719685946782449903e+00
4.805087167762218314e+01,1.571102269256589024e+00
4.807087739354101075e+01,2.148060309058930528e+00
4.809088310945984546e+01,2.251423104694729282e+00
4.811088882537868017e+01,2.075658566607157862e+00
4.813089454129751488e+01,1.551566153177512897e+00
4.815090025721634959e+01,1.505922497360808299e+00
4.817090597313518430e+01,1.463596299308424609e+00
4.819091168905401901e+01,1.851137156175695964e+00
4.821091740497285372e+01,2.355366773792081148e+00
4.823092312089168843e+01,1.974392822093956834e+00
4.825092883681051603e+01,2.217837844254167745e+00
4.827093455272935074e+01,2.212581377310704589e+00
4.829094026864818545e+01,2.295081928788096803e+00
4.831094598456702016e+01,1.952685038827982389e+00
4.833095170048585487e+01,2.634305665621630155e+00
4.835095741640468958e+01,2.315913873418626423e+00
4.837096313232352429e+01,2.760739343956918113e+00
4.839096884824235900e+01,2.235849970507473472e+00
4.841097456416119371e+01,3.068465883551273699e+00
4.843098028008002842e+01,2.833983232343441294e+00
4.845098599599885603e+01,2.181984854624864134e+00
4.847099171191769074e+01,2.934748530165130376e+00
4.849099742783652545e+01,3.058463318402531161e+00
4.851100314375536016e+01,2.813097756219047785e+00
4.853100885967419487e+01,4.430106360090130480e+00
4.855101457559302958e+01,3.520219024699390520e+00
4.857102029151186429e+01,3.723379509405914778e+00
4.859102600743069900e+01,5.176881504849810689e+00
4.861103172334953371e+01,5.494470900213514142e+00
4.863103743926836131e+01,6.339255679152897116e+00
4.865104315518719602e+01,7.135398667076581880e+00
4.867104887110603073e+01,7.385588623452895796e+00
4.869105458702486544e+01,7.248988506442855417e+00
4.871106030294370015e+01,8.267698896974724931e+00
4.873106601886253486e+01,9.586415660561923957e+00
4.875107173478136957e+01,1.126943205804009551e+01
4.877107745070020428e+01,1.264176405100162093e+01
4.879108316661903899e+01,1.381696723263464222e+01
4.881108888253786660e+01,1.590487962109241771e+01
4.883109459845670131e+01,1.736831214142449653e+01
4.885110031437553602e+01,1.860724850160099919e+01
4.887110603029437073e+01,2.067457164355909072e+01
4.889111174621320544e+01,2.177830435897450556e+01
4.891111746213204015e+01,2.340359661164607630e+01
4.893112317805087486e+01,2.496688994961360919e+01
4.895112889396970957e+01,2.718805023217151273e+01
4.897113460988854428e+01,2.832921209157524345e+01
4.899114032580737899e+01,3.007789147894430215e+01
4.901114604172620659e+01,3.097733086581811790e+01
4.903115175764504130e+01,3.179471402745263475e+01
4.905115747356387601e+01,3.124026406395642752e+01
4.907116318948271072e+01,3.082849108173234498e+01
4.909116890540154543e+01,3.071363903218788849e+01
4.911117462132038014e+01,3.024274272373079242e+01
4.913118033723921485e+01,2.897497126633061626e+01
4.915118605315804956e+01,2.730872228787464806e+01
4.917119176907688427e+01,2.714014036545925634e+01
4.919119748499571187e+01,2.557699056929756054e+01
4.921120320091454658e+01,2.311637568651157792e+01
4.923120891683338129e+01,2.169515042359998347e+01
4.925121463275221600e+01,1.986635855768429337e+01
4.927122034867105071e+01,1.848545017195161932e+01
4.929122606458988542e+01,1.653393307179378269e+01
4.931123178050872014e+01,1.593538224455294383e+01
4.933123749642755485e+01,1.543465512218273794e+01
4.935124321234638956e+01,1.344587003307817774e+01
4.937124892826522427e+01,1.323258504987034101e+01
4.939125464418405187e+01,1.285020697298423364e+01
4.941126036010288658e+01,1.283223943263818256e+01
4.943126607602172129e+01,1.249431242834959654e+01
4.945127179194055600e+01,1.215073553749637547e+01
4.947127750785939071e+01,1.260844906950855560e+01
4.949128322377822542e+01,1.184587078721402698e+01
4.951128893969706013e+01,1.266590014042050072e+01
4.953129465561589484e+01,1.339690847372386173e+01
4.955130037153472955e+01,1.344159935428984021e+01
4.957130608745355715e+01,1.328662493577299486e+01
4.959131180337239186e+01,1.337217320576935364e+01
4.961131751929122657e+01,1.364745001250882517e+01
4.963132323521006128e+01,1.347720063410758584e+01
4.965132895112889599e+01,1.243976193869090530e+01
4.967133466704773070e+01,1.315735667939717501e+01
4.969134038296656541e+01,1.261118805277677168e+01
4.971134609888540012e+01,1.249386568601483383e+01
4.973135181480423483e+01,1.075698041812121275e+01
4.975135753072306244e+01,9.941169602325775401e+00
4.977136324664189715e+01,9.769582662414817875e+00
4.979136896256073186e+01,9.054144562907824323e+00
4.981137467847956657e+01,7.592694729951308119e+00
4.983138039439840128e+01,7.226151151314663679e+00
4.985138611031723599e+01,6.895075127883676380e+00
4.987139182623607070e+01,5.839610710793738946e+00
4.989139754215490541e+01,5.268539989900494547e+00
4.991140325807374012e+01,5.239652901775089688e+00
4.993140897399257483e+01,4.301450041544415015e+00
4.995141468991140243e+01,3.296694327498036259e+00
4.997142040583023714e+01,3.537256898129291116e+00
4.999142612174907185e+01,3.420875377059991340e+00
5.001143183766790656e+01,2.368722140403399123e+00
5.003143755358674127e+01,3.492091722176987822e+00
5.005144326950557598e+01,2.260621468731322192e+00
5.007144898542441069e+01,2.092800528765826229e+00
5.009145470134324540e+01,1.582149687901033941e+00
5.011146041726208011e+01,2.151599604907911356e+00
5.013146613318090772e+01,2.320676007197527646e+00
5.015147184909974243e+01,1.860608294981309196e+00
5.017147756501857714e+01,1.921892547087597380e+00
5.019148328093741185e+01,2.202045504049641167e+00
5.021148899685624656e+01,1.786211850930535139e+00
5.023149471277508127e+01,1.429730606090395373e+00
5.025150042869391598e+01,2.169768488790208671e+00
5.027150614461275069e+01,1.336680994919861032e+00
5.029151186053158540e+01,1.229528183503011185e+00
5.031151757645042011e+01,1.669577299599120046e+00
5.033152329236924771e+01,1.599158333497220585e+00
5.035152900828808242e+01,2.317712449453869006e+00
5.037153472420691713e+01,1.450683748715861032e+00
5.039154044012575184e+01,1.847546490619662141e+00
5.041154615604458655e+01,2.231129971249261601e+00
5.043155187196342126e+01,2.252158380070281574e+00
5.045155758788225597e+01,1.796272449864015908e+00
5.047156330380109068e+01,1.046659954042964635e+00
5.049156901971992539e+01,1.975815016580888539e+00
5.051157473563875300e+01,1.853949677424761244e+00
5.053158045155758771e+01,1.865751847954121523e+00
5.055158616747642242e+01,2.346242077012373528e+00
5.057159188339525713e+01,2.659069562422473609e+00
5.059159759931409184e+01,2.723539200897197254e+00
5.061160331523292655e+01,1.944671027081103620e+00
5.063160903115176126e+01,1.376902249416231960e+00
5.065161474707059597e+01,1.745175168181781533e+00
5.067162046298943068e+01,2.097797587582549639e+00
5.069162617890825828e+01,2.410800397836537101e+00
5.071163189482709299e+01,1.789113842104639307e+00
5.073163761074592770e+01,2.143350600855175259e+00
5.075164332666476241e+01,1.870366111475418869e+00
5.077164904258359712e+01,1.718856240102416111e+00
5.079165475850243183e+01,2.139065067883562321e+00
5.081166047442126654e+01,3.211115217102586961e+00
5.083166619034010125e+01,3.105744987122402989e+00
5.085167190625893596e+01,2.488555026818738192e+00
5.087167762217777067e+01,2.579141377875990848e+00
5.089168333809659828e+01,2.674403570527069007e+00
5.091168905401543299e+01,3.120152502365951985e+00
5.093169476993426770e+01,3.297988693495113921e+00
5.095170048585310241e+01,3.200666494749669688e+00
5.097170620177193712e+01,3.388271216774326522e+00
5.099171191769077183e+01,3.421524252019314538e+00
5.101171763360960654e+01,2.696275785423894344e+00
5.103172334952844125e+01,2.981494290391753399e+00
5.105172906544727596e+01,2.665510350136951701e+00
5.107173478136610356e+01,2.787841566576387820e+00
5.109174049728493827e+01,2.943132925806177802e+00
5.111174621320377298e+01,2.786889382645009849e+00
5.113175192912260769e+01,3.858870425138087867e+00
5.115175764504144240e+01,4.836566470635052184e+00
5.117176336096027711e+01,3.749459938724286623e+00
5.119176907687911182e+01,4.453231175399003483e+00
5.121177479279794653e+01,4.560979390274669143e+00
5.123178050871678124e+01,5.391231197987162105e+00
5.125178622463561595e+01,6.962888692726902917e+00
5.127179194055444356e+01,7.328557128542819932e+00
5.129179765647327827e+01,8.035947968519556284e+00
5.131180337239211298e+01,7.898459371004011409e+00
5.133180908831094769e+01,9.140160264527821710e+00
5.135181480422978240e+01,9.407456313154986205e+00
5.137182052014861711e+01,1.040576834763681369e+01
5.139182623606745182e+01,1.167325542517467341e+01
5.141183195198628653e+01,1.167381036699186225e+01
5.143183766790512124e+01,1.328069175312841743e+01
5.145184338382394884e+01,1.340525504767807696e+01
5.147184909974278355e+01,1.389239528756116293e+01
5.149185481566161826e+01,1.487526058303347121e+01
5.151186053158045297e+01,1.507116634455178250e+01
5.153186624749928768e+01,1.462783399281070373e+01
5.155187196341812239e+01,1.442966363631066606e+01
5.157187767933695710e+01,1.429361849088341074e+01
5.159188339525579181e+01,1.382544881868135178e+01
5.161188911117462652e+01,1.422979257785440410e+01
5.163189482709345413e+01,1.329935992823628865e+01
5.165190054301228884e+01,1.277589298598105749e+01
5.167190625893112355e+01,1.146019235575080764e+01
5.169191197484995826e+01,1.004706517280481393e+01
5.171191769076879297e+01,9.558870760970242131e+00
5.173192340668762768e+01,9.067865112253338467e+00
5.175192912260646239e+01,7.610608069548524313e+00
5.177193483852529710e+01,7.383730191962222023e+00
5.179194055444413181e+01,7.125258982449436118e+00
5.181194627036296652e+01,6.856100043057679727e+00
5.183195198628179412e+01,6.531375549427435701e+00
5.185195770220062883e+01,5.539169642683163808e+00
5.187196341811946354e+01,4.629854694405973525e+00
5.189196913403829825e+01,4.528924237757979476e+00
5.191197484995713296e+01,5.237408238342775135e+00
5.193198056587596767e+01,4.767610140079002967e+00
5.195198628179480238e+01,4.415548802326005884e+00
5.197199199771363709e+01,4.524239235370204781e+00
5.199199771363247180e+01,3.649985366512388918e+00
5.201200342955129940e+01,4.051634620561429756e+00
5.203200914547013411e+01,4.831972078258830905e+00
5.205201486138896882e+01,3.840233498182003213e+00
5.207202057730780353e+01,4.721809935322506036e+00
5.209202629322663824e+01,4.854040825207047050e+00
5.211203200914547295e+01,5.413455681437766565e+00
5.213203772506430766e+01,5.670715616773127188e+00
5.215204344098314237e+01,6.256686274686362736e+00
5.217204915690197708e+01,6.531360039164830766e+00
5.219205487282081180e+01,6.774316241803036043e+00
5.221206058873963940e+01,7.851341660867885430e+00
5.223206630465847411e+01,8.989609143454929452e+00
5.225207202057730882e+01,9.730442683428265127e+00
5.227207773649614353e+01,1.074513753365478408e+01
5.229208345241497824e+01,1.085065556060399672e+01
5.231208916833381295e+01,1.227569295361474744e+01
5.233209488425264766e+01,1.293217732589446634e+01
5.235210060017148237e+01,1.352771578646153650e+01
5.237210631609031708e+01,1.493409064998436442e+01
5.239211203200914468e+01,1.489308651780450887e+01
5.241211774792797939e+01,1.579970100074044659e+01
5.243212346384681410e+01,1.653807031727897225e+01
5.245212917976564881e+01,1.663775936592059423e+01
5.247213489568448352e+01,1.606938389931373479e+01
5.249214061160331823e+01,1.658789521086740137e+01
5.251214632752215294e+01,1.612400479464756131e+01
5.253215204344098765e+01,1.546969124439199206e+01
5.255215775935982236e+01,1.517462390513493808e+01
5.257216347527864997e+01,1.361923546746891667e+01
5.259216919119748468e+01,1.334946444782831776e+01
5.261217490711631939e+01,1.244513838446759557e+01
5.263218062303515410e+01,1.196791923182615136e+01
5.265218633895398881e+01,1.053497976409813575e+01
5.267219205487282352e+01,1.031662876019324315e+01
5.269219777079165823e+01,9.320544249838096817e+00
5.271220348671049294e+01,8.733555785891976342e+00
5.273220920262932765e+01,8.191349689489019426e+00
5.275221491854816236e+01,7.843302700677809547e+00
5.277222063446698996e+01,7.435399940215411618e+00
5.279222635038582467e+01,6.956780304033550522e+00
5.281223206630465938e+01,6.975698482584509641e+00
5.283223778222349409e+01,7.488447202225830601e+00
5.285224349814232880e+01,8.377669775651430228e+00
5.287224921406116351e+01,8.479514074069570029e+00
5.289225492997999822e+01,9.841494742507556737e+00
5.291226064589883293e+01,9.871713390521330567e+00
5.293226636181766764e+01,1.189494945748763399e+01
5.295227207773649525e+01,1.190735268764525578e+01
5.297227779365532996e+01,1.350825104442549751e+01
5.299228350957416467e+01,1.404553634589232836e+01
5.301228922549299938e+01,1.590521767847675605e+01
5.303229494141183409e+01,1.828477967399770421e+01
5.305230065733066880e+01,1.991596036959082028e+01
5.307230637324950351e+01,2.142691227392097275e+01
5.309231208916833822e+01,2.304386252010220204e+01
5.311231780508717293e+01,2.542036827794575515e+01
5.313232352100600764e+01,2.654146849005338282e+01
5.315232923692483524e+01,2.821893730742665696e+01
5.317233495284366995e+01,2.877639490706109271e+01
5.319234066876250466e+01,3.041290938754366380e+01
5.321234638468133937e+01,3.039690538781758278e+01
5.323235210060017408e+01,3.084103643095265213e+01
5.325235781651900879e+01,3.025928058275487231e+01
5.327236353243784350e+01,3.024108367065861813e+01
5.329236924835667821e+01,2.943904424297922517e+01
5.331237496427551292e+01,2.790229706167700385e+01
5.333238068019434053e+01,2.645182114958119968e+01
5.335238639611317524e+01,2.455721941398823560e+01
5.337239211203200995e+01,2.242016340320774503e+01
5.339239782795084466e+01,2.041976792877541058e+01
5.341240354386967937e+01,1.927480729309224827e+01
5.343240925978851408e+01,1.757431882255234967e+01
5.345241497570734879e+01,1.508199622935687145e+01
5.347242069162618350e+01,1.269850891003846272e+01
5.349242640754501821e+01,1.216425974524790732e+01
5.351243212346384581e+01,1.106232586749366220e+01
5.353243783938268052e+01,1.007589846071250506e+01
5.355244355530151523e+01,9.808141856413095994e+00
5.357244927122034994e+01,8.572077039128943809e+00
5.359245498713918465e+01,7.079938058492768249e+00
5.361246070305801936e+01,8.247573822026508239e+00
5.363246641897685407e+01,7.036375322306509972e+00
5.365247213489568878e+01,7.018774057038796421e+00
5.367247785081452349e+01,6.138980899876063546e+00
5.369248356673335820e+01,6.358410453845938726e+00
5.371248928265218581e+01,7.016102849862345892e+00
5.373249499857102052e+01,6.215714988891491544e+00
5.375250071448985523e+01,5.424472228877315061e+00
5.377250643040868994e+01,5.710008949066153860e+00
5.379251214632752465e+01,5.689066870762413686e+00
5.381251786224635936e+01,5.148204290040734321e+00
5.383252357816519407e+01,4.599236962339371182e+00
5.385252929408402878e+01,4.524326513612222378e+00
5.387253501000286349e+01,4.365987127091969455e+00
5.389254072592169109e+01,3.886948205184860505e+00
5.391254644184052580e+01,3.552609751528038373e+00
5.393255215775936051e+01,2.769402546444856839e+00
5.395255787367819522e+01,3.093472784716831736e+00
5.397256358959702993e+01,2.516663432549996138e+00
5.399256930551586464e+01,2.178547203412805722e+00
5.401257502143469935e+01,2.826006093545231579e+00
5.403258073735353406e+01,3.199000923096108284e+00
5.405258645327236877e+01,2.629111656541696540e+00
5.407259216919120348e+01,2.451587423213853256e+00
5.409259788511003109e+01,2.336215573169222903e+00
5.411260360102886580e+01,1.879316195574806780e+00
5.413260931694770051e+01,3.097510601227781990e+00
5.415261503286653522e+01,2.071381467766527429e+00
5.417262074878536993e+01,3.280791220981163381e+00
5.419262646470420464e+01,2.672037441998509344e+00
5.421263218062303935e+01,1.996593590872723478e+00
5.423263789654187406e+01,3.447646635846890906e+00
5.425264361246070877e+01,3.472858368584256006e+00
5.427264932837953637e+01,3.126143288463076431e+00
5.429265504429837108e+01,3.317509442951504184e+00
5.431266076021720579e+01,3.826990791950026782e+00
5.433266647613604050e+01,2.857743803611917599e+00
5.435267219205487521e+01,3.300638067757399430e+00
5.437267790797370992e+01,4.085928242180370873e+00
5.439268362389254463e+01,3.449740197633415661e+00
5.441268933981137934e+01,3.776291472045618658e+00
5.443269505573021405e+01,3.826292823313121705e+00
5.445270077164904166e+01,3.880192055060062373e+00
5.447270648756787637e+01,3.762375376392702364e+00
5.449271220348671108e+01,3.568577599326587801e+00
5.451271791940554579e+01,3.593863630624871242e+00
5.453272363532438050e+01,3.174170079329237559e+00
5.455272935124321521e+01,3.405847228823786210e+00
5.457273506716204992e+01,3.557827184367031492e+00
5.459274078308088463e+01,2.710698799373768786e+00
5.461274649899971934e+01,2.453128062514730701e+00
5.463275221491855405e+01,2.295058959075282345e+00
5.465275793083738165e+01,2.102911225271299145e+00
5.467276364675621636e+01,2.081708088926380373e+00
5.469276936267505107e+01,1.635421449008368722e+00
5.471277507859388578e+01,1.617077837106732474e+00
5.473278079451272049e+01,1.197631397852953361e+00
5.475278651043155520e+01,9.732844043285721058e-01
5.477279222635038991e+01,1.477969854910937242e+00
5.479279794226922462e+01,1.460346224711708496e+00
5.481280365818805933e+01,1.815814198728774809e+00
5.483280937410688693e+01,1.168261379750108020e+00
5.485281509002572164e+01,1.005214847751655594e+00
5.487282080594455635e+01,1.180708217056166909e+00
5.489282652186339106e+01,1.551117561685831703e+00
5.491283223778222577e+01,1.899703241126867503e+00
5.493283795370106048e+01,1.510311661994701682e+00
5.495284366961989519e+01,8.330958124575991164e-01
5.497284938553872990e+01,1.328673502085766067e+00
5.499285510145756461e+01,1.701023845414328495e+00
5.501286081737639222e+01,1.505087302718043585e+00
5.503286653329522693e+01,6.235762249775239630e-01
5.505287224921406164e+01,2.167231752572338355e+00
5.507287796513289635e+01,2.239036626503644989e+00
5.509288368105173106e+01,1.425244858196395903e+00
5.511288939697056577e+01,1.655461841063818440e+00
5.513289511288940048e+01,1.425722810220673376e+00
5.515290082880823519e+01,1.785818508397845950e+00
5.517290654472706990e+01,8.743544155809194196e-01
5.519291226064590461e+01,1.227597663630061398e+00
5.521291797656473221e+01,2.372301213918007079e+00
5.523292369248356692e+01,1.932352594843535387e+00
5.525292940840240163e+01,9.485068951634162415e-01
5.527293512432123634e+01,2.382826738097750141e+00
5.529294084024007105e+01,1.854899420607439620e+00
5.531294655615890576e+01,2.314801050240592240e+00
5.533295227207774047e+01,1.657428446802656108e+00
5.535295798799657518e+01,2.816583828265104117e+00
5.537296370391540989e+01,2.592608238013575317e+00
5.539296941983423750e+01,2.185798885563271732e+00
5.541297513575307221e+01,2.161499532168218884e+00
5.543298085167190692e+01,2.262428681305968414e+00
5.545298656759074163e+01,2.465546556446646331e+00
5.547299228350957634e+01,2.090809093511638572e+00
5.549299799942841105e+01,2.607636613665883729e+00
5.551300371534724576e+01,2.330495635113798425e+00
5.553300943126608047e+01,1.676929210444258356e+00
5.555301514718491518e+01,1.558993103272542813e+00
5.557302086310374989e+01,2.025598486329403869e+00
5.559302657902257749e+01,2.435390588161036263e+00
5.561303229494141220e+01,3.082720136149887935e+00
5.563303801086024691e+01,1.903120138837236741e+00
5.565304372677908162e+01,2.891859381070869706e+00
5.567304944269791633e+01,2.297788731271794394e+00
5.569305515861675104e+01,2.778890583081061738e+00
5.571306087453558575e+01,2.464657541513412209e+00
5.573306659045442046e+01,2.867347858732239185e+00
5.575307230637325517e+01,3.559900467946497393e+00
5.577307802229208278e+01,3.376862252321445990e+00
5.579308373821091749e+01,2.928869883363548698e+00
5.581308945412975220e+01,3.065773275392671415e+00
5.583309517004858691e+01,3.714205590113706101e+00
5.585310088596742162e+01,3.762935111161435309e+00
5.587310660188625633e+01,4.559809186439038875e+00
5.589311231780509104e+01,3.730733844110601716e+00
5.591311803372392575e+01,4.355434261904289173e+00
5.593312374964276046e+01,4.924252636975452901e+00
5.595312946556158806e+01,4.298725207850178087e+00
5.597313518148042277e+01,5.253058492186253758e+00
5.599314089739925748e+01,4.811672902022726461e+00
5.601314661331809219e+01,5.093317039291888726e+00
5.603315232923692690e+01,5.191647794215888290e+00
5.605315804515576161e+01,5.389132566445837824e+00
5.607316376107459632e+01,4.790647369751555473e+00
5.609316947699343103e+01,5.400194936914902044e+00
5.611317519291226574e+01,5.635547677890647478e+00
5.613318090883110045e+01,5.440805264481035408e+00
5.615318662474992806e+01,5.183665629538682929e+00
5.617319234066876277e+01,4.977704812055652184e+00
5.619319805658759748e+01,5.125123027605804182e+00
5.621320377250643219e+01,4.516324842568102405e+00
5.623320948842526690e+01,5.635370871503129209e+00
5.625321520434410161e+01,4.706932765218358128e+00
5.627322092026293632e+01,4.117489835593051595e+00
5.629322663618177103e+01,4.290453997334133796e+00
5.631323235210060574e+01,4.643135008660890684e+00
5.633323806801943334e+01,4.538137343111230848e+00
5.635324378393826805e+01,4.241663732221618410e+00
5.637324949985710276e+01,3.833810320480544487e+00
5.639325521577593747e+01,3.990188895524286572e+00
5.641326093169477218e+01,3.414874901860480705e+00
5.643326664761360689e+01,4.203984489491035426e+00
5.645327236353244160e+01,2.525046044235982112e+00
5.647327807945127631e+01,3.852992040644915406e+00
5.649328379537011102e+01,2.943563710479366158e+00
5.651328951128894573e+01,3.231891508375237088e+00
5.653329522720777334e+01,3.070526633053431542e+00
5.655330094312660805e+01,2.581756378607264590e+00
5.657330665904544276e+01,3.427876411785864441e+00
5.659331237496427747e+01,2.582025427962779229e+00
5.661331809088311218e+01,2.174368098075312616e+00
5.663332380680194689e+01,3.340716805261625844e+00
5.665332952272078160e+01,2.771808044058593268e+00
5.667333523863961631e+01,2.685509190362318943e+00
5.669334095455845102e+01,2.513166974337686987e+00
5.671334667047727862e+01,2.263975593740685355e+00
5.673335238639611333e+01,2.220873856205681118e+00
5.675335810231494804e+01,2.194877468289539113e+00
5.677336381823378275e+01,1.970723646451123745e+00
5.679336953415261746e+01,2.620119747025527523e+00
5.681337525007145217e+01,2.468156026941193737e+00
5.683338096599028688e+01,1.394928521127833720e+00
5.685338668190912159e+01,1.918405904339513635e+00
5.687339239782795630e+01,2.371698524693863774e+00
5.689339811374678391e+01,2.261493017581365450e+00
5.691340382966561862e+01,1.847682332593301613e+00
5.693340954558445333e+01,2.086330477282849039e+00
5.695341526150328804e+01,2.056356379593284878e+00
5.697342097742212275e+01,2.434746645698584899e+00
5.699342669334095746e+01,2.206728751691348744e+00
5.701343240925979217e+01,2.251355725848553035e+00
5.703343812517862688e+01,2.353711403459286977e+00
5.705344384109746159e+01,1.274400637660159763e+00
5.707344955701629630e+01,2.398220547081140630e+00
5.709345527293512390e+01,1.714439342332888749e+00
5.711346098885395861e+01,1.375900692689889571e+00
5.713346670477279332e+01,2.173683609183946430e+00
5.715347242069162803e+01,1.686891533692747913e+00
5.717347813661046274e+01,2.147655433975389272e+00
5.719348385252929745e+01,1.785742428485586508e+00
5.721348956844813216e+01,1.993602261468478964e+00
5.723349528436696687e+01,1.896262948667327031e+00
5.725350100028580158e+01,2.086744369478610750e+00
5.727350671620462919e+01,1.779656589791910104e+00
5.729351243212346390e+01,1.336198345314955072e+00
5.731351814804229861e+01,2.409740785534539853e+00
5.733352386396113332e+01,2.420690077906860527e+00
5.735352957987996803e+01,2.195769278692866866e+00
5.737353529579880274e+01,1.955434477510457292e+00
5.739354101171763745e+01,2.037631328510199236e+00
5.741354672763647216e+01,2.177587337682032498e+00
5.743355244355530687e+01,1.268413605447093584e+00
5.745355815947414158e+01,2.252546367696175000e+00
5.747356387539296918e+01,3.039716228734500536e+00
5.749356959131180389e+01,2.404057164902953403e+00
5.751357530723063860e+01,2.302591927481731915e+00
5.753358102314947331e+01,3.476030703193832228e+00
5.755358673906830802e+01,3.253507086718222752e+00
5.757359245498714273e+01,3.289398587552648578e+00
5.759359817090597744e+01,3.253607480007731034e+00
5.761360388682481215e+01,4.113245151528847288e+00
5.763360960274364686e+01,5.061616967103895526e+00
5.765361531866247446e+01,5.203554833537060276e+00
5.767362103458130917e+01,5.758588631560020765e+00
5.769362675050014388e+01,6.991827528604136255e+00
5.771363246641897859e+01,6.624992001988891488e+00
5.773363818233781330e+01,7.418731507729123820e+00
5.775364389825664801e+01,8.407320141795763035e+00
5.777364961417548272e+01,9.415892806172115215e+00
5.779365533009431743e+01,9.442435841305185207e+00
5.781366104601315214e+01,1.159798761332603156e+01
5.783366676193197975e+01,1.218473240734449803e+01
5.785367247785081446e+01,1.222127251176791596e+01
5.787367819376964917e+01,1.377584670141803613e+01
5.789368390968848388e+01,1.455117755816859493e+01
5.791368962560731859e+01,1.503463087013112798e+01
5.793369534152615330e+01,1.483151243290884125e+01
5.795370105744498801e+01,1.499361855970779622e+01
5.797370677336382272e+01,1.525689459620247845e+01
5.799371248928265743e+01,1.517822364988952977e+01
5.801371820520149214e+01,1.405262401764099423e+01
5.803372392112031974e+01,1.296325201253311654e+01
5.805372963703915445e+01,1.253186393750125838e+01
5.807373535295798916e+01,1.143662815912762731e+01
5.809374106887682387e+01,1.163713346473163135e+01
5.811374678479565858e+01,1.023343569541980536e+01
5.813375250071449329e+01,1.024821060834784348e+01
5.815375821663332800e+01,9.104016700142821605e+00
5.817376393255216271e+01,9.465226013549450812e+00
5.819376964847099742e+01,9.220542006737000307e+00
5.821377536438982503e+01,8.091857439698515009e+00
5.823378108030865974e+01,8.162411498678983079e+00
5.825378679622749445e+01,8.776088612371975017e+00
5.827379251214632916e+01,8.823084826643976086e+00
5.829379822806516387e+01,8.011328247542532921e+00
5.831380394398399858e+01,7.438402259970223085e+00
5.833380965990283329e+01,7.896847060483134229e+00
5.835381537582166800e+01,7.417076180474020397e+00
5.837382109174050271e+01,7.777954590871385854e+00
5.839382680765933742e+01,8.159514297012588457e+00
5.841383252357816502e+01,7.424856820743252150e+00
5.843383823949699973e+01,7.408063665648096929e+00
5.845384395541583444e+01,6.943927380004557115e+00
5.847384967133466915e+01,7.131833266228234436e+00
5.849385538725350386e+01,6.560770804095830577e+00
5.851386110317233857e+01,6.034281494194710049e+00
5.853386681909117328e+01,5.208754488610325417e+00
5.855387253501000799e+01,5.017087287616615932e+00
5.857387825092884270e+01,4.480893173301494059e+00
5.859388396684767031e+01,4.033128952571681580e+00
5.861388968276650502e+01,3.975573348574052090e+00
5.863389539868533973e+01,3.967653612822070297e+00
5.865390111460417444e+01,3.398250755388946942e+00
5.867390683052300915e+01,3.610322143202566281e+00
5.869391254644184386e+01,2.421833627460624694e+00
5.871391826236067857e+01,3.119804571876344745e+00
5.873392397827951328e+01,3.317010974483289409e+00
5.875392969419834799e+01,2.974634443940543438e+00
5.877393541011717559e+01,3.151131851149082674e+00
5.879394112603601030e+01,3.933625050604102835e+00
5.881394684195484501e+01,3.543768264456238271e+00
5.883395255787367972e+01,2.873525979399549790e+00
5.885395827379251443e+01,3.516165305626346438e+00
5.887396398971134914e+01,3.064486618674358898e+00
5.889396970563018385e+01,3.492193398843576269e+00
5.891397542154901856e+01,4.078389173022942238e+00
5.893398113746785327e+01,4.145377645979640313e+00
5.895398685338668798e+01,4.444484485825074493e+00
5.897399256930551559e+01,5.086078160004970705e+00
5.899399828522435030e+01,5.257194169274285400e+00
5.901400400114318501e+01,6.233476250325367118e+00
5.903400971706201972e+01,6.030576319984065847e+00
5.905401543298085443e+01,6.274922376706583371e+00
5.907402114889968914e+01,6.091930577669646851e+00
5.909402686481852385e+01,6.767024754239728601e+00
5.911403258073735856e+01,6.066743957792763098e+00
5.913403829665619327e+01,6.470787223701774060e+00
5.915404401257502087e+01,7.000228970997476097e+00
5.917404972849385558e+01,6.505201301260151503e+00
5.919405544441269029e+01,6.775176839317124333e+00
5.921406116033152500e+01,6.603823333263719952e+00
5.923406687625035971e+01,6.670019810543596606e+00
5.925407259216919442e+01,6.776773207300877289e+00
5.927407830808802913e+01,6.284247042201993594e+00
5.929408402400686384e+01,6.193268134594483776e+00
5.931408973992569855e+01,6.224680241337836151e+00
5.933409545584453326e+01,5.851281036798533286e+00
5.935410117176336087e+01,5.938640515906737249e+00
5.937410688768219558e+01,4.336311556027965253e+00
5.939411260360103029e+01,4.841706372608565623e+00
5.941411831951986500e+01,4.145962229308083558e+00
5.943412403543869971e+01,4.327842896794863670e+00
5.945412975135753442e+01,4.381449674740276023e+00
5.947413546727636913e+01,3.889655988095138461e+00
5.949414118319520384e+01,3.596384420228511569e+00
5.951414689911403855e+01,2.624831392903431038e+00
5.953415261503286615e+01,3.026982991390604560e+00
5.955415833095170086e+01,1.810593153217692652e+00
5.957416404687053557e+01,2.032465401777648673e+00
5.959416976278937028e+01,3.143233616643980710e+00
5.961417547870820499e+01,2.096599805027705266e+00
5.963418119462703970e+01,2.061261873678169820e+00
5.965418691054587441e+01,1.676927912461463333e+00
5.967419262646470912e+01,1.902707887858291036e+00
5.969419834238354383e+01,2.650351989144176912e+00
5.971420405830237144e+01,2.158680126501166807e+00
5.973420977422120615e+01,3.088055707235422886e+00
5.975421549014004086e+01,1.701176982299046792e+00
5.977422120605887557e+01,2.913362159258302775e+00
5.979422692197771028e+01,3.244270954561693010e+00
5.981423263789654499e+01,3.315290730830581012e+00
5.983423835381537970e+01,2.904498903134830723e+00
5.985424406973421441e+01,2.604466089867492506e+00
5.987424978565304912e+01,2.633545937138133120e+00
5.989425550157188383e+01,3.064812815633169762e+00
5.991426121749071143e+01,3.132726137322150439e+00
5.993426693340954614e+01,3.861569884516336870e+00
5.995427264932838085e+01,4.686490538734235933e+00
5.997427836524721556e+01,4.462976109405434322e+00
5.999428408116605027e+01,4.600353541627534959e+00
6.001428979708488498e+01,5.426985842014200756e+00
6.003429551300371969e+01,6.188371870120882967e+00
6.005430122892255440e+01,6.706225512392824939e+00
6.007430694484138911e+01,7.395128144085537869e+00
6.009431266076021672e+01,7.075331242282978828e+00
6.011431837667905143e+01,8.051501094880599396e+00
6.013432409259788614e+01,8.046977890482727602e+00
6.015432980851672085e+01,9.059367230283910999e+00
6.017433552443555556e+01,9.439089372117011933e+00
6.019434124035439027e+01,9.742289429411925994e+00
6.021434695627322498e+01,9.797851226977803307e+00
6.023435267219205969e+01,1.018762512625436756e+01
6.025435838811089440e+01,1.012680016845636821e+01
6.027436410402972911e+01,1.027239282625634509e+01
6.029436981994855671e+01,9.239391490527205875e+00
6.031437553586739142e+01,9.107390056565083825e+00
6.033438125178622613e+01,9.003544224914186600e+00
6.035438696770506084e+01,9.260351382653229990e+00
6.037439268362389555e+01,8.867398237487211787e+00
6.039439839954273026e+01,9.012613485121647727e+00
6.041440411546156497e+01,8.212743489529614749e+00
6.043440983138039968e+01,8.154021046776067649e+00
6.045441554729923439e+01,7.273025814442038772e+00
6.047442126321806199e+01,6.643873595257873355e+00
6.049442697913689670e+01,7.287138111548031816e+00
6.051443269505573141e+01,6.612085750281414320e+00
6.053443841097456612e+01,6.833276594867007780e+00
6.055444412689340083e+01,5.839275591721766467e+00
6.057444984281223554e+01,5.448137361029917969e+00
6.059445555873107025e+01,5.284132919415618801e+00
6.061446127464990496e+01,5.930877497195591985e+00
6.063446699056873967e+01,5.165075625357005151e+00
6.065447270648756728e+01,5.000845224079324858e+00
6.067447842240640199e+01,4.828686348301285847e+00
6.069448413832523670e+01,5.016475851894689697e+00
6.071448985424407141e+01,3.811114221863435070e+00
6.073449557016290612e+01,4.096558262705048747e+00
6.075450128608174083e+01,3.696276218854876561e+00
6.077450700200057554e+01,4.284537896247480049e+00
6.079451271791941025e+01,4.186036638991994074e+00
6.081451843383824496e+01,4.126560869573512313e+00
6.083452414975707967e+01,3.977071216476861348e+00
6.085452986567590727e+01,4.581306944896960331e+00
6.087453558159474198e+01,5.168744030919716792e+00
6.089454129751357669e+01,4.911139866699156364e+00
6.091454701343241140e+01,4.702311319233528408e+00
6.093455272935124611e+01,4.746906707799640301e+00
6.095455844527008082e+01,5.044640869586924481e+00
6.097456416118891553e+01,5.082606547484540549e+00
6.099456987710775024e+01,4.818160910421505072e+00
6.101457559302658495e+01,5.628967976731056311e+00
6.103458130894541256e+01,4.488854050573460874e+00
6.105458702486424727e+01,5.048020044379567750e+00
6.107459274078308198e+01,4.397591437594909003e+00
6.109459845670191669e+01,5.053462314385915199e+00
6.111460417262075140e+01,3.918982307251692276e+00
6.113460988853958611e+01,4.310099549658954921e+00
6.115461560445842082e+01,4.263733262159807857e+00
6.117462132037725553e+01,3.760898819074742772e+00
6.119462703629609024e+01,3.736309913161178997e+00
6.121463275221492495e+01,3.445809716682294077e+00
6.123463846813375255e+01,4.718525169138223063e+00
6.125464418405258726e+01,4.475998087910227241e+00
6.127464989997142197e+01,4.319726015132314245e+00
6.129465561589025668e+01,4.123435048209643128e+00
6.131466133180909139e+01,4.612262619261811025e+00
6.133466704772792610e+01,4.757180459155729402e+00
6.135467276364676081e+01,4.616879513448115979e+00
6.137467847956559552e+01,4.840365822376081262e+00
6.139468419548443023e+01,4.809465903063549597e+00
6.141468991140325784e+01,4.453357948005911560e+00
6.143469562732209255e+01,4.353054638161786727e+00
6.145470134324092726e+01,4.115030162038610939e+00
6.147470705915976197e+01,3.456117650407404707e+00
6.149471277507859668e+01,3.108233362098832941e+00
6.151471849099743139e+01,2.922534314166393088e+00
6.153472420691626610e+01,3.546016032857190581e+00
6.155472992283510081e+01,2.789635164463760031e+00
6.157473563875393552e+01,3.141426140139009338e+00
6.159474135467276312e+01,2.589936419747333574e+00
6.161474707059159783e+01,2.213671043202818378e+00
6.163475278651043254e+01,2.616515989183602731e+00
6.165475850242926725e+01,2.118067450411277530e+00
6.167476421834810196e+01,1.224665557408830763e+00
6.169476993426693667e+01,1.353138998493807366e+00
6.171477565018577138e+01,1.710710026030017872e+00
6.173478136610460609e+01,1.215750305146225063e+00
6.175478708202344080e+01,1.250869287167368338e+00
6.177479279794227551e+01,1.025699467813957266e+00
6.179479851386110312e+01,1.156223642737739921e+00
6.181480422977993783e+01,1.029500302602743833e+00
6.183480994569877254e+01,2.232113257655689686e+00
6.185481566161760725e+01,1.432283837634058754e+00
6.187482137753644196e+01,1.618390916929099088e+00
6.189482709345527667e+01,2.157686431727325438e+00
6.191483280937411138e+01,1.442758975487945516e+00
6.193483852529294609e+01,1.223365698282989245e+00
6.195484424121178080e+01,1.210472301382260696e+00
6.197484995713060840e+01,2.266271473290053962e+00
6.199485567304944311e+01,1.045033158162516074e+00
6.201486138896827782e+01,9.342375646226228625e-01
6.203486710488711253e+01,1.978439015663149725e+00
6.205487282080594724e+01,1.650922132283363375e+00
6.207487853672478195e+01,6.458241448793524686e-01
6.209488425264361666e+01,2.147880734663875746e+00
6.211488996856245137e+01,1.306483136060899275e+00
6.213489568448128608e+01,1.563889099526143633e+00
6.215490140040011369e+01,1.326434582345705326e+00
6.217490711631894840e+01,3.719737427395504170e-01
6.219491283223778311e+01,8.223583448636779814e-01
6.221491854815661782e+01,1.431178188011694719e+00
6.223492426407545253e+01,1.951321949828505264e+00
6.225492997999428724e+01,1.100939018301479777e+00
6.227493569591312195e+01,1.107008686081692339e+00
6.229494141183195666e+01,1.461008205903073343e+00
6.231494712775079137e+01,1.267036173940897292e+00
6.233495284366962608e+01,1.992218519479647565e+00
6.235495855958845368e+01,1.102190378754885014e+00
6.237496427550728839e+01,1.813639574573114643e+00
6.239496999142612310e+01,1.329651208287025765e+00
6.241497570734495781e+01,1.038977899299373453e+00
6.243498142326379252e+01,9.162832816280714887e-01
6.245498713918262723e+01,1.506447874948636745e+00
6.247499285510146194e+01,1.387584669122001513e+00
6.249499857102029665e+01,1.489515752569644080e+00
6.251500428693913136e+01,1.653268482149266916e+00
6.253501000285795897e+01,1.674784556320908946e+00
6.255501571877679368e+01,1.625509155983449361e+00
6.257502143469562839e+01,1.955252863780934547e+00
6.259502715061446310e+01,2.529345029795800670e+00
6.261503286653329781e+01,2.086102821695725584e+00
6.263503858245213252e+01,2.630855667145959309e+00
6.265504429837096723e+01,2.656425898658545393e+00
6.267505001428980194e+01,2.493409576028080110e+00
6.269505573020863665e+01,2.964698516340423584e+00
6.271506144612747136e+01,2.715683888706532656e+00
6.273506716204629896e+01,2.644509290769152532e+00
6.275507287796513367e+01,2.184500575616964646e+00
6.277507859388396838e+01,1.630519437193225674e+00
6.279508430980280309e+01,2.673047398411588116e+00
6.281509002572163780e+01,3.032308942871406732e+00
6.283509574164047251e+01,1.504946203401988480e+00
6.285510145755930722e+01,2.096961240756214373e+00
6.287510717347814193e+01,1.250776910130376507e+00
6.289511288939697664e+01,2.285995414475419096e+00
6.291511860531580425e+01,1.322016145877849436e+00
6.293512432123463896e+01,1.928437904886517451e+00
6.295513003715347367e+01,1.839775393662100411e+00
6.297513575307230838e+01,1.138374202019514003e+00
6.299514146899114309e+01,1.320482204286065997e+00
6.301514718490997780e+01,1.403449315955471288e+00
6.303515290082881251e+01,1.491375273977833427e+00
6.305515861674764722e+01,1.108062532822691848e+00
6.307516433266648193e+01,1.040160124682495635e+00
6.309517004858530953e+01,1.192049976388317445e+00
6.311517576450414424e+01,1.308031693920228777e+00
6.313518148042297895e+01,7.267171092434007162e-01
6.315518719634181366e+01,5.714246802893213628e-01
6.317519291226064837e+01,1.310971158533704273e+00
6.319519862817948308e+01,1.037629860227899270e+00
6.321520434409831779e+01,1.740648449724659041e+00
6.323521006001715250e+01,7.537615960448305064e-01
6.325521577593598721e+01,1.752541605259680946e+00
6.327522149185482192e+01,1.366012822184385467e+00
6.329522720777364952e+01,1.567787216700182729e+00
6.331523292369248423e+01,9.015038650418328858e-01
6.333523863961131894e+01,7.238301474872269603e-01
6.335524435553015365e+01,1.180444491667201667e+00
6.337525007144898836e+01,4.479397068126320658e-01
6.339525578736782307e+01,1.275819271834426782e+00
6.341526150328665778e+01,1.308493383556200262e+00
6.343526721920549249e+01,1.334021338291726977e+00
6.345527293512432720e+01,1.064769704323079935e+00
6.347527865104315481e+01,2.185467700167502691e-01
6.349528436696198952e+01,8.524345201589086374e-01
6.351529008288082423e+01,3.257772228729260977e-01
6.353529579879965894e+01,4.727541642519491605e-01
6.355530151471849365e+01,8.532417894683822501e-01
6.357530723063732836e+01,1.416682970475092063e+00
6.359531294655616307e+01,1.494385594042173526e+00
6.361531866247499778e+01,9.531555795078203719e-01
6.363532437839383249e+01,1.429725868746748008e+00
6.365533009431266720e+01,1.466963532871486064e+00
6.367533581023149480e+01,7.358329854314413776e-01
6.369534152615032951e+01,8.434036054220617196e-01
6.371534724206916422e+01,1.058113065850293077e+00
6.373535295798799893e+01,1.819862908161917092e+00
6.375535867390683364e+01,9.891095312948416929e-01
6.377536438982566835e+01,8.489563428327570049e-01
6.379537010574450306e+01,1.184869828499048428e+00
6.381537582166333777e+01,1.150046563017127710e+00
6.383538153758217248e+01,2.099017958864850097e+00
6.385538725350100009e+01,1.675315985297379573e+00
6.387539296941983480e+01,1.391251715484099094e+00
6.389539868533866951e+01,1.153832894953501942e+00
6.391540440125750422e+01,7.717019371709912257e-01
6.393541011717633893e+01,1.361299421759802231e+00
6.395541583309517364e+01,1.702267592871216539e+00
6.397542154901400835e+01,7.520209117945718669e-01
6.399542726493284306e+01,1.627133855929439932e+00
6.401543298085167066e+01,1.748081391767272841e+00
6.403543869677051248e+01,1.182311103861833912e+00
6.405544441268934008e+01,1.384613104257845340e+00
6.407545012860816769e+01,1.017973547978620497e+00
6.409545584452700950e+01,8.182150251711344247e-01
6.411546156044585132e+01,1.650694948687398966e+00
6.413546727636467892e+01,1.511936068429663216e+00
6.415547299228350653e+01,2.095672941906434161e+00
6.417547870820234834e+01,1.630796077498359420e+00
6.419548442412119016e+01,7.915686679960745042e-01
6.421549014004001776e+01,1.295563876490212651e+00
6.423549585595884537e+01,1.957498154933029921e+00
6.425550157187768718e+01,2.104712227441763783e+00
6.427550728779651479e+01,2.175924671424727563e+00
6.429551300371534239e+01,2.317548502931968901e+00
6.431551871963418421e+01,2.177436655764548590e+00
6.433552443555302602e+01,2.541241915866485179e+00
6.435553015147185363e+01,2.126317109256623095e+00
6.437553586739068123e+01,2.278907249749319686e+00
6.439554158330952305e+01,2.849432523941889173e+00
6.441554729922835065e+01,2.431699232742473349e+00
6.443555301514717826e+01,2.262374215187596072e+00
6.445555873106602007e+01,2.244717551391322896e+00
6.447556444698486189e+01,2.953728561251264484e+00
6.449557016290368949e+01,3.305419922299677626e+00
6.451557587882251710e+01,3.178722465360680705e+00
6.453558159474135891e+01,2.554856743725121504e+00
6.455558731066020073e+01,3.051621297371456265e+00
6.457559302657902833e+01,3.066797863390730683e+00
6.459559874249785594e+01,3.199047023752493946e+00
6.461560445841669775e+01,1.985112638091059090e+00
6.463561017433552536e+01,2.216337193532230465e+00
6.465561589025435296e+01,2.983385635547889603e+00
6.467562160617319478e+01,2.634993577284954647e+00
6.469562732209203659e+01,3.085430740581902143e+00
6.471563303801086420e+01,2.945874103618558060e+00
6.473563875392969180e+01,2.750384415135934901e+00
6.475564446984853362e+01,2.721784176593288418e+00
6.477565018576737543e+01,1.846778757286813510e+00
6.479565590168618883e+01,2.257767089722920506e+00
6.481566161760503064e+01,2.783972728839853694e+00
6.483566733352387246e+01,2.094685003683011804e+00
6.485567304944270006e+01,2.210810853385476893e+00
6.487567876536152767e+01,2.706777098015335170e+00
6.489568448128036948e+01,2.155405574658905365e+00
6.491569019719921130e+01,1.650600577004438518e+00
6.493569591311803890e+01,1.238020227091221726e+00
6.495570162903686651e+01,1.633133654715106520e+00
6.497570734495570832e+01,1.410193167498810851e+00
6.499571306087453593e+01,1.297874099016817384e+00
6.501571877679336353e+01,1.682473253327213758e+00
6.503572449271220535e+01,1.418960635940007098e+00
6.505573020863104716e+01,2.076784083374520584e+00
6.507573592454987477e+01,1.287518993671203260e+00
6.509574164046870237e+01,8.061981898538441715e-01
6.511574735638754419e+01,2.098745277001457410e+00
6.513575307230638600e+01,1.608846852167685082e+00
6.515575878822521361e+01,1.149770145205165184e+00
6.517576450414404121e+01,1.297514585069098114e+00
6.519577022006288303e+01,1.496773719467946906e+00
6.521577593598171063e+01,1.071801033694131933e+00
6.523578165190053824e+01,2.161329397003036945e+00
6.525578736781938005e+01,1.103575618043859174e+00
6.527579308373822187e+01,5.040152183283168608e-01
6.529579879965704947e+01,1.883876823774275122e+00
6.531580451557587708e+01,1.952076270032309324e+00
6.533581023149471889e+01,4.172129345838684888e-01
6.535581594741354650e+01,1.574747279021738278e+00
6.537582166333237410e+01,5.537016869775516215e-01
6.539582737925121592e+01,5.468702355038005392e-01
6.541583309517005773e+01,7.591253102586715817e-01
6.543583881108888534e+01,1.672151888825402555e+00
6.545584452700771294e+01,1.697961852063642141e+00
6.547585024292655476e+01,1.093645361899501012e+00
6.549585595884539657e+01,1.054893098405151441e+00
6.551586167476422418e+01,1.571990839072890722e+00
6.553586739068305178e+01,9.825384812108561849e-01
6.555587310660189360e+01,1.793992131187341466e+00
6.557587882252072120e+01,1.015756243535713477e+00
6.559588453843954881e+01,1.180960386888418423e+00
6.561589025435839062e+01,8.506437901199686014e-01
6.563589597027723244e+01,4.671699807230709212e-01
6.565590168619606004e+01,7.211746834513972360e-01
6.567590740211488765e+01,6.880179936655335116e-01
6.569591311803372946e+01,1.255785717560195414e+00
6.571591883395257128e+01,4.248707164178658902e-01
6.573592454987138467e+01,1.243802786533889204e+00
6.575593026579022649e+01,1.269754386193153950e+00
6.577593598170906830e+01,1.712293570848856694e+00
6.579594169762789591e+01,1.620906313219161010e+00
6.581594741354672351e+01,1.842026188541480591e+00
6.583595312946556533e+01,8.404460547761289924e-01
6.585595884538440714e+01,1.710481085248144240e+00
6.587596456130323475e+01,1.284510763764054708e+00
6.589597027722206235e+01,7.608041413168762368e-01
6.591597599314090417e+01,1.725996605058468303e+00
6.593598170905973177e+01,1.069213161919436050e+00
6.595598742497855937e+01,7.771182315478051272e-01
6.597599314089740119e+01,8.106294931756047317e-01
6.599599885681624301e+01,1.093251904604486180e+00
6.601600457273507061e+01,1.406838621082587171e+00
6.603601028865389821e+01,1.423545023811573884e+00
6.605601600457274003e+01,1.847410885299997307e+00
6.607602172049158185e+01,1.338687640180719729e+00
6.609602743641040945e+01,1.724566527866254972e+00
6.611603315232923705e+01,1.436092682431592271e+00
6.613603886824807887e+01,1.271229260922517312e+00
6.615604458416690647e+01,2.165436232876791767e+00
6.617605030008573408e+01,2.017661867869153802e+00
6.619605601600457589e+01,2.168786832440114054e+00
6.621606173192341771e+01,1.892322354546422725e+00
6.623606744784224531e+01,1.658743897372698672e+00
6.625607316376107292e+01,2.326026981837295171e+00
6.627607887967991473e+01,2.059821105456671297e+00
6.629608459559874234e+01,1.927008396802743384e+00
6.631609031151756994e+01,2.063481138247868607e+00
6.633609602743641176e+01,2.128953280980625085e+00
6.635610174335525357e+01,1.721714023273364091e+00
6.637610745927408118e+01,1.787738820317315014e+00
6.639611317519290878e+01,1.489665024562873974e+00
6.641611889111175060e+01,1.820580952748300563e+00
6.643612460703059241e+01,1.983241870399586659e+00
6.645613032294942002e+01,1.991327305702020656e+00
6.647613603886824762e+01,1.292892592495291426e+00
6.649614175478708944e+01,1.882214743202635265e+00
6.651614747070591704e+01,2.067198498569981169e+00
6.653615318662474465e+01,1.508943491666554504e+00
6.655615890254358646e+01,1.156999865500542679e+00
6.657616461846242828e+01,1.464021227279284965e+00
6.659617033438125588e+01,1.047611285359657529e+00
6.661617605030008349e+01,2.072800787823114277e+00
6.663618176621892530e+01,9.426304287865236997e-01
6.665618748213776712e+01,1.577531457729006270e+00
6.667619319805658051e+01,7.273023080644382965e-01
6.669619891397542233e+01,1.403884500660762091e+00
6.671620462989426414e+01,1.283693445701403313e+00
6.673621034581309175e+01,1.719964580872262561e+00
6.675621606173191935e+01,2.158758694922600974e+00
6.677622177765076117e+01,1.572136753238957851e+00
6.679622749356960298e+01,1.929503176095554329e+00
6.681623320948843059e+01,1.593416112320500844e+00
6.683623892540725819e+01,2.501153979635811542e+00
6.685624464132610001e+01,3.228278988991972298e+00
6.687625035724492761e+01,3.084048051684261882e+00
6.689625607316375522e+01,3.084619394190072139e+00
6.691626178908259703e+01,3.958548826206853999e+00
6.693626750500143885e+01,3.241587388506139256e+00
6.695627322092026645e+01,3.431768435757807989e+00
6.697627893683909406e+01,3.287767829851151458e+00
6.699628465275793587e+01,3.395856833230692651e+00
6.701629036867677769e+01,3.421602129826347038e+00
6.703629608459560529e+01,4.251564993484453048e+00
6.705630180051443290e+01,4.094284434262080552e+00
6.707630751643327471e+01,4.111271087659533308e+00
6.709631323235210232e+01,3.814531389550126939e+00
6.711631894827092992e+01,3.727478555899951917e+00
6.713632466418977174e+01,3.671390475151060429e+00
6.715633038010861355e+01,3.874133112401304313e+00
6.717633609602744116e+01,3.687801354335412896e+00
6.719634181194626876e+01,3.215850495820402610e+00
6.721634752786511058e+01,4.226026318891927147e+00
6.723635324378393818e+01,4.829125739244018334e+00
6.725635895970276579e+01,3.985149954904084968e+00
6.727636467562160760e+01,4.432065873857474081e+00
6.729637039154044942e+01,3.717223951944395921e+00
6.731637610745927702e+01,4.188393499822600674e+00
6.733638182337810463e+01,4.854004232258722240e+00
6.735638753929694644e+01,3.859619373257908048e+00
6.737639325521578826e+01,4.496964907743910445e+00
6.739639897113461586e+01,3.651932270261907920e+00
6.741640468705344347e+01,3.722962598975649406e+00
6.743641040297228528e+01,4.327181862946021695e+00
6.745641611889111289e+01,3.658718030180625469e+00
6.747642183480994049e+01,4.595782876157309182e+00
6.749642755072878231e+01,3.651455582221032614e+00
6.751643326664762412e+01,3.707647874934045795e+00
6.753643898256645173e+01,3.461458700516593989e+00
6.755644469848527933e+01,3.366089612015502830e+00
6.757645041440412115e+01,3.243953692613049888e+00
6.759645613032296296e+01,3.512958814161462495e+00
6.761646184624177636e+01,3.272979724513772837e+00
6.763646756216061817e+01,2.875482172321357499e+00
6.765647327807945999e+01,3.056125135774649948e+00
6.767647899399828759e+01,2.960263322618846171e+00
6.769648470991711520e+01,2.216029185120190981e+00
6.771649042583595701e+01,2.077548058610265258e+00
6.773649614175479883e+01,1.637296400748388336e+00
6.775650185767362643e+01,2.882152516025716427e+00
6.777650757359245404e+01,1.287497553000022554e+00
6.779651328951129585e+01,1.692795793803687054e+00
6.781651900543012346e+01,2.282339943983872299e+00
6.783652472134895106e+01,2.144904921841587875e+00
6.785653043726779288e+01,2.350286778427661982e+00
6.787653615318663469e+01,2.105997268880293483e+00
6.789654186910546230e+01,2.408052357665501297e+00
6.791654758502428990e+01,1.942271211213075777e+00
6.793655330094313172e+01,2.152561673672287679e+00
6.795655901686197353e+01,1.096322454584295336e+00
6.797656473278080114e+01,9.955162082132225088e-01
6.799657044869962874e+01,2.020749491750234217e+00
6.801657616461847056e+01,1.734324106348714034e+00
6.803658188053729816e+01,7.764471697719663723e-01
6.805658759645612577e+01,2.002268274916958468e+00
6.807659331237496758e+01,1.888596430742473853e+00
6.809659902829380940e+01,1.610862488969684758e+00
6.811660474421263700e+01,7.346835393903360378e-01
6.813661046013146461e+01,1.697464701976997281e+00
6.815661617605030642e+01,1.054998597360994772e+00
6.817662189196913403e+01,1.442199467059558593e+00
6.819662760788796163e+01,8.711868887059572852e-01
6.821663332380680345e+01,1.691671808980240055e+00
6.823663903972564526e+01,8.897433694306611240e-01
6.825664475564447287e+01,1.594546187612859267e+00
6.827665047156330047e+01,1.959845593946457853e+00
6.829665618748214229e+01,1.542908331578395353e+00
6.831666190340098410e+01,7.576683321611911159e-01
6.833666761931981171e+01,1.853440864293800283e+00
6.835667333523863931e+01,1.654146938668666023e+00
6.837667905115748113e+01,1.416754455928639134e+00
6.839668476707630873e+01,1.252119436535851449e+00
6.841669048299513634e+01,1.631280767129565046e+00
6.843669619891397815e+01,1.471815849559199529e+00
6.845670191483281997e+01,1.918968418539206411e+00
6.847670763075164757e+01,1.069190136483342712e+00
6.849671334667047518e+01,1.117830538608066693e+00
6.851671906258931699e+01,1.166222388111703312e+00
6.853672477850815881e+01,1.554826240260092307e+00
6.855673049442697220e+01,1.821669365907513605e+00
6.857673621034581402e+01,1.322112562979750550e+00
6.859674192626465583e+01,1.864306853904881933e+00
6.861674764218348344e+01,1.760874315043376548e+00
6.863675335810231104e+01,1.597354521746954692e+00
6.865675907402115286e+01,1.451553666804124010e+00
6.867676478993999467e+01,1.880036710628923302e+00
6.869677050585882228e+01,1.276029196368939633e+00
6.871677622177764988e+01,7.935652356509204086e-01
6.873678193769649170e+01,1.541864628182147978e+00
6.875678765361531930e+01,1.357478890301819341e+00
6.877679336953414690e+01,1.778216343259164667e+00
6.879679908545298872e+01,2.233841126827794454e+00
6.881680480137183054e+01,2.299087295810351428e+00
6.883681051729065814e+01,1.589833761083949693e+00
6.885681623320948574e+01,1.460677644049141799e+00
6.887682194912832756e+01,1.645601742346157526e+00
6.889682766504716938e+01,1.302703420065160822e+00
6.891683338096599698e+01,1.361557145117072931e+00
6.893683909688482458e+01,1.420257954364511299e+00
6.895684481280366640e+01,1.170274665172066353e+00
6.897685052872249400e+01,1.655154690609357937e+00
6.899685624464132161e+01,1.721706663662848413e+00
6.901686196056016342e+01,1.378461631816242594e+00
6.903686767647900524e+01,1.366345543114035888e+00
6.905687339239783284e+01,9.074046828374044971e-01
6.907687910831666045e+01,1.440562156978927533e+00
6.909688482423550226e+01,9.358176889972740220e-01
6.911689054015432987e+01,1.332460620379934291e+00
6.913689625607315747e+01,1.483134550747601033e+00
6.915690197199199929e+01,1.126100073950960123e+00
6.917690768791084110e+01,1.631638899329737047e+00
6.919691340382966871e+01,5.545883529481864249e-01
6.921691911974849631e+01,8.992282191936540325e-01
6.923692483566733813e+01,1.358883276730088463e+00
6.925693055158617994e+01,4.875012367387711598e-01
6.927693626750500755e+01,1.408138612834485492e+00
6.929694198342383515e+01,1.750477195264414254e+00
6.931694769934267697e+01,1.092862976384211260e+00
6.933695341526150457e+01,1.421586180144180922e+00
6.935695913118033218e+01,6.848292972149583324e-01
6.937696484709917399e+01,7.119852420884770217e-01
6.939697056301801581e+01,1.158475564785260259e+00
6.941697627893684341e+01,1.427155139442060738e+00
6.943698199485567102e+01,1.852692202657174159e+00
6.945698771077451283e+01,2.178264536555928998e+00
6.947699342669335465e+01,1.657457578770308082e+00
6.949699914261216804e+01,1.055281549094382765e+00
6.951700485853100986e+01,1.685587864126297575e+00
6.953701057444985167e+01,1.963716717645987764e+00
6.955701629036867928e+01,1.914773321816115370e+00
6.957702200628750688e+01,1.842111576802181627e+00
6.959702772220634870e+01,1.892065457439847220e+00
6.961703343812519051e+01,1.603846633279742528e+00
6.963703915404401812e+01,1.398640306710780212e+00
6.965704486996284572e+01,1.780603137233001121e+00
6.967705058588168754e+01,2.599856949752560986e+00
6.969705630180051514e+01,2.009604191964091680e+00
6.971706201771934275e+01,2.205298221338890752e+00
6.973706773363818456e+01,3.078173415555794268e+00
6.975707344955702638e+01,2.298442408164071971e+00
6.977707916547585398e+01,2.203866569096249339e+00
6.979708488139468159e+01,2.817275282166193939e+00
6.981709059731352340e+01,2.943491022807692481e+00
6.983709631323236522e+01,3.765919963420874872e+00
6.985710202915119282e+01,3.492674866309217308e+00
6.987710774507002043e+01,4.021829229178464971e+00
6.989711346098886224e+01,3.205262808471513569e+00
6.991711917690768985e+01,4.066549371468331842e+00
6.993712489282651745e+01,3.624282102482241807e+00
6.995713060874535927e+01,3.689892033227882617e+00
6.997713632466420108e+01,4.317788768278552070e+00
6.999714204058302869e+01,4.641645972430121780e+00
7.001714775650185629e+01,3.566817888249425028e+00
7.003715347242069811e+01,3.523370598431625922e+00
7.005715918833952571e+01,4.343331070137006478e+00
7.007716490425835332e+01,3.224258567245886553e+00
7.009717062017719513e+01,3.208715139467404054e+00
7.011717633609603695e+01,3.716500372783603456e+00
7.013718205201486455e+01,2.951818829402104161e+00
7.015718776793369216e+01,2.233979363254574579e+00
7.017719348385253397e+01,2.663722549043893828e+00
7.019719919977137579e+01,2.411574998176678974e+00
7.021720491569020339e+01,2.115744261389501890e+00
7.023721063160903100e+01,1.800137966147218105e+00
7.025721634752787281e+01,1.781139404172539908e+00
7.027722206344670042e+01,2.393178767330787604e+00
7.029722777936552802e+01,1.953209804373167602e+00
7.031723349528436984e+01,1.732082293529533912e+00
7.033723921120321165e+01,1.871999623578662231e+00
7.035724492712203926e+01,1.561707023727185728e+00
7.037725064304086686e+01,1.905162233236604052e+00
7.039725635895970868e+01,1.494221820609269447e+00
7.041726207487855049e+01,1.535478457618068227e+00
7.043726779079736389e+01,2.110876102437178936e+00
7.045727350671620570e+01,1.578386517259187993e+00
7.047727922263504752e+01,1.342930884948010828e+00
7.049728493855387512e+01,1.212882741491502436e+00
7.051729065447270273e+01,1.280605388059550265e+00
7.053729637039154454e+01,1.912222830928581363e+00
7.055730208631038636e+01,1.363561925202376290e+00
7.057730780222921396e+01,1.860256306789974001e+00
7.059731351814804157e+01,9.465867871646249654e-01
7.061731923406688338e+01,1.279430394989642616e+00
7.063732494998571099e+01,7.090567378272559784e-01
7.065733066590453859e+01,1.156931903150235863e+00
7.067733638182338041e+01,8.562647883681986372e-01
7.069734209774222222e+01,1.290831451037661948e+00
7.071734781366104983e+01,9.343156789867063106e-01
7.073735352957987743e+01,7.832155758061370987e-01
7.075735924549871925e+01,7.575324104254788082e-01
7.077736496141756106e+01,6.550038073156019269e-01
7.079737067733638867e+01,1.616125681034282779e+00
7.081737639325521627e+01,9.248276094394969338e-01
7.083738210917405809e+01,1.773793922784101973e+00
7.085738782509288569e+01,1.790578371912818767e+00
7.087739354101171330e+01,1.078981684779467987e+00
7.089739925693055511e+01,1.674942713112283155e+00
7.091740497284939693e+01,1.221565050098846417e+00
7.093741068876822453e+01,1.063402001488126469e+00
7.095741640468705214e+01,1.191140854177424879e+00
7.097742212060589395e+01,1.726457784308372823e+00
7.099742783652472156e+01,1.427417443634180660e+00
7.101743355244354916e+01,9.483262021812801645e-01
7.103743926836239098e+01,8.235426427445886599e-01
7.105744498428123279e+01,1.837499050055737104e+00
7.107745070020006040e+01,1.793385350588419858e+00
7.109745641611888800e+01,1.714111157830666254e+00
7.111746213203772982e+01,7.371639514339187738e-01
7.113746784795657163e+01,1.264253800953994977e+00
7.115747356387539924e+01,1.896076966867717317e+00
7.117747927979422684e+01,1.093795899408008365e+00
7.119748499571306866e+01,1.032713849560722874e+00
7.121749071163189626e+01,1.444304246824993143e+00
7.123749642755072387e+01,1.349597993579747968e+00
7.125750214346956568e+01,1.236337753723750321e+00
7.127750785938840750e+01,9.444191160783980132e-01
7.129751357530723510e+01,1.426304194424439453e+00
7.131751929122606271e+01,6.658282275136360173e-01
7.133752500714490452e+01,1.201817663356524735e+00
7.135753072306374634e+01,7.967885194806481053e-01
7.137753643898255973e+01,7.080143861947969519e-01
7.139754215490140155e+01,8.712754452865021371e-01
7.141754787082024336e+01,7.232344451279816289e-01
7.143755358673907097e+01,1.586964974371979586e+00
7.145755930265789857e+01,4.085776738847047840e-01
7.147756501857674039e+01,1.272145773037592020e+00
7.149757073449558220e+01,1.593968264548075053e+00
7.151757645041440981e+01,6.747107109362201482e-01
7.153758216633323741e+01,2.025741019542256716e+00
7.155758788225207923e+01,1.003367331493081549e+00
7.157759359817090683e+01,1.373778713251760264e+00
7.159759931408973443e+01,2.132625398316568610e+00
7.161760503000857625e+01,6.030507788124657154e-01
7.163761074592741807e+01,1.805781112694196278e+00
7.165761646184624567e+01,1.366307272825487473e+00
7.167762217776507327e+01,1.658520735548799196e+00
7.169762789368391509e+01,1.245175104287242984e+00
7.171763360960275691e+01,1.678510697843403676e+00
7.173763932552158451e+01,1.332840924952140904e+00
7.175764504144041211e+01,1.842510286689980070e+00
7.177765075735925393e+01,2.168805807685392217e+00
7.179765647327808153e+01,2.024291840201942971e+00
7.181766218919690914e+01,2.291323587660182959e+00
7.183766790511575095e+01,2.837104132831235859e+00
7.185767362103459277e+01,2.501921814735494021e+00
7.187767933695342037e+01,2.884422572909914440e+00
7.189768505287224798e+01,2.843454748380381147e+00
7.191769076879108979e+01,2.897856702854144650e+00
7.193769648470991740e+01,4.210416882470866540e+00
7.195770220062874500e+01,3.573055393123902856e+00
7.197770791654758682e+01,4.246018796996859024e+00
7.199771363246642863e+01,3.756617343591561298e+00
7.201771934838525624e+01,4.863797110332490625e+00
7.203772506430408384e+01,4.799085946983750794e+00
7.205773078022292566e+01,5.193430365280486072e+00
7.207773649614176747e+01,5.108518436502977877e+00
7.209774221206059508e+01,4.269465787709163074e+00
7.211774792797942268e+01,4.651869771811118603e+00
7.213775364389826450e+01,4.709967010256598030e+00
7.215775935981709210e+01,4.521445350891143633e+00
7.217776507573591971e+01,4.225066781934120108e+00
7.219777079165476152e+01,4.333337960261154365e+00
7.221777650757360334e+01,3.352555878704165604e+00
7.223778222349243094e+01,4.022434768578389885e+00
7.225778793941125855e+01,3.141166349853469875e+00
7.227779365533010036e+01,2.059862471600907519e+00
7.229779937124894218e+01,1.888478131289603956e+00
7.231780508716775557e+01,2.896574479057593354e+00
7.233781080308659739e+01,1.510486704994868923e+00
7.235781651900543920e+01,2.463142724365223302e+00
7.237782223492426681e+01,2.283565624538737460e+00
7.239782795084309441e+01,1.863559727359008322e+00
7.241783366676193623e+01,1.130352494695990195e+00
7.243783938268077804e+01,1.726892841671911150e+00
7.245784509859960565e+01,1.186303720445098575e+00
7.247785081451843325e+01,1.974058064404860868e+00
7.249785653043727507e+01,1.218043782849579149e+00
7.251786224635610267e+01,1.379625446156260482e+00
7.253786796227493028e+01,2.414161927916564032e+00
7.255787367819377209e+01,2.201078149937293116e+00
7.257787939411261391e+01,1.543038110289780329e+00
7.259788511003144151e+01,1.399742594373797111e+00
7.261789082595026912e+01,1.416849126270893322e+00
7.263789654186911093e+01,2.214504456818647604e+00
7.265790225778795275e+01,1.166310505437747391e+00
7.267790797370678035e+01,1.710270381990757649e+00
7.269791368962560796e+01,1.909804479028055946e+00
7.271791940554444977e+01,9.414278564700440111e-01
7.273792512146327738e+01,1.687368812414238750e+00
7.275793083738210498e+01,1.208819300649934592e+00
7.277793655330094680e+01,1.316475885448144201e+00
7.279794226921978861e+01,1.829930123735107772e+00
7.281794798513861622e+01,2.479815411685141413e+00
7.283795370105744382e+01,1.527650572342103441e+00
7.285795941697628564e+01,1.317990050320640760e+00
7.287796513289511324e+01,2.187159690979789683e+00
7.289797084881394085e+01,2.409237511987389446e+00
7.291797656473278266e+01,2.091921802438287958e+00
7.293798228065162448e+01,1.765155044127527884e+00
7.295798799657045208e+01,1.836026808805238719e+00
7.297799371248927969e+01,1.365398850940921394e+00
7.299799942840812150e+01,1.453136264852504356e+00
7.301800514432696332e+01,1.628239606699962483e+00
7.303801086024579092e+01,1.424557384898495593e+00
7.305801657616461853e+01,1.684794506240219869e+00
7.307802229208346034e+01,1.383087486333201666e+00
7.309802800800228795e+01,1.464276318461787518e+00
7.311803372392111555e+01,1.789519914329442241e+00
7.313803943983995737e+01,1.540841647974309669e+00
7.315804515575879918e+01,2.278611247831168640e+00
7.317805087167762679e+01,1.481299788917456617e+00
7.319805658759645439e+01,1.004503083663536689e+00
7.321806230351529621e+01,1.689674668221072373e+00
7.323806801943413802e+01,1.587163044396270317e+00
7.325807373535295142e+01,8.637397589287951760e-01
7.327807945127179323e+01,1.897042691359677402e+00
7.329808516719063505e+01,7.808935750204033521e-01
7.331809088310946265e+01,2.031561595370098505e+00
7.333809659902829026e+01,1.166046407520115125e+00
7.335810231494713207e+01,1.745035302023456136e+00
7.337810803086597389e+01,1.314476429931287882e+00
7.339811374678480149e+01,1.022922452926986470e+00
7.341811946270362910e+01,1.448171745236297658e+00
7.343812517862247091e+01,1.039335138335330422e+00
7.345813089454129852e+01,8.439278630349280608e-01
7.347813661046012612e+01,5.525316956553305570e-01
7.349814232637896794e+01,9.752777088461905830e-01
7.351814804229780975e+01,1.021754972808485817e+00
7.353815375821663736e+01,1.360583866271194875e+00
7.355815947413546496e+01,1.655928200975278708e+00
7.357816519005430678e+01,9.747267475781818957e-01
7.359817090597314859e+01,1.072868327885865058e+00
7.361817662189197620e+01,1.783605610376604034e+00
7.363818233781080380e+01,2.094842651310525827e+00
7.365818805372964562e+01,9.722990075719967207e-01
7.367819376964847322e+01,1.095799520249365999e+00
7.369819948556730083e+01,9.226663776092156599e-01
7.371820520148614264e+01,2.057223633779004413e+00
7.373821091740498446e+01,1.369327338582284614e+00
7.375821663332381206e+01,1.945715711478370746e+00
7.377822234924263967e+01,2.477082317358907382e+00
7.379822806516148148e+01,2.237658939982251738e+00
7.381823378108030909e+01,1.881282207116383054e+00
7.383823949699913669e+01,2.909650465880652792e+00
7.385824521291797851e+01,2.868284005609032405e+00
7.387825092883682032e+01,2.945855285041087512e+00
7.389825664475564793e+01,3.493624416058210613e+00
7.391826236067447553e+01,3.141568664773563668e+00
7.393826807659331735e+01,3.852286046152397336e+00
7.395827379251215916e+01,4.791167329008935383e+00
7.397827950843098677e+01,4.440794854682893700e+00
7.399828522434981437e+01,4.125315164331150086e+00
7.401829094026865619e+01,5.167345861376609228e+00
7.403829665618748379e+01,5.416922615850824130e+00
7.405830237210632561e+01,4.651780912907205412e+00
7.407830808802515321e+01,4.160209579348771669e+00
7.409831380394398082e+01,5.465840516352506562e+00
7.411831951986282263e+01,4.865912673077250616e+00
7.413832523578165024e+01,3.979429831437202303e+00
7.415833095170049205e+01,4.013696882150219913e+00
7.417833666761931966e+01,3.965840190337738935e+00
7.419834238353816147e+01,4.570215634046252973e+00
7.421834809945698908e+01,3.282147248295199216e+00
7.423835381537583089e+01,3.820549588409379638e+00
7.425835953129465850e+01,3.185118171756178729e+00
7.427836524721348610e+01,2.988490322840891000e+00
7.429837096313232792e+01,3.592045833926435172e+00
7.431837667905115552e+01,2.183818537829364193e+00
7.433838239496999734e+01,3.257471134185544237e+00
7.435838811088882494e+01,2.816417439402238543e+00
7.437839382680766676e+01,2.345936520169614958e+00
7.439839954272649436e+01,1.992245792766103474e+00
7.441840525864533618e+01,3.017911026855264023e+00
7.443841097456416378e+01,2.949683571360804724e+00
7.445841669048300560e+01,1.913921065616803308e+00
7.447842240640183320e+01,2.673396745668449981e+00
7.449842812232066080e+01,3.332550287122142851e+00
7.451843383823950262e+01,2.464576535911033872e+00
7.453843955415833022e+01,3.054084228503375353e+00
7.455844527007717204e+01,1.947164972031762309e+00
7.457845098599599964e+01,2.978268075647878099e+00
7.459845670191484146e+01,2.469102803412449365e+00
7.461846241783366906e+01,3.134030895153856466e+00
7.463846813375251088e+01,2.503316871643130881e+00
7.465847384967133848e+01,2.813234402893982633e+00
7.467847956559016609e+01,2.876237960968969443e+00
7.469848528150900790e+01,3.336793988320456261e+00
7.471849099742783551e+01,2.272022272093502160e+00
7.473849671334667732e+01,2.824283396794310175e+00
7.475850242926550493e+01,2.831438802495476192e+00
7.477850814518434674e+01,2.746870606781192770e+00
7.479851386110317435e+01,2.454673698061503373e+00
7.481851957702201616e+01,3.233654215630729301e+00
7.483852529294084377e+01,2.049293031863236525e+00
7.485853100885967137e+01,2.085034088026082699e+00
7.487853672477851319e+01,1.542877838685571934e+00
7.489854244069734079e+01,2.780418722033959789e+00
7.491854815661618261e+01,1.672761732188059458e+00
7.493855387253501021e+01,2.492407851647244321e+00
7.495855958845385203e+01,1.902378211086100279e+00
7.497856530437267963e+01,1.878803220362381454e+00
7.499857102029152145e+01,9.779942375286240219e-01
7.501857673621034905e+01,1.325738098911934504e+00
7.503858245212917666e+01,9.503815499776505638e-01
7.505858816804801847e+01,2.317221937417634159e+00
7.507859388396684608e+01,2.231935464043028894e+00
7.509859959988568789e+01,1.328200088822966807e+00
7.511860531580451550e+01,1.572948463280905429e+00
7.513861103172335731e+01,1.872523722591529216e+00
7.515861674764218492e+01,1.065738101866184229e+00
7.517862246356102673e+01,1.501376215804996139e+00
7.519862817947985434e+01,1.005393670583399457e+00
7.521863389539868194e+01,1.541409143198359200e+00
7.523863961131752376e+01,1.004290243773655833e+00
7.525864532723635136e+01,1.604176929473325464e+00
7.527865104315519318e+01,9.570338888479166251e-01
7.529865675907402078e+01,1.384377444154310410e+00
7.531866247499286260e+01,1.047851581780387953e+00
7.533866819091169020e+01,1.139337214641647389e+00
7.535867390683053202e+01,1.610937818108096664e+00
7.537867962274935962e+01,1.221527934865078047e+00
7.539868533866820144e+01,1.511787938087307159e+00
7.541869105458702904e+01,9.607774125154220357e-01
7.543869677050585665e+01,2.103339570104175049e+00
7.545870248642469846e+01,1.275876367123656152e+00
7.547870820234352607e+01,1.458606358141360637e+00
7.549871391826236788e+01,2.119756277706665415e+00
7.551871963418119549e+01,7.147644805232113985e-01
7.553872535010003730e+01,8.843828184925576208e-01
7.555873106601886491e+01,2.010522488739696190e+00
7.557873678193770672e+01,1.687093465916633228e+00
7.559874249785653433e+01,1.498796835896876400e+00
7.561874821377536193e+01,2.097779148062282495e+00
7.563875392969420375e+01,2.208395681574464309e+00
7.565875964561303135e+01,1.355002141248457637e+00
7.567876536153187317e+01,1.344598696718144470e+00
7.569877107745070077e+01,1.237550817352691901e+00
7.571877679336954259e+01,1.611356488213619986e+00
7.573878250928837019e+01,1.748847777570719630e+00
7.575878822520721201e+01,1.911189927316261361e+00
7.577879394112603961e+01,1.044267269478333926e+00
7.579879965704486722e+01,1.703292495583891730e+00
7.581880537296370903e+01,1.161139323247731170e+00
7.583881108888253664e+01,1.218017044514958069e+00
7.585881680480137845e+01,1.490688288693121866e+00
7.587882252072020606e+01,1.017884402642264430e+00
7.589882823663904787e+01,1.813540871001575017e+00
7.591883395255787548e+01,1.464655824981531129e+00
7.593883966847671729e+01,2.106961742752790023e+00
7.595884538439554490e+01,1.569413170857501871e+00
7.597885110031437250e+01,1.377799546411922149e+00
7.599885681623321432e+01,1.299321868117668810e+00
7.601886253215204192e+01,1.803193825946054929e+00
7.603886824807088374e+01,1.273003387890999427e+00
7.605887396398971134e+01,1.875319579980007534e+00
7.607887967990855316e+01,1.890378070137157085e+00
7.609888539582738076e+01,1.673688510320197942e+00
7.611889111174622258e+01,1.863517388394838381e+00
7.613889682766505018e+01,1.545964677005882137e+00
7.615890254358387779e+01,1.949175327955573467e+00
7.617890825950271960e+01,2.400199646025669153e+00
7.619891397542154721e+01,2.300751000952286240e+00
7.621891969134038902e+01,2.849929011049274763e+00
7.623892540725921663e+01,2.234645026495816644e+00
7.625893112317805844e+01,1.483110734219067250e+00
7.627893683909688605e+01,2.096170316066427119e+00
7.629894255501572786e+01,2.308919164933686652e+00
7.631894827093455547e+01,2.251657954315828380e+00
7.633895398685339728e+01,2.976363111621643576e+00
7.635895970277222489e+01,3.669137139086322996e+00
7.637896541869105249e+01,4.097077290996685051e+00
7.639897113460989431e+01,4.882423217699758844e+00
7.641897685052872191e+01,5.056619413468289359e+00
7.643898256644756373e+01,5.767043809340369087e+00
7.645898828236639133e+01,6.261625962642856535e+00
7.647899399828523315e+01,6.734893279269321020e+00
7.649899971420406075e+01,7.819105954537486802e+00
7.651900543012290257e+01,7.744837435129520387e+00
7.653901114604173017e+01,8.249017587889460046e+00
7.655901686196055778e+01,8.824933509499761186e+00
7.657902257787939959e+01,1.004016306632797573e+01
7.659902829379822720e+01,1.068826887304612683e+01
7.661903400971706901e+01,1.059304119399703836e+01
7.663903972563589662e+01,1.032871218906493738e+01
7.665904544155473843e+01,1.014186382509028483e+01
7.667905115747356604e+01,1.112387243034273432e+01
7.669905687339240785e+01,1.038434857163250946e+01
7.671906258931123546e+01,9.571667320824488456e+00
7.673906830523006306e+01,9.545253602930241499e+00
7.675907402114890488e+01,8.815902909526327491e+00
7.677907973706773248e+01,9.572621271796121434e+00
7.679908545298657430e+01,8.813647679344310149e+00
7.681909116890540190e+01,6.998873570738376237e+00
7.683909688482424372e+01,6.560987632459490904e+00
7.685910260074307132e+01,5.472588337709574091e+00
7.687910831666191314e+01,5.340688864515863443e+00
7.689911403258074074e+01,6.040674390496117319e+00
7.691911974849956835e+01,4.105814620367478796e+00
7.693912546441841016e+01,4.510068270091686315e+00
7.695913118033723777e+01,4.677310380939824874e+00
7.697913689625607958e+01,3.698440771209644318e+00
7.699914261217490719e+01,2.713206923399075876e+00
7.701914832809374900e+01,2.694734762749619428e+00
7.703915404401257661e+01,3.423054302688811390e+00
7.705915975993141842e+01,2.841323910648342554e+00
7.707916547585024603e+01,2.225155961014475992e+00
7.709917119176907363e+01,1.559265612574527005e+00
7.711917690768791545e+01,1.838782011190687182e+00
7.713918262360674305e+01,2.308936899374679719e+00
7.715918833952558487e+01,1.159755722000888722e+00
7.717919405544441247e+01,1.805516061326644106e+00
7.719919977136325429e+01,2.530963195321883852e+00
7.721920548728208189e+01,2.675491731841920462e+00
7.723921120320092371e+01,2.057329362867050815e+00
7.725921691911975131e+01,2.109966726421622418e+00
7.727922263503859313e+01,1.941496217473852370e+00
7.729922835095742073e+01,2.019975249430227215e+00
7.731923406687624833e+01,1.955880783778408905e+00
7.733923978279509015e+01,1.721306408643317187e+00
7.735924549871391775e+01,1.854950973087848842e+00
7.737925121463275957e+01,2.041770274956683728e+00
7.739925693055158717e+01,2.604264692801703251e+00
7.741926264647042899e+01,1.947971658267213968e+00
7.743926836238925659e+01,1.896407014963116922e+00
7.745927407830809841e+01,2.415709658427485529e+00
7.747927979422692601e+01,1.882998494856668703e+00
7.749928551014575362e+01,1.955989732692487326e+00
7.751929122606459543e+01,2.193583098182646740e+00
7.753929694198342304e+01,1.283067430433792122e+00
7.755930265790226485e+01,2.703063757268508560e+00
7.757930837382109246e+01,2.258179703240661418e+00
7.759931408973993427e+01,1.820067666262302319e+00
7.761931980565876188e+01,1.847663074058471633e+00
7.763932552157760369e+01,2.311897952511360987e+00
7.765933123749643130e+01,2.223568759501334036e+00
7.767933695341525890e+01,1.580214598160670558e+00
7.769934266933410072e+01,1.440458108517677971e+00
7.771934838525292832e+01,1.870773826258909089e+00
7.773935410117177014e+01,2.287995631158766585e+00
7.775935981709059774e+01,2.182714713402228224e+00
7.777936553300943956e+01,2.938758159904285794e+00
7.779937124892826716e+01,2.025451315877078606e+00
7.781937696484710898e+01,2.280458083167753003e+00
7.783938268076593658e+01,2.465921319575025805e+00
7.785938839668476419e+01,2.001065824771285140e+00
7.787939411260360600e+01,1.855055564855080830e+00
7.789939982852243361e+01,1.718181804496049514e+00
7.791940554444127542e+01,1.900351224029153796e+00
7.793941126036010303e+01,2.349321523136047141e+00
7.795941697627894484e+01,2.347184418048125387e+00
7.797942269219777245e+01,2.510194655115913331e+00
7.799942840811661426e+01,2.104347723670581871e+00
7.801943412403544187e+01,2.336645757828134329e+00
7.803943983995426947e+01,2.242156823845348423e+00
7.805944555587311129e+01,2.806550388485178793e+00
7.807945127179193889e+01,1.794888197623976112e+00
7.809945698771078071e+01,2.320141909795182755e+00
7.811946270362960831e+01,1.582383317910975418e+00
7.813946841954845013e+01,1.819622277208847505e+00
7.815947413546727773e+01,2.349919189975495648e+00
7.817947985138611955e+01,2.391244169364759031e+00
7.819948556730494715e+01,1.775990939644920275e+00
7.821949128322378897e+01,1.754443764157576524e+00
7.823949699914261657e+01,2.066427653846816259e+00
7.825950271506144418e+01,2.532544968301278843e+00
7.827950843098028599e+01,2.015453653123910449e+00
7.829951414689911360e+01,2.035985918203755851e+00
7.831951986281795541e+01,2.158970896209752688e+00
7.833952557873678302e+01,2.643058480941929300e+00
7.835953129465562483e+01,2.590826075876460521e+00
7.837953701057445244e+01,2.434177157296687266e+00
7.839954272649329425e+01,2.437505945589399037e+00
7.841954844241212186e+01,1.810524376148768821e+00
7.843955415833094946e+01,2.235602791926292632e+00
7.845955987424979128e+01,2.600192593030511201e+00
7.847956559016861888e+01,2.052591248771992838e+00
7.849957130608746070e+01,1.437638028141950297e+00
7.851957702200628830e+01,1.310127417916014281e+00
7.853958273792513012e+01,2.026563323270888173e+00
7.855958845384395772e+01,2.203556674585450459e+00
7.857959416976279954e+01,1.127787394047244485e+00
7.859959988568162714e+01,1.677977827366647467e+00
7.861960560160045475e+01,1.482399379418743113e+00
7.863961131751929656e+01,8.526464180881392352e-01
7.865961703343812417e+01,1.695635209050635916e+00
7.867962274935696598e+01,4.519728606063626586e-01
7.869962846527579359e+01,1.213748239029991183e+00
7.871963418119463540e+01,1.452648726355274089e+00
7.873963989711346301e+01,1.139156767587768737e+00
7.875964561303230482e+01,9.985875392051934973e-01
7.877965132895113243e+01,1.353910670039469855e+00
7.879965704486996003e+01,9.195544635777002096e-01
7.881966276078880185e+01,1.138788425315127029e+00
7.883966847670762945e+01,1.520220883169975279e+00
7.885967419262647127e+01,2.235070184026959339e+00
7.887967990854529887e+01,1.078779155318538852e+00
7.889968562446414069e+01,1.535072298464460028e+00
7.891969134038296829e+01,9.566401703515494681e-01
7.893969705630181011e+01,1.759068242374712820e+00
7.895970277222063771e+01,1.265010071832454397e+00
7.897970848813946532e+01,1.613313413568687071e+00
7.899971420405830713e+01,7.333781315995573369e-01
7.901971991997713474e+01,1.991837245268159196e+00
7.903972563589597655e+01,1.003513544778743327e+00
7.905973135181480416e+01,1.865720655618263502e+00
7.907973706773364597e+01,1.084462286020230426e+00
7.909974278365247358e+01,1.784633522085558699e+00
7.911974849957131539e+01,1.350702418802798288e+00
7.913975421549014300e+01,1.986017712375584221e+00
7.915975993140898481e+01,1.384709675432310272e+00
7.917976564732781242e+01,9.980964945047481329e-01
7.919977136324664002e+01,1.528379827448725692e+00
7.921977707916548184e+01,1.559290583777311223e+00
7.923978279508430944e+01,1.239596191697446059e+00
7.925978851100315126e+01,1.714320630518512800e+00
7.927979422692197886e+01,1.799219830168006240e+00
7.929979994284082068e+01,1.176556404070019601e+00
7.931980565875964828e+01,1.026789525518184032e+00
7.933981137467849010e+01,1.871106495266220193e+00
7.935981709059731770e+01,1.668411616653915130e+00
7.937982280651614531e+01,1.358247369104977675e+00
7.939982852243498712e+01,1.667352147262534778e+00
7.941983423835381473e+01,2.645795229684255290e+00
7.943983995427265654e+01,2.052670568271405926e+00
7.945984567019148415e+01,2.185639820759131879e+00
7.947985138611032596e+01,2.127836476814966460e+00
7.949985710202915357e+01,2.386817820369191434e+00
7.951986281794799538e+01,2.362492575964524999e+00
7.953986853386682299e+01,2.592064445160242592e+00
7.955987424978565059e+01,2.357621390644796477e+00
7.957987996570449241e+01,3.053844905513744656e+00
7.959988568162332001e+01,3.886012908803988530e+00
7.961989139754216183e+01,3.086641414776753134e+00
7.963989711346098943e+01,3.472456161487413873e+00
7.965990282937983125e+01,3.706648890586290879e+00
7.967990854529865885e+01,3.341494086406516129e+00
7.969991426121750067e+01,3.975825936216407008e+00
7.971991997713632827e+01,4.241082275727071860e+00
7.973992569305515588e+01,4.032364278782762490e+00
7.975993140897399769e+01,4.382384521553571943e+00
7.977993712489282530e+01,4.701443396168628830e+00
7.979994284081166711e+01,4.231775835534862473e+00
7.981994855673049472e+01,4.748103614439514786e+00
7.983995427264933653e+01,4.393965850462437039e+00
7.985995998856816414e+01,4.216792220630075860e+00
7.987996570448700595e+01,4.084954299519273135e+00
7.989997142040583356e+01,4.183685112184116761e+00
7.991997713632466116e+01,3.718303448160849456e+00
7.993998285224350298e+01,4.078299533457615311e+00
7.995998856816233058e+01,3.954744968558677076e+00
7.997999428408117240e+01,3.321440879577892247e+00
8.000000000000000000e+01,3.092128657694213523e+00
