angle,intensity
1.000000000000000000e+01,6.628270580477502172e-01
1.002000571591883471e+01,4.971594823894880388e-01
1.004001143183766764e+01,8.897261379024821171e-01
1.006001714775650235e+01,2.277377100156412204e-01
1.008002286367533529e+01,9.546185302352299118e-01
1.010002857959417000e+01,4.871423573945418140e-01
1.012003429551300293e+01,1.303955896828989935e+00
1.014004001143183764e+01,9.758706747283873995e-01
1.016004572735067235e+01,1.393275239751454286e+00
1.018005144326950528e+01,1.163838370319803639e+00
1.020005715918833999e+01,1.332153246868429175e+00
1.022006287510717293e+01,1.193625342643924725e+00
1.024006859102600764e+01,1.602942061455314260e+00
1.026007430694484057e+01,1.908953484445760296e+00
1.028008002286367528e+01,1.457962445185562395e+00
1.030008573878250999e+01,1.378527305665973035e+00
1.032009145470134293e+01,9.427089278998546096e-01
1.034009717062017764e+01,1.321829146655447484e+00
1.036010288653901057e+01,1.140260451110741924e+00
1.038010860245784528e+01,5.677678750272145969e-01
1.040011431837667999e+01,3.689326035005139337e-01
1.042012003429551292e+01,8.231590551491569929e-01
1.044012575021434763e+01,1.290435769174524072e+00
1.046013146613318057e+01,1.026832810080896774e+00
1.048013718205201528e+01,1.584903591564013947e+00
1.050014289797084821e+01,1.018948337714811636e+00
1.052014861388968292e+01,1.292805736173141540e+00
1.054015432980851585e+01,1.666191008355442982e+00
1.056016004572735056e+01,1.323087190436365468e+00
1.058016576164618527e+01,9.921069098232646599e-01
1.060017147756501821e+01,1.378794562783823618e+00
1.062017719348385292e+01,1.377719099337155306e+00
1.064018290940268585e+01,1.540474427869702456e+00
1.066018862532152056e+01,1.170904813065140715e+00
1.068019434124035527e+01,1.015137376831129590e+00
1.070020005715918820e+01,1.458749949130797807e+00
1.072020577307802292e+01,1.477573954058216454e+00
1.074021148899685585e+01,1.569722299659575881e+00
1.076021720491569056e+01,1.188020398238330388e+00
1.078022292083452349e+01,9.389121946346312697e-01
1.080022863675335820e+01,1.728239899654169687e+00
1.082023435267219291e+01,1.806297547326196185e+00
1.084024006859102585e+01,1.820114545546743567e+00
1.086024578450986056e+01,1.596220116822183677e+00
1.088025150042869349e+01,6.387512001208671686e-01
1.090025721634752820e+01,1.323399727597152520e+00
1.092026293226636113e+01,1.226940244610602360e+00
1.094026864818519584e+01,7.550797363027363929e-01
1.096027436410403055e+01,9.788874578028503581e-01
1.098028008002286349e+01,1.639210372770735447e+00
1.100028579594169820e+01,1.350453300174126348e+00
1.102029151186053113e+01,1.074808354911706676e+00
1.104029722777936584e+01,1.093404473671238497e+00
1.106030294369819877e+01,1.664396889750304975e+00
1.108030865961703348e+01,1.438326532744677699e+00
1.110031437553586819e+01,1.775417704594222545e+00
1.112032009145470113e+01,1.277861063752501414e+00
1.114032580737353584e+01,1.360031860676561788e+00
1.116033152329236877e+01,1.631553519041116562e+00
1.118033723921120348e+01,1.077129335369773289e+00
1.120034295513003642e+01,1.648147959461859546e+00
1.122034867104887113e+01,2.301900084563110127e+00
1.124035438696770584e+01,1.340581109771023627e+00
1.126036010288653877e+01,1.193915839646073840e+00
1.128036581880537348e+01,1.191296376431505655e+00
1.130037153472420641e+01,1.363648592463326148e+00
1.132037725064304112e+01,8.823277823906399142e-01
1.134038296656187583e+01,1.662036249511157138e+00
1.136038868248070877e+01,1.479006917312670755e+00
1.138039439839954348e+01,1.639004060637192506e+00
1.140040011431837641e+01,1.485850811329897159e+00
1.142040583023721112e+01,1.259810319869477890e+00
1.144041154615604405e+01,1.777961123266117660e+00
1.146041726207487876e+01,1.094356994293919083e+00
1.148042297799371170e+01,9.442032404081509567e-01
1.150042869391254641e+01,2.031549021369659869e+00
1.152043440983138112e+01,1.625406552452850928e+00
1.154044012575021405e+01,1.389845999621901473e+00
1.156044584166904876e+01,1.595563165317462895e+00
1.158045155758788169e+01,1.075627553720938767e+00
1.160045727350671640e+01,1.022574659377234019e+00
1.162046298942555111e+01,1.788535415147855190e+00
1.164046870534438405e+01,1.599486409992932456e+00
1.166047442126321876e+01,1.611782625913779299e+00
1.168048013718205169e+01,1.629571904989549402e+00
1.170048585310088640e+01,1.416261140571845711e+00
1.172049156901971934e+01,1.240500305077941068e+00
1.174049728493855405e+01,7.044862049029272377e-01
1.176050300085738698e+01,1.570220356483520430e+00
1.178050871677622169e+01,1.931680277783308419e+00
1.180051443269505640e+01,1.775498586032785209e+00
1.182052014861388933e+01,1.651677525864876817e+00
1.184052586453272404e+01,1.761486721400819855e+00
1.186053158045155698e+01,1.391407460413459640e+00
1.188053729637039169e+01,1.110161628658024480e+00
1.190054301228922640e+01,1.214682145216201992e+00
1.192054872820805933e+01,1.875743404392282709e+00
1.194055444412689404e+01,2.385240992687875927e+00
1.196056016004572697e+01,1.852852820001346323e+00
1.198056587596456168e+01,1.947595485176745189e+00
1.200057159188339639e+01,1.651574773624521875e+00
1.202057730780222933e+01,1.940718893707302328e+00
1.204058302372106226e+01,2.209058531754496180e+00
1.206058873963989697e+01,1.932865289561023658e+00
1.208059445555873168e+01,1.634221477303303915e+00
1.210060017147756461e+01,1.823018004131733427e+00
1.212060588739639932e+01,2.479458344231577627e+00
1.214061160331523226e+01,1.883424418291647306e+00
1.216061731923406697e+01,2.301872753277999450e+00
1.218062303515290168e+01,2.581366893912295346e+00
1.220062875107173461e+01,1.527839368122568375e+00
1.222063446699056932e+01,1.215097838291382848e+00
1.224064018290940226e+01,1.777322787208504895e+00
1.226064589882823697e+01,1.623803644630725795e+00
1.228065161474707168e+01,2.296096182001018171e+00
1.230065733066590461e+01,1.641547974251081232e+00
1.232066304658473754e+01,1.885462202653991337e+00
1.234066876250357225e+01,1.412758545407649446e+00
1.236067447842240696e+01,1.394164138649509832e+00
1.238068019434123990e+01,1.844511740732328819e+00
1.240068591026007461e+01,1.305229533542535680e+00
1.242069162617890754e+01,1.430911701850774431e+00
1.244069734209774225e+01,2.278115263136337276e+00
1.246070305801657696e+01,2.384505196252646009e+00
1.248070877393540989e+01,1.620370393839652534e+00
1.250071448985424460e+01,1.266683597251136106e+00
1.252072020577307754e+01,1.893725777991660753e+00
1.254072592169191225e+01,1.500535162967587821e+00
1.256073163761074696e+01,1.450067722730780551e+00
1.258073735352957989e+01,2.060097670990972851e+00
1.260074306944841460e+01,1.167412090132127878e+00
1.262074878536724754e+01,1.528535809492142850e+00
1.264075450128608225e+01,1.992370121869968980e+00
1.266076021720491518e+01,2.047759049885943483e+00
1.268076593312374989e+01,1.219443490640986116e+00
1.270077164904258282e+01,2.119502074436965255e+00
1.272077736496141753e+01,2.030764669740218409e+00
1.274078308088025224e+01,2.013680659496619008e+00
1.276078879679908518e+01,2.024325916908618961e+00
1.278079451271791989e+01,2.024769023901780152e+00
1.280080022863675282e+01,2.816467306023576089e+00
1.282080594455558753e+01,1.765490491366599635e+00
1.284081166047442224e+01,1.938541402438393346e+00
1.286081737639325517e+01,2.680061734329459266e+00
1.288082309231208988e+01,1.833997717672658068e+00
1.290082880823092282e+01,2.800523986311428182e+00
1.292083452414975753e+01,1.309197444123542997e+00
1.294084024006859224e+01,2.176848618992686113e+00
1.296084595598742517e+01,1.688079538579376093e+00
1.298085167190625810e+01,1.947164486847637432e+00
1.300085738782509281e+01,1.932732499700716922e+00
1.302086310374392752e+01,2.184885612694622115e+00
1.304086881966276046e+01,1.697075846375567076e+00
1.306087453558159517e+01,2.421878593466177954e+00
1.308088025150042810e+01,1.848732756767941687e+00
1.310088596741926281e+01,1.877575051033640197e+00
1.312089168333809752e+01,2.494612501827942808e+00
1.314089739925693046e+01,1.227970758025159537e+00
1.316090311517576517e+01,2.486809977262052662e+00
1.318090883109459810e+01,1.450086709788862338e+00
1.320091454701343281e+01,2.632712189654778268e+00
1.322092026293226752e+01,1.673404676031672089e+00
1.324092597885110045e+01,1.848260677260817886e+00
1.326093169476993339e+01,1.900462196862150677e+00
1.328093741068876810e+01,2.415787344043486051e+00
1.330094312660760281e+01,2.298137166604909076e+00
1.332094884252643574e+01,2.629286600414283193e+00
1.334095455844527045e+01,1.871996924906665694e+00
1.336096027436410338e+01,2.244247087690094844e+00
1.338096599028293809e+01,1.533566959172026678e+00
1.340097170620177280e+01,2.300375444535762703e+00
1.342097742212060574e+01,2.175515012982912832e+00
1.344098313803944045e+01,1.416228005961040370e+00
1.346098885395827338e+01,2.163670677560402211e+00
1.348099456987710809e+01,2.279425956906100836e+00
1.350100028579594280e+01,1.891232875730183949e+00
1.352100600171477573e+01,2.241263798242075556e+00
1.354101171763361044e+01,2.890810513161132356e+00
1.356101743355244338e+01,2.657948241761097119e+00
1.358102314947127809e+01,2.394338162732107644e+00
1.360102886539011102e+01,1.685812217893630560e+00
1.362103458130894573e+01,1.709086117893926504e+00
1.364104029722777867e+01,1.841960093398274267e+00
1.366104601314661338e+01,2.016018042614730277e+00
1.368105172906544809e+01,2.747089248969624364e+00
1.370105744498428102e+01,1.502190270296420493e+00
1.372106316090311573e+01,1.988032901494212412e+00
1.374106887682194866e+01,2.378920267994657500e+00
1.376107459274078337e+01,2.642115660627874174e+00
1.378108030865961808e+01,2.118801366918461326e+00
1.380108602457845102e+01,1.526724465893129601e+00
1.382109174049728573e+01,2.370171887801117983e+00
1.384109745641611866e+01,2.397823237734191260e+00
1.386110317233495337e+01,2.276155713964514771e+00
1.388110888825378808e+01,2.334496029621909052e+00
1.390111460417262101e+01,1.645695669534892103e+00
1.392112032009145395e+01,2.950540786112457958e+00
1.394112603601028866e+01,2.416785145633725485e+00
1.396113175192912337e+01,2.821647360497228085e+00
1.398113746784795630e+01,1.852078803043317290e+00
1.400114318376679101e+01,2.746227441550615378e+00
1.402114889968562395e+01,2.936150858801553021e+00
1.404115461560445866e+01,2.215816721200202011e+00
1.406116033152329337e+01,2.105230314529277003e+00
1.408116604744212630e+01,1.544575989182298770e+00
1.410117176336095923e+01,1.993964866600435260e+00
1.412117747927979394e+01,2.025891707865888236e+00
1.414118319519862865e+01,2.037254154210272006e+00
1.416118891111746336e+01,3.048230777666812941e+00
1.418119462703629630e+01,2.440011402112683747e+00
1.420120034295512923e+01,2.230857758893826315e+00
1.422120605887396394e+01,3.015188267339886430e+00
1.424121177479279865e+01,2.610548101614637684e+00
1.426121749071163336e+01,1.707789579846560102e+00
1.428122320663046629e+01,2.397711384221224762e+00
1.430122892254929923e+01,2.425383675537060135e+00
1.432123463846813394e+01,2.928071026132893273e+00
1.434124035438696865e+01,2.013369282397635907e+00
1.436124607030580158e+01,2.533673209069188914e+00
1.438125178622463629e+01,2.133148290302012029e+00
1.440125750214346922e+01,2.920199887828820895e+00
1.442126321806230393e+01,2.985637655869381124e+00
1.444126893398113864e+01,2.375063041608806103e+00
1.446127464989997158e+01,2.439575349469200294e+00
1.448128036581880451e+01,2.660458879546256483e+00
1.450128608173763922e+01,3.119641962463392204e+00
1.452129179765647393e+01,2.288714931602498392e+00
1.454129751357530864e+01,2.653570185637508683e+00
1.456130322949414158e+01,2.630038203923779960e+00
1.458130894541297451e+01,2.741694036215780006e+00
1.460131466133180922e+01,2.296865851912809120e+00
1.462132037725064393e+01,2.322331644650630800e+00
1.464132609316947686e+01,1.956835238835528124e+00
1.466133180908831157e+01,2.765885712647653705e+00
1.468133752500714451e+01,2.132079732931706939e+00
1.470134324092597922e+01,2.655473717211057405e+00
1.472134895684481393e+01,3.003462185483664726e+00
1.474135467276364686e+01,2.976511679645016617e+00
1.476136038868247979e+01,1.686871217784952748e+00
1.478136610460131450e+01,2.582061850615271936e+00
1.480137182052014921e+01,2.983708400605034949e+00
1.482137753643898392e+01,2.043978206072092796e+00
1.484138325235781686e+01,2.894620963539250802e+00
1.486138896827664979e+01,2.250796439562183338e+00
1.488139468419548450e+01,2.596158196720804945e+00
1.490140040011431921e+01,2.371001918413964127e+00
1.492140611603315392e+01,2.652308731516826334e+00
1.494141183195198685e+01,2.269499552529377517e+00
1.496141754787081979e+01,2.058914076759848388e+00
1.498142326378965450e+01,2.290372216180158738e+00
1.500142897970848921e+01,3.119415997557990927e+00
1.502143469562732214e+01,2.758001684994236591e+00
1.504144041154615508e+01,2.724910540539612569e+00
1.506144612746498979e+01,2.802767037346484358e+00
1.508145184338382450e+01,1.998935699198425731e+00
1.510145755930265921e+01,2.834333686418754716e+00
1.512146327522149214e+01,2.738850653698805537e+00
1.514146899114032507e+01,2.659893014327564753e+00
1.516147470705915978e+01,2.305455063589449960e+00
1.518148042297799449e+01,2.728303790101909598e+00
1.520148613889682920e+01,3.223660268116724126e+00
1.522149185481566214e+01,1.843395070034123062e+00
1.524149757073449507e+01,3.007339334332932879e+00
1.526150328665332978e+01,2.798004160471342594e+00
1.528150900257216449e+01,2.820823715753633998e+00
1.530151471849099742e+01,3.181081906102253498e+00
1.532152043440983036e+01,2.194949121554532923e+00
1.534152615032866507e+01,2.600690851824939198e+00
1.536153186624749978e+01,2.737504871021646302e+00
1.538153758216633449e+01,2.601261254232713593e+00
1.540154329808516742e+01,3.657357868856339955e+00
1.542154901400400036e+01,2.898181304523015811e+00
1.544155472992283507e+01,2.466468776989284351e+00
1.546156044584166978e+01,3.007576350576617763e+00
1.548156616176050449e+01,2.791722499019262393e+00
1.550157187767933742e+01,3.017710085913744678e+00
1.552157759359817035e+01,2.618886808512301378e+00
1.554158330951700506e+01,2.056845335843507705e+00
1.556158902543583977e+01,2.698877220208127703e+00
1.558159474135467271e+01,3.631930984813007690e+00
1.560160045727350742e+01,2.425777037754776710e+00
1.562160617319234035e+01,2.802835934475854884e+00
1.564161188911117506e+01,3.275763039724155501e+00
1.566161760503000977e+01,3.176369956728697375e+00
1.568162332094884270e+01,2.907069315424585909e+00
1.570162903686767564e+01,3.319309997720891747e+00
1.572163475278651035e+01,3.035852385660046782e+00
1.574164046870534506e+01,2.698685377177036493e+00
1.576164618462417977e+01,2.889247066156950261e+00
1.578165190054301270e+01,2.696826698320146320e+00
1.580165761646184563e+01,2.700943763673649300e+00
1.582166333238068034e+01,3.355668797498578826e+00
1.584166904829951505e+01,3.948399765346514378e+00
1.586167476421834799e+01,3.580386703909721913e+00
1.588168048013718270e+01,3.466280996123414226e+00
1.590168619605601563e+01,3.826546980717520086e+00
1.592169191197485034e+01,3.878040203744346215e+00
1.594169762789368505e+01,3.548170320300738645e+00
1.596170334381251799e+01,3.609824668800019509e+00
1.598170905973135092e+01,3.290429069258507422e+00
1.600171477565018563e+01,3.620874336927343506e+00
1.602172049156902034e+01,3.949979089651836084e+00
1.604172620748785505e+01,3.739192951280001509e+00
1.606173192340668976e+01,3.999977446726710628e+00
1.608173763932552092e+01,4.492748113375320429e+00
1.610174335524435563e+01,4.287010782082530724e+00
1.612174907116319034e+01,4.844453431236209084e+00
1.614175478708202505e+01,5.022697482058528173e+00
1.616176050300085620e+01,5.586907340123881127e+00
1.618176621891969091e+01,4.363706428137838600e+00
1.620177193483852562e+01,4.710851993200998677e+00
1.622177765075736033e+01,5.595096534098205510e+00
1.624178336667619504e+01,5.354784808804581964e+00
1.626178908259502620e+01,5.334672282308372537e+00
1.628179479851386091e+01,5.380118275027950148e+00
1.630180051443269562e+01,6.001728242086254994e+00
1.632180623035153033e+01,6.077514148995273757e+00
1.634181194627036149e+01,5.565379727430797452e+00
1.636181766218919620e+01,5.983773051629707851e+00
1.638182337810803091e+01,6.089493981562686287e+00
1.640182909402686562e+01,6.435551685121335908e+00
1.642183480994570033e+01,7.147900548703765899e+00
1.644184052586453504e+01,7.655090870061719066e+00
1.646184624178336620e+01,7.616053116812601331e+00
1.648185195770220091e+01,7.754027219148099448e+00
1.650185767362103562e+01,7.135545802290336859e+00
1.652186338953986677e+01,8.854363254181542686e+00
1.654186910545870148e+01,8.155431592768564997e+00
1.656187482137753619e+01,8.197212294999333793e+00
1.658188053729637090e+01,9.143804956951072427e+00
1.660188625321520561e+01,9.500836536181827441e+00
1.662189196913404032e+01,9.521688604002605416e+00
1.664189768505287148e+01,9.157566834768006814e+00
1.666190340097170619e+01,9.848449722006048290e+00
1.668190911689054090e+01,9.968150662218718594e+00
1.670191483280937561e+01,1.079472938222422762e+01
1.672192054872820677e+01,1.047813681007783160e+01
1.674192626464704148e+01,1.133423217966261021e+01
1.676193198056587619e+01,1.186358409284859583e+01
1.678193769648471090e+01,1.102715342480494876e+01
1.680194341240354561e+01,1.204816208223564722e+01
1.682194912832238032e+01,1.253717075733172948e+01
1.684195484424121148e+01,1.318868956858713659e+01
1.686196056016004619e+01,1.296833414411237584e+01
1.688196627607888090e+01,1.434992268605788013e+01
1.690197199199771205e+01,1.383183335830741001e+01
1.692197770791654676e+01,1.519494823872711464e+01
1.694198342383538147e+01,1.503831555930002040e+01
1.696198913975421618e+01,1.536744862946988022e+01
1.698199485567305089e+01,1.644507667376351279e+01
1.700200057159188560e+01,1.627184225761265779e+01
1.702200628751071676e+01,1.713644295811832308e+01
1.704201200342955147e+01,1.853429275909789453e+01
1.706201771934838618e+01,1.859719790873971945e+01
1.708202343526722089e+01,1.909425908092611479e+01
1.710202915118605205e+01,1.905685298608397105e+01
1.712203486710488676e+01,2.068734046614775934e+01
1.714204058302372147e+01,2.155405226356899107e+01
1.716204629894255618e+01,2.091902853711865617e+01
1.718205201486139089e+01,2.210521228473538713e+01
1.720205773078022204e+01,2.267752378886020637e+01
1.722206344669905675e+01,2.309880583469990611e+01
1.724206916261789146e+01,2.381157219410469139e+01
1.726207487853672617e+01,2.459182006906669571e+01
1.728208059445555733e+01,2.582480603650986239e+01
1.730208631037439204e+01,2.523699065827227628e+01
1.732209202629322675e+01,2.720061333602562570e+01
1.734209774221206146e+01,2.815129300492452913e+01
1.736210345813089617e+01,2.851532337603083889e+01
1.738210917404973088e+01,2.923660850223755148e+01
1.740211488996856204e+01,2.925545974848441588e+01
1.742212060588739675e+01,2.926606398012241783e+01
1.744212632180623146e+01,3.049837768910111535e+01
1.746213203772506262e+01,2.934090039618911305e+01
1.748213775364389733e+01,3.093709236684349051e+01
1.750214346956273204e+01,3.017544480793300110e+01
1.752214918548156675e+01,3.027944481194431958e+01
1.754215490140040146e+01,3.067266485187109026e+01
1.756216061731923617e+01,3.068474568860759177e+01
1.758216633323806732e+01,3.022917485493511691e+01
1.760217204915690203e+01,2.991240859761216342e+01
1.762217776507573674e+01,3.029619037876094012e+01
1.764218348099457145e+01,2.897370392075240630e+01
1.766218919691340261e+01,2.886917514970349430e+01
1.768219491283223732e+01,2.860299838469451217e+01
1.770220062875107203e+01,2.741986737150219255e+01
1.772220634466990674e+01,2.690438321733062921e+01
1.774221206058874145e+01,2.626837567737487689e+01
1.776221777650757616e+01,2.571082200175404608e+01
1.778222349242640732e+01,2.490485921688466320e+01
1.780222920834524203e+01,2.396301931767530391e+01
1.782223492426407674e+01,2.247617846534750186e+01
1.784224064018290790e+01,2.157967014956722096e+01
1.786224635610174261e+01,2.053405408258814902e+01
1.788225207202057732e+01,1.908044668716863868e+01
1.790225778793941203e+01,1.666648782364801207e+01
1.792226350385824674e+01,1.579694410874760635e+01
1.794226921977708145e+01,1.459660366054231773e+01
1.796227493569591260e+01,1.294023334614769105e+01
1.798228065161474731e+01,1.097917322199734258e+01
1.800228636753358202e+01,1.055291273897308102e+01
1.802229208345241318e+01,9.961548239438279495e+00
1.804229779937124789e+01,7.923998283569932966e+00
1.806230351529008260e+01,7.684892588448795081e+00
1.808230923120891731e+01,6.743831322012132645e+00
1.810231494712775202e+01,6.727637539887812324e+00
1.812232066304658673e+01,5.619659126109135094e+00
1.814232637896542144e+01,5.035151516627422552e+00
1.816233209488425260e+01,4.695967873502269185e+00
1.818233781080308731e+01,5.334403781304168923e+00
1.820234352672191847e+01,4.503498407884062082e+00
1.822234924264075318e+01,4.539828217642567054e+00
1.824235495855958789e+01,4.421128547957186683e+00
1.826236067447842260e+01,3.717220241207330744e+00
1.828236639039725731e+01,5.110230593373957575e+00
1.830237210631609202e+01,3.707199962232824664e+00
1.832237782223492673e+01,4.136571409604697713e+00
1.834238353815375788e+01,4.399078104146795454e+00
1.836238925407259259e+01,4.173600481922491667e+00
1.838239496999142730e+01,3.389422218438951973e+00
1.840240068591025846e+01,3.893643875538285393e+00
1.842240640182909317e+01,3.428710745746594402e+00
1.844241211774792788e+01,3.597242795616844901e+00
1.846241783366676259e+01,3.990254513022299498e+00
1.848242354958559730e+01,3.689390318414763392e+00
1.850242926550443201e+01,3.717029410889818308e+00
1.852243498142326672e+01,4.013472064115176430e+00
1.854244069734209788e+01,4.243071681520941496e+00
1.856244641326093259e+01,4.234402008319952060e+00
1.858245212917976374e+01,3.534194452839458656e+00
1.860245784509859845e+01,4.046229244845637396e+00
1.862246356101743316e+01,4.394334724300944295e+00
1.864246927693626787e+01,3.658524445653725365e+00
1.866247499285510258e+01,2.931966570865307986e+00
1.868248070877393729e+01,4.226077635643580521e+00
1.870248642469277200e+01,4.190818034720692253e+00
1.872249214061160316e+01,3.654863637306853263e+00
1.874249785653043787e+01,3.862483617078944498e+00
1.876250357244927258e+01,3.718468110758533562e+00
1.878250928836810374e+01,3.730289475966117596e+00
1.880251500428693845e+01,3.946622409200362114e+00
1.882252072020577316e+01,3.576095704632153982e+00
1.884252643612460787e+01,3.792630972595865124e+00
1.886253215204344258e+01,3.829424934488330212e+00
1.888253786796227729e+01,4.564601888164469656e+00
1.890254358388111200e+01,3.778898349642365595e+00
1.892254929979994316e+01,3.678372813801064733e+00
1.894255501571877787e+01,3.308511529543483931e+00
1.896256073163760902e+01,4.092391928671311518e+00
1.898256644755644373e+01,3.814544862276318060e+00
1.900257216347527844e+01,3.798279393937568305e+00
1.902257787939411315e+01,3.560159647679126849e+00
1.904258359531294786e+01,3.126437340999726366e+00
1.906258931123178257e+01,4.257741248651649713e+00
1.908259502715061728e+01,3.550556515809017100e+00
1.910260074306944844e+01,4.612421404986999818e+00
1.912260645898828315e+01,3.694333423736870792e+00
1.914261217490711431e+01,3.983679494600880666e+00
1.916261789082594902e+01,3.856222662501413101e+00
1.918262360674478373e+01,4.251295701205000555e+00
1.920262932266361844e+01,4.082907877249478901e+00
1.922263503858245315e+01,4.012221413213036492e+00
1.924264075450128786e+01,3.698719789678919234e+00
1.926264647042012257e+01,3.959258781115819303e+00
1.928265218633895373e+01,3.857720395809358216e+00
1.930265790225778844e+01,3.992288719465199254e+00
1.932266361817662315e+01,4.800813975261137401e+00
1.934266933409545430e+01,4.062378483507885996e+00
1.936267505001428901e+01,4.349217046184453928e+00
1.938268076593312372e+01,4.469750106989355487e+00
1.940268648185195843e+01,4.011381383839227155e+00
1.942269219777079314e+01,3.413879844102571504e+00
1.944269791368962785e+01,4.490782963262946126e+00
1.946270362960846256e+01,3.682937746187096018e+00
1.948270934552729372e+01,3.882574529192479140e+00
1.950271506144612843e+01,4.170931250781852562e+00
1.952272077736495959e+01,4.623137116225965570e+00
1.954272649328379430e+01,5.015691800363792474e+00
1.956273220920262901e+01,4.597645300176809613e+00
1.958273792512146372e+01,5.136190075482135242e+00
1.960274364104029843e+01,5.179887764100953973e+00
1.962274935695913314e+01,4.509028376891741630e+00
1.964275507287796785e+01,5.610276817934705562e+00
1.966276078879679901e+01,5.326245964417045009e+00
1.968276650471563372e+01,5.684718653518713083e+00
1.970277222063446487e+01,6.109863338845928027e+00
1.972277793655329958e+01,5.916808501897993011e+00
1.974278365247213429e+01,6.241497616022195771e+00
1.976278936839096900e+01,6.121170324244292971e+00
1.978279508430980371e+01,6.607734940612761676e+00
1.980280080022863842e+01,6.904304505744262244e+00
1.982280651614747313e+01,6.807209218738911716e+00
1.984281223206630784e+01,7.150780361262652818e+00
1.986281794798513900e+01,7.739428505601637198e+00
1.988282366390397371e+01,8.094209955862424977e+00
1.990282937982280487e+01,7.941602153273487730e+00
1.992283509574163958e+01,8.861581902132090960e+00
1.994284081166047429e+01,9.527510082517778756e+00
1.996284652757930900e+01,9.546540045254745976e+00
1.998285224349814371e+01,9.916382489048249482e+00
2.000285795941697842e+01,1.085249703387857778e+01
2.002286367533581313e+01,1.126442848683741715e+01
2.004286939125464428e+01,1.136298031941231734e+01
2.006287510717347899e+01,1.236695020184567895e+01
2.008288082309231015e+01,1.244739792887229868e+01
2.010288653901114486e+01,1.367294966309673754e+01
2.012289225492997957e+01,1.456030062303145378e+01
2.014289797084881428e+01,1.474090717944035056e+01
2.016290368676764899e+01,1.539937264831558394e+01
2.018290940268648370e+01,1.629346528403333494e+01
2.020291511860531841e+01,1.602851774150723685e+01
2.022292083452414957e+01,1.699063145314593726e+01
2.024292655044298428e+01,1.761742055520948469e+01
2.026293226636181899e+01,1.858151192535528295e+01
2.028293798228065015e+01,1.963386905221174672e+01
2.030294369819948486e+01,2.079775386119574421e+01
2.032294941411831957e+01,2.211686578619565324e+01
2.034295513003715428e+01,2.239016782305824194e+01
2.036296084595598899e+01,2.382065322928283635e+01
2.038296656187482370e+01,2.491499527101614575e+01
2.040297227779365841e+01,2.579131000604371948e+01
2.042297799371248956e+01,2.643851041904263610e+01
2.044298370963132427e+01,2.811902602217834612e+01
2.046298942555015543e+01,2.931062048750214188e+01
2.048299514146899014e+01,3.038157242142717251e+01
2.050300085738782485e+01,3.160927219156453560e+01
2.052300657330665956e+01,3.351439809600982755e+01
2.054301228922549427e+01,3.454917400645512515e+01
2.056301800514432898e+01,3.614425245991120761e+01
2.058302372106316369e+01,3.742253547186943052e+01
2.060302943698199485e+01,3.956511591079959089e+01
2.062303515290082956e+01,4.160682762514321098e+01
2.064304086881966072e+01,4.263570813389679870e+01
2.066304658473849543e+01,4.512325640762367840e+01
2.068305230065733014e+01,4.568831638296286712e+01
2.070305801657616485e+01,4.810617761674281212e+01
2.072306373249499956e+01,5.018525444668647140e+01
2.074306944841383427e+01,5.140930852919763083e+01
2.076307516433266898e+01,5.411526010581194157e+01
2.078308088025150369e+01,5.663752505147824223e+01
2.080308659617033484e+01,5.806665895989134185e+01
2.082309231208916955e+01,5.989242472412588825e+01
2.084309802800800071e+01,6.221587036440698171e+01
2.086310374392683542e+01,6.391216709267436613e+01
2.088310945984567013e+01,6.590669285536658606e+01
2.090311517576450484e+01,6.834514564878764986e+01
2.092312089168333955e+01,6.992212241659366612e+01
2.094312660760217426e+01,7.133396418076810619e+01
2.096313232352100897e+01,7.272157059596673889e+01
2.098313803943984013e+01,7.378936284774339072e+01
2.100314375535867484e+01,7.498845893265280438e+01
2.102314947127750600e+01,7.433522129449892191e+01
2.104315518719634071e+01,7.523319408874348824e+01
2.106316090311517542e+01,7.480783287884922572e+01
2.108316661903401013e+01,7.308424647773998117e+01
2.110317233495284484e+01,7.132676057756353316e+01
2.112317805087167955e+01,6.912013237732251980e+01
2.114318376679051426e+01,6.712981940685149596e+01
2.116318948270934541e+01,6.427825045007273275e+01
2.118319519862818012e+01,6.115899273512242473e+01
2.120320091454701483e+01,5.691587373603239541e+01
2.122320663046584599e+01,5.405491581442687732e+01
2.124321234638468070e+01,4.943317933362468608e+01
2.126321806230351541e+01,4.586127628786601207e+01
2.128322377822235012e+01,4.257533892850469925e+01
2.130322949414118483e+01,3.790334088697403558e+01
2.132323521006001954e+01,3.400258754279467155e+01
2.134324092597885425e+01,3.075668724942035581e+01
2.136324664189768541e+01,2.682867271419982558e+01
2.138325235781652012e+01,2.348663710248831293e+01
2.140325807373535127e+01,2.046885018976566073e+01
2.142326378965418598e+01,1.865350235656167754e+01
2.144326950557302069e+01,1.694930066218658382e+01
2.146327522149185540e+01,1.498256605296920263e+01
2.148328093741069011e+01,1.276326645626031997e+01
2.150328665332952482e+01,1.135679284416761270e+01
2.152329236924835953e+01,9.940251010418016619e+00
2.154329808516719069e+01,9.179311390190765252e+00
2.156330380108602540e+01,8.466473960307626001e+00
2.158330951700485656e+01,8.334843579331288055e+00
2.160331523292369127e+01,7.369677383318347097e+00
2.162332094884252598e+01,6.894737177086518898e+00
2.164332666476136069e+01,7.369926096018253325e+00
2.166333238068019540e+01,5.975240227891008615e+00
2.168333809659903011e+01,5.864995105862191416e+00
2.170334381251786482e+01,6.808118861239931263e+00
2.172334952843669598e+01,5.945639867785128985e+00
2.174335524435553069e+01,5.978226722532959059e+00
2.176336096027436540e+01,6.009526201579902249e+00
2.178336667619319655e+01,5.544737347121978743e+00
2.180337239211203126e+01,5.000122763090974587e+00
2.182337810803086597e+01,5.427866124175296569e+00
2.184338382394970068e+01,5.036429996633859929e+00
2.186338953986853539e+01,5.826395321765720503e+00
2.188339525578737010e+01,5.407807619107162012e+00
2.190340097170620481e+01,4.185403680336104770e+00
2.192340668762503597e+01,4.195418992158248983e+00
2.194341240354387068e+01,4.879024390006819090e+00
2.196341811946270184e+01,5.065947395909677908e+00
2.198342383538153655e+01,5.029502637126892495e+00
2.200342955130037126e+01,4.654568470257088642e+00
2.202343526721920597e+01,4.859242722515224600e+00
2.204344098313804068e+01,4.985648718627156306e+00
2.206344669905687539e+01,4.535337839204678367e+00
2.208345241497571010e+01,4.181748335248014037e+00
2.210345813089454126e+01,4.360902645373792019e+00
2.212346384681337597e+01,3.945727551911226705e+00
2.214346956273221068e+01,5.092457765441492867e+00
2.216347527865104183e+01,3.760739544821786851e+00
2.218348099456987654e+01,4.478777390725726448e+00
2.220348671048871125e+01,5.238399431169491471e+00
2.222349242640754596e+01,4.486821285808790805e+00
2.224349814232638067e+01,4.861984588520130046e+00
2.226350385824521538e+01,4.616213803855075071e+00
2.228350957416405009e+01,4.838073421867763457e+00
2.230351529008288125e+01,5.071167349224502630e+00
2.232352100600171596e+01,4.667923433566236291e+00
2.234352672192054712e+01,4.315409485281736401e+00
2.236353243783938183e+01,4.005159172978573601e+00
2.238353815375821654e+01,4.798852048564519635e+00
2.240354386967705125e+01,4.627373671183221404e+00
2.242354958559588596e+01,4.092240891822774174e+00
2.244355530151472067e+01,4.593408919047659467e+00
2.246356101743355538e+01,3.969791285472132003e+00
2.248356673335238654e+01,4.845023905439129308e+00
2.250357244927122125e+01,4.018495319216739858e+00
2.252357816519005240e+01,4.270094397296656297e+00
2.254358388110888711e+01,4.412448984654900208e+00
2.256358959702772182e+01,4.148049148728387259e+00
2.258359531294655653e+01,4.302805605898207375e+00
2.260360102886539124e+01,4.715309824923153315e+00
2.262360674478422595e+01,5.082090254238766036e+00
2.264361246070306066e+01,4.880926818572641324e+00
2.266361817662189182e+01,3.653682914454847719e+00
2.268362389254072653e+01,3.902276211353895352e+00
2.270362960845956124e+01,4.980462181111539266e+00
2.272363532437839240e+01,4.420036103740502043e+00
2.274364104029722711e+01,4.299069682379727197e+00
2.276364675621606182e+01,4.015046770065205273e+00
2.278365247213489653e+01,4.245343054382402670e+00
2.280365818805373124e+01,4.647638113978141305e+00
2.282366390397256595e+01,5.011372575650481664e+00
2.284366961989140066e+01,4.624542337924080648e+00
2.286367533581023181e+01,5.016949172339865370e+00
2.288368105172906652e+01,4.086894207978811977e+00
2.290368676764789768e+01,3.680302828993295527e+00
2.292369248356673239e+01,3.926541993452160817e+00
2.294369819948556710e+01,4.544142322700448489e+00
2.296370391540440181e+01,4.843303376143952121e+00
2.298370963132323652e+01,4.066665136126099256e+00
2.300371534724207123e+01,4.351202517594213504e+00
2.302372106316090594e+01,4.608289965124705567e+00
2.304372677907973710e+01,5.058968795280550879e+00
2.306373249499857181e+01,5.092156305050544063e+00
2.308373821091740652e+01,3.945123950513212741e+00
2.310374392683623768e+01,4.308237861322129270e+00
2.312374964275507239e+01,4.643575671650051362e+00
2.314375535867390710e+01,4.742439901246600975e+00
2.316376107459274181e+01,4.248546532924401653e+00
2.318376679051157652e+01,4.401001275810010327e+00
2.320377250643041123e+01,4.626965974346727073e+00
2.322377822234924594e+01,4.401111558387504452e+00
2.324378393826807709e+01,4.160238014697042352e+00
2.326378965418691180e+01,4.221313134990619886e+00
2.328379537010574296e+01,4.579124594302030005e+00
2.330380108602457767e+01,3.812736916177896340e+00
2.332380680194341238e+01,4.073649479560553566e+00
2.334381251786224709e+01,4.433087984827839279e+00
2.336381823378108180e+01,4.430431105073987297e+00
2.338382394969991651e+01,4.236040523995072249e+00
2.340382966561875122e+01,4.584761582477358210e+00
2.342383538153758238e+01,4.969257564591252674e+00
2.344384109745641709e+01,4.113174163788976934e+00
2.346384681337524825e+01,4.691531572715243570e+00
2.348385252929408296e+01,3.605887653011566663e+00
2.350385824521291767e+01,4.451286169687072913e+00
2.352386396113175238e+01,4.156553300619373559e+00
2.354386967705058709e+01,4.460250524617569212e+00
2.356387539296942180e+01,4.896252930218171429e+00
2.358388110888825651e+01,4.667465629365532109e+00
2.360388682480708766e+01,4.402752015639612715e+00
2.362389254072592237e+01,4.686416134048323023e+00
2.364389825664475708e+01,4.758972848025279312e+00
2.366390397256358824e+01,4.737637727705649837e+00
2.368390968848242295e+01,4.332033878093476176e+00
2.370391540440125766e+01,4.176865397140309355e+00
2.372392112032009237e+01,4.297848452713350476e+00
2.374392683623892708e+01,4.588305986176225204e+00
2.376393255215776179e+01,3.840659478316739595e+00
2.378393826807659650e+01,4.812063913495492784e+00
2.380394398399542766e+01,3.806079580048802313e+00
2.382394969991426237e+01,4.803349330173661613e+00
2.384395541583309353e+01,4.662846280618454742e+00
2.386396113175192824e+01,3.964920063822725105e+00
2.388396684767076295e+01,3.947995562590289609e+00
2.390397256358959766e+01,3.798554240904347346e+00
2.392397827950843237e+01,4.269138464392067789e+00
2.394398399542726708e+01,4.851083168611185492e+00
2.396398971134610179e+01,4.633049387381089623e+00
2.398399542726493294e+01,4.179189338146659161e+00
2.400400114318376765e+01,4.274157690052946990e+00
2.402400685910260236e+01,4.778211245301356769e+00
2.404401257502143352e+01,4.085200200024702966e+00
2.406401829094026823e+01,4.295537456266110610e+00
2.408402400685910294e+01,3.899827258552632792e+00
2.410402972277793765e+01,4.629092128666982831e+00
2.412403543869677236e+01,4.042682828696346320e+00
2.414404115461560707e+01,4.743108838066627975e+00
2.416404687053444178e+01,4.412664092898683776e+00
2.418405258645327294e+01,4.536017394547347870e+00
2.420405830237210765e+01,4.723683878681777415e+00
2.422406401829093880e+01,4.441852464385878108e+00
2.424406973420977351e+01,4.553824632734620792e+00
2.426407545012860822e+01,3.903227057030346003e+00
2.428408116604744293e+01,4.295710059541320014e+00
2.430408688196627764e+01,4.740781431683742220e+00
2.432409259788511235e+01,4.439112264513697781e+00
2.434409831380394706e+01,4.581055040426953440e+00
2.436410402972277822e+01,4.595237535164668152e+00
2.438410974564161293e+01,4.047126934158078448e+00
2.440411546156044409e+01,4.444651949191337437e+00
2.442412117747927880e+01,4.568759793548387904e+00
2.444412689339811351e+01,4.701471075961928925e+00
2.446413260931694822e+01,4.768169829091407408e+00
2.448413832523578293e+01,4.114171626624040456e+00
2.450414404115461764e+01,4.949622643725335891e+00
2.452414975707345235e+01,4.095760228735914055e+00
2.454415547299228351e+01,4.610996506348533863e+00
2.456416118891111822e+01,4.249306635817229783e+00
2.458416690482995293e+01,4.328539101878710937e+00
2.460417262074878408e+01,5.140257839815293828e+00
2.462417833666761879e+01,4.679214970071577717e+00
2.464418405258645350e+01,4.216757595923659174e+00
2.466418976850528821e+01,3.883936956025700660e+00
2.468419548442412292e+01,5.248464325293829447e+00
2.470420120034295763e+01,5.192852895065738217e+00
2.472420691626179234e+01,4.481313054263992512e+00
2.474421263218062350e+01,4.979837670723440191e+00
2.476421834809945821e+01,4.770876639492685811e+00
2.478422406401828937e+01,5.054772557054320714e+00
2.480422977993712408e+01,5.062244794300523765e+00
2.482423549585595879e+01,5.197221805978657017e+00
2.484424121177479350e+01,4.266531138930011124e+00
2.486424692769362821e+01,4.746201471894837098e+00
2.488425264361246292e+01,5.023691066172553121e+00
2.490425835953129763e+01,5.371594178483768189e+00
2.492426407545012879e+01,5.304484470425423481e+00
2.494426979136896350e+01,5.420682788611141945e+00
2.496427550728779821e+01,5.707512105812917014e+00
2.498428122320662936e+01,5.465463739295167045e+00
2.500428693912546407e+01,4.858321783632304047e+00
2.502429265504429878e+01,4.538826641321933586e+00
2.504429837096313349e+01,4.769167050252018925e+00
2.506430408688196820e+01,5.087512523387861307e+00
2.508430980280080291e+01,5.302104804469811583e+00
2.510431551871963762e+01,5.352704292726926383e+00
2.512432123463846878e+01,4.751447533559338687e+00
2.514432695055730349e+01,4.226096293206072829e+00
2.516433266647613465e+01,4.312523716486092340e+00
2.518433838239496936e+01,4.251938087069942362e+00
2.520434409831380407e+01,5.081286271377235764e+00
2.522434981423263878e+01,4.769995648097809848e+00
2.524435553015147349e+01,4.989579187874337407e+00
2.526436124607030820e+01,4.293250157985205817e+00
2.528436696198914291e+01,4.301792622097056373e+00
2.530437267790797407e+01,5.110831305810259906e+00
2.532437839382680878e+01,4.703609475025158915e+00
2.534438410974563993e+01,5.303297307175165898e+00
2.536438982566447464e+01,5.211020017244205604e+00
2.538439554158330935e+01,4.405829438459814895e+00
2.540440125750214406e+01,4.325391112458767395e+00
2.542440697342097877e+01,4.821438271893946137e+00
2.544441268933981348e+01,5.573016043386489926e+00
2.546441840525864819e+01,4.292305353702582593e+00
2.548442412117747935e+01,4.452427229918333396e+00
2.550442983709631406e+01,5.005837206326830824e+00
2.552443555301514877e+01,4.493300883114116573e+00
2.554444126893397993e+01,4.930832316294972983e+00
2.556444698485281464e+01,5.179099547613137844e+00
2.558445270077164935e+01,4.826065581907746704e+00
2.560445841669048406e+01,5.003560331031831510e+00
2.562446413260931877e+01,4.890281512502064665e+00
2.564446984852815348e+01,4.756452618767047724e+00
2.566447556444698819e+01,4.466981211953241271e+00
2.568448128036581934e+01,4.926326811516480220e+00
2.570448699628465405e+01,5.460313219952595887e+00
2.572449271220348521e+01,4.621865654924645739e+00
2.574449842812231992e+01,5.502136376818103969e+00
2.576450414404115463e+01,5.165347166508194476e+00
2.578450985995998934e+01,5.083532788495748633e+00
2.580451557587882405e+01,4.446058476483957023e+00
2.582452129179765876e+01,5.438383838231133360e+00
2.584452700771649347e+01,5.543055007060667450e+00
2.586453272363532463e+01,5.027656231574976431e+00
2.588453843955415934e+01,4.662606720865458243e+00
2.590454415547299405e+01,5.870011082615940623e+00
2.592454987139182521e+01,5.310932149740165364e+00
2.594455558731065992e+01,5.600732837118811425e+00
2.596456130322949463e+01,5.685689676093792500e+00
2.598456701914832934e+01,5.260110430277864069e+00
2.600457273506716405e+01,5.545943063390745387e+00
2.602457845098599520e+01,5.648289920944027820e+00
2.604458416690482991e+01,6.045138176769510707e+00
2.606458988282366462e+01,5.807591942211963953e+00
2.608459559874249933e+01,5.159301204239299388e+00
2.610460131466133404e+01,5.887604760194264486e+00
2.612460703058016520e+01,5.774107734564050354e+00
2.614461274649899991e+01,5.891667357856826825e+00
2.616461846241783462e+01,6.323508760234334503e+00
2.618462417833666933e+01,6.548239805670315050e+00
2.620462989425550404e+01,6.249478390965524710e+00
2.622463561017433520e+01,7.041487740968022990e+00
2.624464132609316991e+01,6.858243491867405339e+00
2.626464704201200462e+01,7.570463339780840073e+00
2.628465275793083933e+01,7.078512749506294277e+00
2.630465847384967049e+01,7.242785040672132801e+00
2.632466418976850520e+01,8.257203014932636975e+00
2.634466990568733991e+01,8.205941535853931157e+00
2.636467562160617462e+01,8.309775488261321286e+00
2.638468133752500933e+01,8.837809338937439918e+00
2.640468705344384048e+01,8.779709353372558311e+00
2.642469276936267519e+01,8.663559508874673298e+00
2.644469848528150990e+01,9.651301539857705336e+00
2.646470420120034461e+01,1.071457798675961293e+01
2.648470991711917932e+01,1.041540328271945803e+01
2.650471563303801048e+01,1.122976554681685712e+01
2.652472134895684519e+01,1.176097021835341927e+01
2.654472706487567990e+01,1.221172163852800452e+01
2.656473278079451461e+01,1.235198709344623680e+01
2.658473849671334932e+01,1.413768933190490529e+01
2.660474421263218048e+01,1.415872458618656893e+01
2.662474992855101519e+01,1.469139385612431070e+01
2.664475564446984990e+01,1.589308302052930344e+01
2.666476136038868461e+01,1.611979588093343452e+01
2.668476707630751577e+01,1.655483929506679885e+01
2.670477279222635048e+01,1.733412744701637109e+01
2.672477850814518519e+01,1.756463095417287334e+01
2.674478422406401990e+01,1.885577564551176266e+01
2.676478993998285461e+01,1.929920969573677070e+01
2.678479565590168576e+01,1.969936199416584088e+01
2.680480137182052047e+01,2.058411664114625950e+01
2.682480708773935518e+01,2.130699631145085604e+01
2.684481280365818989e+01,2.205772488826116273e+01
2.686481851957702460e+01,2.228271029629745215e+01
2.688482423549585576e+01,2.225385631204951054e+01
2.690482995141469047e+01,2.281843291450044475e+01
2.692483566733352518e+01,2.389864910118669528e+01
2.694484138325235989e+01,2.413866187310413736e+01
2.696484709917119105e+01,2.505539936925651645e+01
2.698485281509002576e+01,2.592199284013939931e+01
2.700485853100886047e+01,2.671794043928058215e+01
2.702486424692769518e+01,2.765562301427362613e+01
2.704486996284652989e+01,2.891630181574524272e+01
2.706487567876536104e+01,2.893981548522097924e+01
2.708488139468419575e+01,3.112918230251456464e+01
2.710488711060303046e+01,3.216914212060750344e+01
2.712489282652186517e+01,3.352851189122233677e+01
2.714489854244069988e+01,3.471279325908996327e+01
2.716490425835953104e+01,3.720869075439742346e+01
2.718490997427836575e+01,3.911465306544601361e+01
2.720491569019720046e+01,4.005319615712164705e+01
2.722492140611603517e+01,4.236221056923128003e+01
2.724492712203486633e+01,4.344947317275592980e+01
2.726493283795370104e+01,4.494046054614622676e+01
2.728493855387253575e+01,4.664172853775726679e+01
2.730494426979137046e+01,4.831456692571759959e+01
2.732494998571020517e+01,4.928383326767230699e+01
2.734495570162903633e+01,5.046859420898779547e+01
2.736496141754787104e+01,5.189675069731605817e+01
2.738496713346670575e+01,5.266922084323382336e+01
2.740497284938554046e+01,5.195285135492296291e+01
2.742497856530437517e+01,5.230672752486447763e+01
2.744498428122320632e+01,5.118385825465462347e+01
2.746498999714204103e+01,4.986770494506932749e+01
2.748499571306087574e+01,4.832448572970467637e+01
2.750500142897971045e+01,4.662751697665925121e+01
2.752500714489854516e+01,4.415743255674368584e+01
2.754501286081737632e+01,4.022937254208594737e+01
2.756501857673621103e+01,3.772772089356818981e+01
2.758502429265504574e+01,3.465438048667695625e+01
2.760503000857388045e+01,3.165197737258488075e+01
2.762503572449271161e+01,2.818848395274216045e+01
2.764504144041154632e+01,2.504338737808663140e+01
2.766504715633038103e+01,2.273381176172750173e+01
2.768505287224921574e+01,1.978127220842877776e+01
2.770505858816805045e+01,1.706827414102006202e+01
2.772506430408688161e+01,1.549096197364518623e+01
2.774507002000571632e+01,1.374984590491988357e+01
2.776507573592455103e+01,1.309522449815395717e+01
2.778508145184338574e+01,1.173494802579431884e+01
2.780508716776222045e+01,1.151318006902608282e+01
2.782509288368105160e+01,1.038968081172433955e+01
2.784509859959988631e+01,1.061328544155804288e+01
2.786510431551872102e+01,9.555877875906780616e+00
2.788511003143755573e+01,9.074746461573891310e+00
2.790511574735638689e+01,9.243636642617463650e+00
2.792512146327522160e+01,8.632349782739753508e+00
2.794512717919405631e+01,8.879502449080494131e+00
2.796513289511289102e+01,8.790547558843803344e+00
2.798513861103172573e+01,8.547772202628758365e+00
2.800514432695055689e+01,8.850870055459262531e+00
2.802515004286939160e+01,8.603972840790754972e+00
2.804515575878822631e+01,8.760197030944926411e+00
2.806516147470706102e+01,8.465137073903180820e+00
2.808516719062589573e+01,8.508742500021739374e+00
2.810517290654472689e+01,8.170388583010884886e+00
2.812517862246356160e+01,8.391936371266199401e+00
2.814518433838239631e+01,8.032007354380112929e+00
2.816519005430123102e+01,9.024340602444681281e+00
2.818519577022006217e+01,7.603415129570160857e+00
2.820520148613889688e+01,8.709949921002515083e+00
2.822520720205773159e+01,7.967185588168987920e+00
2.824521291797656630e+01,7.200157839888197131e+00
2.826521863389540101e+01,7.851868372742674573e+00
2.828522434981423217e+01,7.670511442613140218e+00
2.830523006573306688e+01,7.192375406489095901e+00
2.832523578165190159e+01,7.270003795844867334e+00
2.834524149757073630e+01,6.317733469961892112e+00
2.836524721348957101e+01,6.677742863834499332e+00
2.838525292940840217e+01,6.171836069880365372e+00
2.840525864532723688e+01,6.119989080592770136e+00
2.842526436124607159e+01,5.144223657675368599e+00
2.844527007716490630e+01,5.901704296351145906e+00
2.846527579308374101e+01,6.607048889262555846e+00
2.848528150900257216e+01,6.366089963344314206e+00
2.850528722492140687e+01,5.683843218263140429e+00
2.852529294084024158e+01,5.884860860860047893e+00
2.854529865675907629e+01,4.942295219658143779e+00
2.856530437267790745e+01,5.223896028392266189e+00
2.858531008859674216e+01,5.397842594810796868e+00
2.860531580451557687e+01,4.625029079807035259e+00
2.862532152043441158e+01,5.170522597914456675e+00
2.864532723635324629e+01,6.098046375634623928e+00
2.866533295227207745e+01,5.113295839646694319e+00
2.868533866819091216e+01,5.625113301145308498e+00
2.870534438410974687e+01,4.668245233437076536e+00
2.872535010002858158e+01,5.237464858651737387e+00
2.874535581594741629e+01,6.078915337676374264e+00
2.876536153186624745e+01,5.583814570292300772e+00
2.878536724778508216e+01,5.513412789522464053e+00
2.880537296370391687e+01,5.903878129559501531e+00
2.882537867962275158e+01,5.289220888238615359e+00
2.884538439554158273e+01,5.813029814427877362e+00
2.886539011146041744e+01,5.394693485070325423e+00
2.888539582737925215e+01,4.988313568003313492e+00
2.890540154329808686e+01,5.313880170338540765e+00
2.892540725921692157e+01,4.458969083407666290e+00
2.894541297513575273e+01,5.598017782728264891e+00
2.896541869105458744e+01,5.915496823986357455e+00
2.898542440697342215e+01,5.523685314368451671e+00
2.900543012289225686e+01,5.004746515711982369e+00
2.902543583881109157e+01,5.578159984280756767e+00
2.904544155472992273e+01,5.453530540317215625e+00
2.906544727064875744e+01,4.713501878605321771e+00
2.908545298656759215e+01,5.134250849831386354e+00
2.910545870248642686e+01,5.350394762133616311e+00
2.912546441840525802e+01,5.683658475690479328e+00
2.914547013432409273e+01,5.866262554384892525e+00
2.916547585024292744e+01,5.377991742753503779e+00
2.918548156616176215e+01,5.305721924919659216e+00
2.920548728208059686e+01,5.882018257213272427e+00
2.922549299799942801e+01,5.765718742208147063e+00
2.924549871391826272e+01,5.091143850329808984e+00
2.926550442983709743e+01,5.599682543005267910e+00
2.928551014575593214e+01,5.502043845492201157e+00
2.930551586167476685e+01,5.941909404161270558e+00
2.932552157759359801e+01,5.715126961642640779e+00
2.934552729351243272e+01,4.847156965073660118e+00
2.936553300943126743e+01,5.801712956857004500e+00
2.938553872535010214e+01,6.407683222245596610e+00
2.940554444126893330e+01,5.465594773059766709e+00
2.942555015718776801e+01,5.834727637943018408e+00
2.944555587310660272e+01,6.143630557477504084e+00
2.946556158902543743e+01,6.494868237938464794e+00
2.948556730494427214e+01,5.925209144913133663e+00
2.950557302086310330e+01,5.861745078686023902e+00
2.952557873678193801e+01,6.956388353973836480e+00
2.954558445270077272e+01,6.585214362705814395e+00
2.956559016861960743e+01,6.004844248491606251e+00
2.958559588453844214e+01,6.676093818673512814e+00
2.960560160045727329e+01,6.766962170227078133e+00
2.962560731637610800e+01,7.040753991409037127e+00
2.964561303229494271e+01,6.901960437919730573e+00
2.966561874821377742e+01,6.947134967256108240e+00
2.968562446413261213e+01,7.071694928040115791e+00
2.970563018005144329e+01,6.569018797724750947e+00
2.972563589597027800e+01,7.734493557602239555e+00
2.974564161188911271e+01,6.738730053170584711e+00
2.976564732780794742e+01,7.226016804211841560e+00
2.978565304372677858e+01,7.665776804077074402e+00
2.980565875964561329e+01,6.934199516295059595e+00
2.982566447556444800e+01,7.512454394025272819e+00
2.984567019148328271e+01,6.402189622062886443e+00
2.986567590740211742e+01,7.422391879678512439e+00
2.988568162332094857e+01,7.330581762676198210e+00
2.990568733923978328e+01,7.505228406621119674e+00
2.992569305515861799e+01,6.614397368153484891e+00
2.994569877107745270e+01,6.390479946050106719e+00
2.996570448699628741e+01,5.909202338951050848e+00
2.998571020291511857e+01,6.605990630314725109e+00
3.000571591883395328e+01,6.859691210690320951e+00
3.002572163475278799e+01,6.478682751670788775e+00
3.004572735067162270e+01,7.203887337441989835e+00
3.006573306659045386e+01,6.911156584010546666e+00
3.008573878250928857e+01,6.138142471769809205e+00
3.010574449842812328e+01,6.958542924511794681e+00
3.012575021434695799e+01,6.570029669047016796e+00
3.014575593026579270e+01,7.136153768756856586e+00
3.016576164618462386e+01,7.312721558080886197e+00
3.018576736210345857e+01,7.230622388141462409e+00
3.020577307802229328e+01,8.064602679940721330e+00
3.022577879394112799e+01,8.150949130684471911e+00
3.024578450985996270e+01,8.176816696566225673e+00
3.026579022577879385e+01,8.677125134662251327e+00
3.028579594169762856e+01,8.398909806488639163e+00
3.030580165761646327e+01,8.727841355984860883e+00
3.032580737353529798e+01,9.526699847337432914e+00
3.034581308945412914e+01,9.796905973423335467e+00
3.036581880537296385e+01,1.040671914770003426e+01
3.038582452129179856e+01,9.718880763516107635e+00
3.040583023721063327e+01,1.165815596464771176e+01
3.042583595312946798e+01,1.126869458186496331e+01
3.044584166904829914e+01,1.179546799600827356e+01
3.046584738496713385e+01,1.265744073472543541e+01
3.048585310088596856e+01,1.322807913818846437e+01
3.050585881680480327e+01,1.297282631177770540e+01
3.052586453272363798e+01,1.408420753856424845e+01
3.054587024864246914e+01,1.481377137334904326e+01
3.056587596456130385e+01,1.464495183365140107e+01
3.058588168048013856e+01,1.502990552993061968e+01
3.060588739639897327e+01,1.664456205618051143e+01
3.062589311231780798e+01,1.707976785867508696e+01
3.064589882823663913e+01,1.798732956844992614e+01
3.066590454415547384e+01,1.901055084192278244e+01
3.068591026007430855e+01,1.929236510504758684e+01
3.070591597599314326e+01,1.998720779509357826e+01
3.072592169191197442e+01,2.039450643241361405e+01
3.074592740783080913e+01,2.111940654028884978e+01
3.076593312374964384e+01,2.136269817564591023e+01
3.078593883966847855e+01,2.137968353507057273e+01
3.080594455558731326e+01,2.103989576419733964e+01
3.082595027150614442e+01,2.085877372025845133e+01
3.084595598742497913e+01,2.132394603641915865e+01
3.086596170334381384e+01,1.998793623058766045e+01
3.088596741926264855e+01,1.993578282116022393e+01
3.090597313518148326e+01,1.907014815103235250e+01
3.092597885110031442e+01,1.823274916670315449e+01
3.094598456701914913e+01,1.730326590678379617e+01
3.096599028293798384e+01,1.556274815931545064e+01
3.098599599885681855e+01,1.511660930966564820e+01
3.100600171477564970e+01,1.342225675422080400e+01
3.102600743069448441e+01,1.276414808731219708e+01
3.104601314661331912e+01,1.131423115226212417e+01
3.106601886253215383e+01,1.053882813716369782e+01
3.108602457845098854e+01,9.239380580194211490e+00
3.110603029436981970e+01,9.208120246349004390e+00
3.112603601028865441e+01,7.960938684372358409e+00
3.114604172620748912e+01,7.582801370776229177e+00
3.116604744212632383e+01,7.134185537834869528e+00
3.118605315804515854e+01,7.114975203669448689e+00
3.120605887396398970e+01,6.468355932094073779e+00
3.122606458988282441e+01,6.525301138797118483e+00
3.124607030580165912e+01,6.420746501205368162e+00
3.126607602172049383e+01,7.132608375816798407e+00
3.128608173763932498e+01,6.531872167483797398e+00
3.130608745355815969e+01,6.193910257035828870e+00
3.132609316947699440e+01,7.033097987513942329e+00
3.134609888539582911e+01,6.216202386488750342e+00
3.136610460131466382e+01,6.640079144055876625e+00
3.138611031723349498e+01,6.700988944437733075e+00
3.140611603315232969e+01,6.472100156757925937e+00
3.142612174907116440e+01,6.017834786454297813e+00
3.144612746498999911e+01,5.960936074002495033e+00
3.146613318090883382e+01,6.580417117403158933e+00
3.148613889682766498e+01,6.419932458333024172e+00
3.150614461274649969e+01,6.561698938316117058e+00
3.152615032866533440e+01,6.643276940329119640e+00
3.154615604458416911e+01,6.405795732204104809e+00
3.156616176050300382e+01,6.741040189629057267e+00
3.158616747642183498e+01,6.177741077623924326e+00
3.160617319234066969e+01,5.900231955899426950e+00
3.162617890825950440e+01,6.328315598914071138e+00
3.164618462417833911e+01,6.296476182399691979e+00
3.166619034009717026e+01,6.472516558929362951e+00
3.168619605601600497e+01,6.391460350663864531e+00
3.170620177193483968e+01,7.128059732169755414e+00
3.172620748785367439e+01,6.987987487017145227e+00
3.174621320377250910e+01,6.817103034024199815e+00
3.176621891969134026e+01,7.325770383793456020e+00
3.178622463561017497e+01,7.814310487548538298e+00
3.180623035152900968e+01,7.673359349550734620e+00
3.182623606744784439e+01,8.677396236055095358e+00
3.184624178336667910e+01,8.210399125449081126e+00
3.186624749928551026e+01,8.794300982952252710e+00
3.188625321520434497e+01,8.409227863032077366e+00
3.190625893112317968e+01,9.746566595026116886e+00
3.192626464704201439e+01,1.000553382855093076e+01
3.194627036296084555e+01,1.029810717531864306e+01
3.196627607887968026e+01,1.022053483183382561e+01
3.198628179479851497e+01,1.143136347579283907e+01
3.200628751071734968e+01,1.255484630607071139e+01
3.202629322663618439e+01,1.308039935283528088e+01
3.204629894255501199e+01,1.350213455088162640e+01
3.206630465847385381e+01,1.453088657181812593e+01
3.208631037439268141e+01,1.528362590624537098e+01
3.210631609031152323e+01,1.577054650454519091e+01
3.212632180623035083e+01,1.632155794037007723e+01
3.214632752214918554e+01,1.726450343081235062e+01
3.216633323806802025e+01,1.815279609134783456e+01
3.218633895398685496e+01,1.890255454755300590e+01
3.220634466990568967e+01,2.083902308364278610e+01
3.222635038582451728e+01,2.253569860231557698e+01
3.224635610174335909e+01,2.291609956429709172e+01
3.226636181766218670e+01,2.420927509313919757e+01
3.228636753358102851e+01,2.588687510059501662e+01
3.230637324949985612e+01,2.720157014989340638e+01
3.232637896541869083e+01,2.868354612021139260e+01
3.234638468133752554e+01,2.938463598265560961e+01
3.236639039725636025e+01,2.992728659523596946e+01
3.238639611317519496e+01,3.190956811782534430e+01
3.240640182909402967e+01,3.341520932259521715e+01
3.242640754501286438e+01,3.417078579898023349e+01
3.244641326093169198e+01,3.590148966834874500e+01
3.246641897685053380e+01,3.564948983024767415e+01
3.248642469276936140e+01,3.686744503363538428e+01
3.250643040868819611e+01,3.660398501977439167e+01
3.252643612460703082e+01,3.702508703357148079e+01
3.254644184052586553e+01,3.693307260463666353e+01
3.256644755644470024e+01,3.734015477235135450e+01
3.258645327236353495e+01,3.641359754751823630e+01
3.260645898828236966e+01,3.634809035609211492e+01
3.262646470420119726e+01,3.667114778130877539e+01
3.264647042012003908e+01,3.643023720604401916e+01
3.266647613603886668e+01,3.576621678452966790e+01
3.268648185195770850e+01,3.635171191617575204e+01
3.270648756787653610e+01,3.526911932025463869e+01
3.272649328379537081e+01,3.537056794323049047e+01
3.274649899971420552e+01,3.481044156088186980e+01
3.276650471563304023e+01,3.443521470532685669e+01
3.278651043155187494e+01,3.438127415167168976e+01
3.280651614747070255e+01,3.346687871901212219e+01
3.282652186338954436e+01,3.231929850605475707e+01
3.284652757930837197e+01,3.035050031739658749e+01
3.286653329522721378e+01,2.944063742943287565e+01
3.288653901114604139e+01,2.805639109964275590e+01
3.290654472706487610e+01,2.643341815477273826e+01
3.292655044298371081e+01,2.498981813608966362e+01
3.294655615890254552e+01,2.348020041631546562e+01
3.296656187482138023e+01,2.111178793389527897e+01
3.298656759074020783e+01,1.878688677720921518e+01
3.300657330665904965e+01,1.758427703473761028e+01
3.302657902257787725e+01,1.642097832913585975e+01
3.304658473849671907e+01,1.461754773839463262e+01
3.306659045441554667e+01,1.408942808874156682e+01
3.308659617033438138e+01,1.256739187455258389e+01
3.310660188625321609e+01,1.164832206633020029e+01
3.312660760217205080e+01,1.091654407687870965e+01
3.314661331809088551e+01,1.043646663623338000e+01
3.316661903400971312e+01,1.023992598142513799e+01
3.318662474992855493e+01,9.409821966140679450e+00
3.320663046584738254e+01,8.932490492868485177e+00
3.322663618176622435e+01,9.688868442569777528e+00
3.324664189768505196e+01,8.692820956249319053e+00
3.326664761360388667e+01,8.245526567610673041e+00
3.328665332952272138e+01,7.760615987270957916e+00
3.330665904544155609e+01,8.243622435700521223e+00
3.332666476136039080e+01,8.059802155797431311e+00
3.334667047727922551e+01,8.282552986700494557e+00
3.336667619319806022e+01,7.780407216345401444e+00
3.338668190911688782e+01,7.678528214474836133e+00
3.340668762503572964e+01,8.090315369614213381e+00
3.342669334095455724e+01,8.015297145830516001e+00
3.344669905687339195e+01,8.178698318105670495e+00
3.346670477279222666e+01,8.173864317955899850e+00
3.348671048871106137e+01,7.972152195497132610e+00
3.350671620462989608e+01,7.877479629709927877e+00
3.352672192054873079e+01,7.899632428816644847e+00
3.354672763646756550e+01,8.265300311789964383e+00
3.356673335238639311e+01,8.301914514125101618e+00
3.358673906830523492e+01,8.571627991197114937e+00
3.360674478422406253e+01,9.229789351815737675e+00
3.362675050014290434e+01,9.606375949857977048e+00
3.364675621606173195e+01,8.880834312161358213e+00
3.366676193198056666e+01,9.668516969280378959e+00
3.368676764789940137e+01,1.067327616337949436e+01
3.370677336381823608e+01,1.059724150054987746e+01
3.372677907973707079e+01,1.047235708565426293e+01
3.374678479565589839e+01,1.106181272706181318e+01
3.376679051157474021e+01,1.208096275016825594e+01
3.378679622749356781e+01,1.199136024918721688e+01
3.380680194341240963e+01,1.317484264465318233e+01
3.382680765933123723e+01,1.360881582704187132e+01
3.384681337525007194e+01,1.355106689972062028e+01
3.386681909116890665e+01,1.418106520034825202e+01
3.388682480708774136e+01,1.514752071463373362e+01
3.390683052300657607e+01,1.545417589558196525e+01
3.392683623892540368e+01,1.579718051572932858e+01
3.394684195484424549e+01,1.731866417497757382e+01
3.396684767076307310e+01,1.849517690149782823e+01
3.398685338668191491e+01,1.985001748250030573e+01
3.400685910260074252e+01,2.073896827253739872e+01
3.402686481851957723e+01,2.198059157371975303e+01
3.404687053443841194e+01,2.419987380808925082e+01
3.406687625035724665e+01,2.441259816606835997e+01
3.408688196627608136e+01,2.749657318016874896e+01
3.410688768219490896e+01,2.805190866615123113e+01
3.412689339811375078e+01,3.028041846332823184e+01
3.414689911403257838e+01,3.188283129023542273e+01
3.416690482995142020e+01,3.416037787219430300e+01
3.418691054587024780e+01,3.604978758602509004e+01
3.420691626178908251e+01,3.796640462533245142e+01
3.422692197770791722e+01,4.144786730949363829e+01
3.424692769362675193e+01,4.353115076911932135e+01
3.426693340954558664e+01,4.526770894941690671e+01
3.428693912546442135e+01,4.791829348163613389e+01
3.430694484138325606e+01,5.022548148433499193e+01
3.432695055730208367e+01,5.194839024907633274e+01
3.434695627322092548e+01,5.287273816390555226e+01
3.436696198913975309e+01,5.339017044750801233e+01
3.438696770505858780e+01,5.402990879955022763e+01
3.440697342097742251e+01,5.397010642810097636e+01
3.442697913689625722e+01,5.329440506390785970e+01
3.444698485281509193e+01,5.269396759380596507e+01
3.446699056873392664e+01,5.078026723656692809e+01
3.448699628465276135e+01,4.870144774698963630e+01
3.450700200057158895e+01,4.588765364357078624e+01
3.452700771649043077e+01,4.345764915107668003e+01
3.454701343240925837e+01,4.023506167038027570e+01
3.456701914832810019e+01,3.728455737905952816e+01
3.458702486424692779e+01,3.476361567057350044e+01
3.460703058016576250e+01,3.161136189656292572e+01
3.462703629608459721e+01,2.985083011784918838e+01
3.464704201200343192e+01,2.663902398820864903e+01
3.466704772792226663e+01,2.492457856431489915e+01
3.468705344384109424e+01,2.365662580615492061e+01
3.470705915975993605e+01,2.313015063930753001e+01
3.472706487567876366e+01,2.310423003609862747e+01
3.474707059159760547e+01,2.214256530832767567e+01
3.476707630751643308e+01,2.254049389774699819e+01
3.478708202343526779e+01,2.363795645688111335e+01
3.480708773935410250e+01,2.374612903297496658e+01
3.482709345527293721e+01,2.545664987610862795e+01
3.484709917119177192e+01,2.624655960914400765e+01
3.486710488711059952e+01,2.796222613468508911e+01
3.488711060302944134e+01,2.839540630428915335e+01
3.490711631894826894e+01,3.003525691314816015e+01
3.492712203486711076e+01,3.211727186492777975e+01
3.494712775078593836e+01,3.497696395642142875e+01
3.496713346670477307e+01,3.664411098670940703e+01
3.498713918262360778e+01,3.950880897032228489e+01
3.500714489854244249e+01,4.128485141162966698e+01
3.502715061446127720e+01,4.394541959140416765e+01
3.504715633038010481e+01,4.643810400891017309e+01
3.506716204629894662e+01,4.872399500187086119e+01
3.508716776221777423e+01,5.086289981216413025e+01
3.510717347813661604e+01,5.358650350840150622e+01
3.512717919405544365e+01,5.516731399580947937e+01
3.514718490997427836e+01,5.753565309428526575e+01
3.516719062589311307e+01,5.859984115069952537e+01
3.518719634181194778e+01,5.948555906666519633e+01
3.520720205773078249e+01,5.858311024421622903e+01
3.522720777364961720e+01,5.806395802929733918e+01
3.524721348956845191e+01,5.830622536442642456e+01
3.526721920548727951e+01,5.575677648845732648e+01
3.528722492140612133e+01,5.325609997895124792e+01
3.530723063732494893e+01,5.164533816290147428e+01
3.532723635324378364e+01,4.833982939013631608e+01
3.534724206916261835e+01,4.463043016333434565e+01
3.536724778508145306e+01,4.051611577754579940e+01
3.538725350100028777e+01,3.690984597434668046e+01
3.540725921691912248e+01,3.382338425450151220e+01
3.542726493283795719e+01,2.970196546182824804e+01
3.544727064875678479e+01,2.658323041902501416e+01
3.546727636467562661e+01,2.400007772773257386e+01
3.548728208059445421e+01,2.107256110905210633e+01
3.550728779651329603e+01,1.799347294385600549e+01
3.552729351243212363e+01,1.664684658156063080e+01
3.554729922835095834e+01,1.400229163232254237e+01
3.556730494426979305e+01,1.277293332148308380e+01
3.558731066018862776e+01,1.328965207775746649e+01
3.560731637610746247e+01,1.119567761286409890e+01
3.562732209202629008e+01,1.117501343971036576e+01
3.564732780794513189e+01,1.029260047263056066e+01
3.566733352386395950e+01,9.580076486921861090e+00
3.568733923978280131e+01,1.015731764576418072e+01
3.570734495570162892e+01,9.478164001514759462e+00
3.572735067162046363e+01,9.217962271494123172e+00
3.574735638753929834e+01,9.776767191575409299e+00
3.576736210345813305e+01,8.939774208280987011e+00
3.578736781937696776e+01,9.697387605590263249e+00
3.580737353529579536e+01,9.125569825261766965e+00
3.582737925121463718e+01,9.880156159659328807e+00
3.584738496713346478e+01,1.050811707217937752e+01
3.586739068305230660e+01,1.076879918092265243e+01
3.588739639897113420e+01,1.046133118764966952e+01
3.590740211488996891e+01,1.011043267253000977e+01
3.592740783080880362e+01,1.071597192996950554e+01
3.594741354672763833e+01,1.108970057571039014e+01
3.596741926264647304e+01,1.009254825193906058e+01
3.598742497856530065e+01,1.124203835491376324e+01
3.600743069448414246e+01,1.108387201606450745e+01
3.602743641040297007e+01,1.126587545409768154e+01
3.604744212632181188e+01,1.126741791738414022e+01
3.606744784224063949e+01,1.032398697686516797e+01
3.608745355815947420e+01,1.120971200359136333e+01
3.610745927407830891e+01,1.114233483311196693e+01
3.612746498999714362e+01,1.111881682262183801e+01
3.614747070591597833e+01,9.998988926307450953e+00
3.616747642183481304e+01,1.051796798567601421e+01
3.618748213775364775e+01,1.022220337003750856e+01
3.620748785367247535e+01,1.023920299445210347e+01
3.622749356959131717e+01,9.631042884870741005e+00
3.624749928551014477e+01,8.519154425625687921e+00
3.626750500142897948e+01,8.926459719460549280e+00
3.628751071734781419e+01,8.370572140421661089e+00
3.630751643326664890e+01,8.324624817555189793e+00
3.632752214918548361e+01,6.688310147720497589e+00
3.634752786510431832e+01,7.616457580027017116e+00
3.636753358102315303e+01,7.436411113993349531e+00
3.638753929694198064e+01,6.657230033482184339e+00
3.640754501286082245e+01,6.775549278238928608e+00
3.642755072877965006e+01,6.128170518565966063e+00
3.644755644469849187e+01,5.825378008998361778e+00
3.646756216061731948e+01,6.016506274482238403e+00
3.648756787653615419e+01,5.828293287449365145e+00
3.650757359245498890e+01,6.256577448412452114e+00
3.652757930837382361e+01,5.938635757992552833e+00
3.654758502429265832e+01,6.756304745782667709e+00
3.656759074021148592e+01,5.781529820602981928e+00
3.658759645613032774e+01,5.948965004343152785e+00
3.660760217204915534e+01,6.372052039442023030e+00
3.662760788796799716e+01,5.993070836025651715e+00
3.664761360388682476e+01,5.572589217969214914e+00
3.666761931980565947e+01,5.760174329477814936e+00
3.668762503572449418e+01,4.897234065646195234e+00
3.670763075164332889e+01,5.406711062571812221e+00
3.672763646756216360e+01,6.567748488487437974e+00
3.674764218348099121e+01,6.143012289923634128e+00
3.676764789939983302e+01,6.472173248108562760e+00
3.678765361531866063e+01,6.059456449491275265e+00
3.680765933123750244e+01,4.869643806649921025e+00
3.682766504715633005e+01,5.122478754560735759e+00
3.684767076307516476e+01,5.871439086190303414e+00
3.686767647899399947e+01,5.441312177317906951e+00
3.688768219491283418e+01,5.849487243656113833e+00
3.690768791083166889e+01,5.647702851789263789e+00
3.692769362675049649e+01,5.054947131666716942e+00
3.694769934266933831e+01,5.866649865895567473e+00
3.696770505858816591e+01,5.875970151187747348e+00
3.698771077450700773e+01,5.459083222336479579e+00
3.700771649042583533e+01,5.431676946208909840e+00
3.702772220634467004e+01,5.254912735195880202e+00
3.704772792226350475e+01,5.725275415358842324e+00
3.706773363818233946e+01,5.553584829236635656e+00
3.708773935410117417e+01,5.078864265586858551e+00
3.710774507002000888e+01,5.914885559146012994e+00
3.712775078593884359e+01,5.124758339993483958e+00
3.714775650185767120e+01,5.336451515523338074e+00
3.716776221777651301e+01,5.163217586307613516e+00
3.718776793369534062e+01,5.898672292684913998e+00
3.720777364961417533e+01,6.115804306295513193e+00
3.722777936553301004e+01,5.955240870316265145e+00
3.724778508145184475e+01,5.726050742193107723e+00
3.726779079737067946e+01,4.974544701265684488e+00
3.728779651328951417e+01,6.156452911013602147e+00
3.730780222920834888e+01,6.266601179729915927e+00
3.732780794512717648e+01,5.238482974560763950e+00
3.734781366104601830e+01,5.937197196812512345e+00
3.736781937696484590e+01,5.757508424938308167e+00
3.738782509288368772e+01,6.328891958010382623e+00
3.740783080880251532e+01,4.957673252551874299e+00
3.742783652472135003e+01,6.024835833091499282e+00
3.744784224064018474e+01,5.653334777736983341e+00
3.746784795655901945e+01,5.612853928344970100e+00
3.748785367247785416e+01,5.962311445603471149e+00
3.750785938839668177e+01,5.815296258679593322e+00
3.752786510431552358e+01,5.732750491050280672e+00
3.754787082023435119e+01,5.161877329769120948e+00
3.756787653615319300e+01,5.811675834128038787e+00
3.758788225207202061e+01,5.769537072310880532e+00
3.760788796799085532e+01,5.935603487698775993e+00
3.762789368390969003e+01,5.388780812651161156e+00
3.764789939982852474e+01,6.085398409101046013e+00
3.766790511574735945e+01,5.681009331919328886e+00
3.768791083166618705e+01,6.168221140589363216e+00
3.770791654758502887e+01,5.832897147359279444e+00
3.772792226350385647e+01,6.935713295944516688e+00
3.774792797942269829e+01,6.281378655125473998e+00
3.776793369534152589e+01,6.307246932775579573e+00
3.778793941126036060e+01,6.526228598477742615e+00
3.780794512717919531e+01,6.945010176902433052e+00
3.782795084309803002e+01,6.853154983815945123e+00
3.784795655901686473e+01,6.218076890057099959e+00
3.786796227493569234e+01,6.546038314149346782e+00
3.788796799085453415e+01,7.069824332551434054e+00
3.790797370677336176e+01,7.546775090414978848e+00
3.792797942269220357e+01,7.250571550141987842e+00
3.794798513861103118e+01,7.166044774395883721e+00
3.796799085452986589e+01,7.985778441993277355e+00
3.798799657044870060e+01,7.715349725914695256e+00
3.800800228636753531e+01,8.191803504071113906e+00
3.802800800228637002e+01,8.693010886118543112e+00
3.804801371820520473e+01,8.854471278092955089e+00
3.806801943412403944e+01,9.066440548143395617e+00
3.808802515004286704e+01,9.447123109036198230e+00
3.810803086596170886e+01,9.000579191322557904e+00
3.812803658188053646e+01,9.319117166020784992e+00
3.814804229779937117e+01,9.361522663251038878e+00
3.816804801371820588e+01,1.075500481829566723e+01
3.818805372963704059e+01,9.951355929253509203e+00
3.820805944555587530e+01,1.033706157204568399e+01
3.822806516147471001e+01,9.882509189661773163e+00
3.824807087739354472e+01,1.035795251981132381e+01
3.826807659331237232e+01,1.102064523970546084e+01
3.828808230923121414e+01,1.020604335496228288e+01
3.830808802515004174e+01,9.862510641202998585e+00
3.832809374106888356e+01,1.038839416687963357e+01
3.834809945698771116e+01,1.001737601319605275e+01
3.836810517290654587e+01,9.807516506336476425e+00
3.838811088882538058e+01,9.591115555988039887e+00
3.840811660474421529e+01,8.900516849136169029e+00
3.842812232066305000e+01,8.382703227866954876e+00
3.844812803658187761e+01,8.195854268174635138e+00
3.846813375250071942e+01,7.488639494049170509e+00
3.848813946841954703e+01,7.665461531671658335e+00
3.850814518433838884e+01,7.495227820226949333e+00
3.852815090025721645e+01,7.967837940678560216e+00
3.854815661617605116e+01,6.338289211382292621e+00
3.856816233209488587e+01,7.367761346414043899e+00
3.858816804801372058e+01,6.829735492011964837e+00
3.860817376393255529e+01,7.016803667289041258e+00
3.862817947985138289e+01,6.116088772093200454e+00
3.864818519577022471e+01,6.589444400991384398e+00
3.866819091168905231e+01,5.945748682089408987e+00
3.868819662760789413e+01,5.902444476157592490e+00
3.870820234352672173e+01,5.418767370491266000e+00
3.872820805944555644e+01,6.349869509180974703e+00
3.874821377536439115e+01,5.733940785794393591e+00
3.876821949128322586e+01,6.154624698346800926e+00
3.878822520720206057e+01,5.765648195707445467e+00
3.880823092312088818e+01,6.388006868560077045e+00
3.882823663903972999e+01,5.255012754747006021e+00
3.884824235495855760e+01,6.226396115530076436e+00
3.886824807087739941e+01,5.276802023436639288e+00
3.888825378679622702e+01,5.534290902295295744e+00
3.890825950271506173e+01,5.275705235428166162e+00
3.892826521863389644e+01,6.065137650106264822e+00
3.894827093455273115e+01,6.637971540844686658e+00
3.896827665047156586e+01,6.525124339750274949e+00
3.898828236639040057e+01,5.277095171251256822e+00
3.900828808230923528e+01,6.429085845002165733e+00
3.902829379822806288e+01,6.471760270395100711e+00
3.904829951414690470e+01,5.676470159450477837e+00
3.906830523006573230e+01,6.683889170390655110e+00
3.908831094598456701e+01,5.796706427530342154e+00
3.910831666190340172e+01,6.488726186211549951e+00
3.912832237782223643e+01,6.317145473932551880e+00
3.914832809374107114e+01,6.406431385638561515e+00
3.916833380965990585e+01,6.984035307038391593e+00
3.918833952557874056e+01,6.869475413988710422e+00
3.920834524149756817e+01,7.373730377245955481e+00
3.922835095741640998e+01,7.572361875207898940e+00
3.924835667333523759e+01,8.546574379819503520e+00
3.926836238925407940e+01,7.779199710623228015e+00
3.928836810517290701e+01,8.045708459136017510e+00
3.930837382109174172e+01,8.322220074526438083e+00
3.932837953701057643e+01,9.167048561824161723e+00
3.934838525292941114e+01,9.358910717542430646e+00
3.936839096884824585e+01,9.768535147205540170e+00
3.938839668476707345e+01,9.666392706289478554e+00
3.940840240068591527e+01,1.055896171464392097e+01
3.942840811660474287e+01,1.086240002739839206e+01
3.944841383252358469e+01,1.099022297166878737e+01
3.946841954844241229e+01,1.102073607020850687e+01
3.948842526436124700e+01,1.199353222969812371e+01
3.950843098028008171e+01,1.248004344867175242e+01
3.952843669619891642e+01,1.202809308739353611e+01
3.954844241211775113e+01,1.242431860434017565e+01
3.956844812803657874e+01,1.219830363687688290e+01
3.958845384395542055e+01,1.275848529028323242e+01
3.960845955987424816e+01,1.252417411459636298e+01
3.962846527579308997e+01,1.362299050091135122e+01
3.964847099171191758e+01,1.238686650253844590e+01
3.966847670763075229e+01,1.265937012630746494e+01
3.968848242354958700e+01,1.235610308207110108e+01
3.970848813946842171e+01,1.151931124848177745e+01
3.972849385538725642e+01,1.214707489077872893e+01
3.974849957130608402e+01,1.037307869742035749e+01
3.976850528722492584e+01,1.016942325396419022e+01
3.978851100314375344e+01,8.998093044463788104e+00
3.980851671906259526e+01,9.332322354415230947e+00
3.982852243498142286e+01,9.871503832109995713e+00
3.984852815090025757e+01,7.993429205484819278e+00
3.986853386681909228e+01,9.199998959168686596e+00
3.988853958273792699e+01,8.623525270314111424e+00
3.990854529865676170e+01,9.243538408759960134e+00
3.992855101457559641e+01,6.937998173154633186e+00
3.994855673049443112e+01,7.618492101467419175e+00
3.996856244641325873e+01,8.291575903937513203e+00
3.998856816233210054e+01,8.249752724871006748e+00
4.000857387825092815e+01,6.761053323057652165e+00
4.002857959416976286e+01,8.795368038878324413e+00
4.004858531008859757e+01,8.432178784365286006e+00
4.006859102600743228e+01,8.836826729467574637e+00
4.008859674192626699e+01,7.908049440422201926e+00
4.010860245784510170e+01,8.846855862902479828e+00
4.012860817376393641e+01,8.509966514285418171e+00
4.014861388968276401e+01,8.652813073188230675e+00
4.016861960560160583e+01,7.924298428638579139e+00
4.018862532152043343e+01,8.830647887488730419e+00
4.020863103743927525e+01,9.660705511111579824e+00
4.022863675335810285e+01,8.457109708489980449e+00
4.024864246927693756e+01,9.115142106777383901e+00
4.026864818519577227e+01,9.669461960548829893e+00
4.028865390111460698e+01,9.500970634607460497e+00
4.030865961703344169e+01,9.914756553329349131e+00
4.032866533295226930e+01,1.054423475873021232e+01
4.034867104887111111e+01,1.202677193990871274e+01
4.036867676478993872e+01,1.187742673951778372e+01
4.038868248070878053e+01,1.236314307701093540e+01
4.040868819662760814e+01,1.331697882153400769e+01
4.042869391254644285e+01,1.425354751102771189e+01
4.044869962846527756e+01,1.504283762389009382e+01
4.046870534438411227e+01,1.587528031478640145e+01
4.048871106030294698e+01,1.677962209692971030e+01
4.050871677622177458e+01,1.780973497864850685e+01
4.052872249214061640e+01,1.830229769510455995e+01
4.054872820805944400e+01,1.991021745062312931e+01
4.056873392397828582e+01,1.985771313995742204e+01
4.058873963989711342e+01,2.126344242811614293e+01
4.060874535581594813e+01,2.269898785382184059e+01
4.062875107173478284e+01,2.337454571151280192e+01
4.064875678765361755e+01,2.229228828962680353e+01
4.066876250357245226e+01,2.318123905658692152e+01
4.068876821949127986e+01,2.415327079382053910e+01
4.070877393541012168e+01,2.325946309294050707e+01
4.072877965132894929e+01,2.347707008978913734e+01
4.074878536724779110e+01,2.316885087958629441e+01
4.076879108316661871e+01,2.214760457473281008e+01
4.078879679908545342e+01,2.185688641268988164e+01
4.080880251500428813e+01,2.039361038709053986e+01
4.082880823092312284e+01,1.920439361739468609e+01
4.084881394684195755e+01,1.733221614931700216e+01
4.086881966276079226e+01,1.686751455674524180e+01
4.088882537867962697e+01,1.575018245260347882e+01
4.090883109459845457e+01,1.398818306212863050e+01
4.092883681051729639e+01,1.366510719434243981e+01
4.094884252643612399e+01,1.249474929962151926e+01
4.096884824235495870e+01,1.103215711469960958e+01
4.098885395827379341e+01,1.054907808474767172e+01
4.100885967419262812e+01,9.798989374832773436e+00
4.102886539011146283e+01,9.517930231402623065e+00
4.104887110603029754e+01,9.173823436209966431e+00
4.106887682194913225e+01,9.173144092848662723e+00
4.108888253786795985e+01,8.222643368475047509e+00
4.110888825378680167e+01,8.815129072582063685e+00
4.112889396970562927e+01,8.151177231330278161e+00
4.114889968562447109e+01,8.657427139425118767e+00
4.116890540154329869e+01,7.815430631964321861e+00
4.118891111746213340e+01,8.802943700578314434e+00
4.120891683338096811e+01,9.239408581400642362e+00
4.122892254929980282e+01,8.876629846307501737e+00
4.124892826521863753e+01,9.023695718633630847e+00
4.126893398113746514e+01,9.888377890587861430e+00
4.128893969705630695e+01,9.547625200487839692e+00
4.130894541297513456e+01,1.018566273128083388e+01
4.132895112889397637e+01,9.942456379002067024e+00
4.134895684481280398e+01,9.064942127849052511e+00
4.136896256073163869e+01,1.000855788353744380e+01
4.138896827665047340e+01,1.010632337988553786e+01
4.140897399256930811e+01,9.955361765105635641e+00
4.142897970848814282e+01,1.074677805554373222e+01
4.144898542440697042e+01,1.046088057749220646e+01
4.146899114032581224e+01,1.069512306416347514e+01
4.148899685624463984e+01,1.085174372016051692e+01
4.150900257216348166e+01,9.548595325562008185e+00
4.152900828808230926e+01,9.110823158824512547e+00
4.154901400400114397e+01,1.003167199136307985e+01
4.156901971991997868e+01,8.694437264422372635e+00
4.158902543583881339e+01,9.195811011117243083e+00
4.160903115175764810e+01,8.771317036751632656e+00
4.162903686767647571e+01,9.322044755223531709e+00
4.164904258359531752e+01,9.506496997311581154e+00
4.166904829951414513e+01,8.394382503338059465e+00
4.168905401543298694e+01,8.569724173700242531e+00
4.170905973135181455e+01,9.183279964996192035e+00
4.172906544727064926e+01,8.493055022991644165e+00
4.174907116318948397e+01,8.839544996275556343e+00
4.176907687910831868e+01,9.004316248856376603e+00
4.178908259502715339e+01,9.246403481669055680e+00
4.180908831094598810e+01,9.198986692914729701e+00
4.182909402686482281e+01,9.948782800842858265e+00
4.184909974278365041e+01,9.854785070678895309e+00
4.186910545870249223e+01,1.084851858782152867e+01
4.188911117462131983e+01,1.040954892973086032e+01
4.190911689054015454e+01,1.209766567051946495e+01
4.192912260645898925e+01,1.123533515362940349e+01
4.194912832237782396e+01,1.246622894366287326e+01
4.196913403829665867e+01,1.216184280869706136e+01
4.198913975421549338e+01,1.308829032421920147e+01
4.200914547013432809e+01,1.377738112228531264e+01
4.202915118605316280e+01,1.460383517112021146e+01
4.204915690197199041e+01,1.549299644040225488e+01
4.206916261789082512e+01,1.541980354575030177e+01
4.208916833380965983e+01,1.684074601327769116e+01
4.210917404972849454e+01,1.722167184209858704e+01
4.212917976564732925e+01,1.803632718008210034e+01
4.214918548156616396e+01,1.850537588005274969e+01
4.216919119748499867e+01,1.875724157156146887e+01
4.218919691340383338e+01,1.988278662064454139e+01
4.220920262932266809e+01,1.951477955963521183e+01
4.222920834524150280e+01,1.999354926727486514e+01
4.224921406116033040e+01,1.980561028700157067e+01
4.226921977707916511e+01,1.998925413706193766e+01
4.228922549299799982e+01,1.946129958714452712e+01
4.230923120891683453e+01,1.861200724998498401e+01
4.232923692483566924e+01,1.748815449579002390e+01
4.234924264075450395e+01,1.719261528277803208e+01
4.236924835667333866e+01,1.634309450988388690e+01
4.238925407259217337e+01,1.474782415107346623e+01
4.240925978851100808e+01,1.358349172305664254e+01
4.242926550442983569e+01,1.259510065225618547e+01
4.244927122034867040e+01,1.203807660512975808e+01
4.246927693626750511e+01,1.186433128958567274e+01
4.248928265218633982e+01,1.112906747916609795e+01
4.250928836810517453e+01,9.726059814096938538e+00
4.252929408402400924e+01,9.832185441129826842e+00
4.254929979994284395e+01,9.533435301425262409e+00
4.256930551586167866e+01,8.860606868658443602e+00
4.258931123178051337e+01,8.167208403032741870e+00
4.260931694769934097e+01,7.804404188357008998e+00
4.262932266361817568e+01,8.184707720672729891e+00
4.264932837953701039e+01,8.559958648683625881e+00
4.266933409545584510e+01,7.389260635139346611e+00
4.268933981137467981e+01,8.076751981238842859e+00
4.270934552729351452e+01,7.541525968091188581e+00
4.272935124321234923e+01,8.059008120323788660e+00
4.274935695913118394e+01,8.615689679226541386e+00
4.276936267505001865e+01,7.956704301565422632e+00
4.278936839096885336e+01,8.247721704932279962e+00
4.280937410688768097e+01,8.080028904016616664e+00
4.282937982280651568e+01,8.944798734591728362e+00
4.284938553872535039e+01,8.413992115307754815e+00
4.286939125464418510e+01,8.900011897227091850e+00
4.288939697056301981e+01,9.078429278971249516e+00
4.290940268648185452e+01,9.309669951281748013e+00
4.292940840240068923e+01,9.869772104675629265e+00
4.294941411831952394e+01,1.014328542516136800e+01
4.296941983423835865e+01,9.687734740944435430e+00
4.298942555015718625e+01,9.459639143425851771e+00
4.300943126607602096e+01,1.018687136756675926e+01
4.302943698199485567e+01,1.125570206760691327e+01
4.304944269791369038e+01,1.087631819601067207e+01
4.306944841383252509e+01,1.068796844886184694e+01
4.308945412975135980e+01,1.104313124159750004e+01
4.310945984567019451e+01,1.106263254127491535e+01
4.312946556158902922e+01,1.113864663169502478e+01
4.314947127750786393e+01,1.207228032391352990e+01
4.316947699342669864e+01,1.164924742116076040e+01
4.318948270934552625e+01,1.278712324739427686e+01
4.320948842526436096e+01,1.230804289919686489e+01
4.322949414118319567e+01,1.229089758807466204e+01
4.324949985710203038e+01,1.175004511815046548e+01
4.326950557302086509e+01,1.247511805713928723e+01
4.328951128893969980e+01,1.190363788070549944e+01
4.330951700485853451e+01,1.127543454995927164e+01
4.332952272077736922e+01,1.162190495120406375e+01
4.334952843669620393e+01,1.254832574860737360e+01
4.336953415261503153e+01,1.122801484295480634e+01
4.338953986853386624e+01,1.133786590147452955e+01
4.340954558445270095e+01,1.199219063139334018e+01
4.342955130037153566e+01,1.159829965172538380e+01
4.344955701629037037e+01,1.109509975698571793e+01
4.346956273220920508e+01,1.146933958360624395e+01
4.348956844812803979e+01,1.105936057907031156e+01
4.350957416404687450e+01,1.092743852836272644e+01
4.352957987996570921e+01,1.112656186676765557e+01
4.354958559588453681e+01,1.100006161739865007e+01
4.356959131180337153e+01,1.110662915271612405e+01
4.358959702772220624e+01,1.049097628385008818e+01
4.360960274364104095e+01,1.012209014559987352e+01
4.362960845955987566e+01,1.054710722114460708e+01
4.364961417547871037e+01,9.383476095419565510e+00
4.366961989139754508e+01,9.047251283953469780e+00
4.368962560731637979e+01,9.257864152721154483e+00
4.370963132323521450e+01,7.876725710823540005e+00
4.372963703915404921e+01,8.667473255762885742e+00
4.374964275507287681e+01,7.460002214359608530e+00
4.376964847099171152e+01,7.440887326465041696e+00
4.378965418691054623e+01,7.274034788897980164e+00
4.380965990282938094e+01,7.073411120192799828e+00
4.382966561874821565e+01,6.792786898806526530e+00
4.384967133466705036e+01,6.933757175592351274e+00
4.386967705058588507e+01,7.077516553584429104e+00
4.388968276650471978e+01,5.960153388648913086e+00
4.390968848242355449e+01,6.421586828218606158e+00
4.392969419834238209e+01,7.207535489683909447e+00
4.394969991426121680e+01,6.601105356732988483e+00
4.396970563018005151e+01,6.674655580353315187e+00
4.398971134609888622e+01,6.180588141367783450e+00
4.400971706201772093e+01,6.803987830878991616e+00
4.402972277793655564e+01,6.925547842946151889e+00
4.404972849385539035e+01,6.946390343754114127e+00
4.406973420977422506e+01,6.722257644915398345e+00
4.408973992569305977e+01,6.411566525269259742e+00
4.410974564161189448e+01,6.714582349397769434e+00
4.412975135753072209e+01,7.250536273242516927e+00
4.414975707344955680e+01,7.060283546187525516e+00
4.416976278936839151e+01,7.704729882194996549e+00
4.418976850528722622e+01,7.545133333440614543e+00
4.420977422120606093e+01,7.480452773749401985e+00
4.422977993712489564e+01,7.733209652932028000e+00
4.424978565304373035e+01,8.322836240085720760e+00
4.426979136896256506e+01,8.482006438176560081e+00
4.428979708488139977e+01,8.385598749974484178e+00
4.430980280080022737e+01,8.881749889143609522e+00
4.432980851671906208e+01,9.911682322584782767e+00
4.434981423263789679e+01,9.615384777985926945e+00
4.436981994855673150e+01,1.044138432276391804e+01
4.438982566447556621e+01,1.066886569945532415e+01
4.440983138039440092e+01,1.116389465293612204e+01
4.442983709631323563e+01,1.248797436490921342e+01
4.444984281223207034e+01,1.241095175694544928e+01
4.446984852815090505e+01,1.314573783313220368e+01
4.448985424406973266e+01,1.452458659585083467e+01
4.450985995998856737e+01,1.503892459076111265e+01
4.452986567590740208e+01,1.566479392779889857e+01
4.454987139182623679e+01,1.567207906172840737e+01
4.456987710774507150e+01,1.748683600029188057e+01
4.458988282366390621e+01,1.830698908254591473e+01
4.460988853958274092e+01,1.834478888290933085e+01
4.462989425550157563e+01,1.831869482356093926e+01
4.464989997142041034e+01,1.818176469880495461e+01
4.466990568733924505e+01,1.948708885009764202e+01
4.468991140325807265e+01,2.011432875538839227e+01
4.470991711917690736e+01,1.965983688315197853e+01
4.472992283509574207e+01,1.913953414904550243e+01
4.474992855101457678e+01,1.946942194290287986e+01
4.476993426693341149e+01,1.900228759009445056e+01
4.478993998285224620e+01,1.810610960440890693e+01
4.480994569877108091e+01,1.700209554809111268e+01
4.482995141468991562e+01,1.638276614359635630e+01
4.484995713060875033e+01,1.602229819959088530e+01
4.486996284652757794e+01,1.582860573465255882e+01
4.488996856244641265e+01,1.581461186510153460e+01
4.490997427836524736e+01,1.501745504006284726e+01
4.492997999428408207e+01,1.426488598433412669e+01
4.494998571020291678e+01,1.505898036579754518e+01
4.496999142612175149e+01,1.433421212743127526e+01
4.498999714204058620e+01,1.532938290484869981e+01
4.501000285795942091e+01,1.521008976051177619e+01
4.503000857387825562e+01,1.602850882655397058e+01
4.505001428979709033e+01,1.586176064368844507e+01
4.507002000571591793e+01,1.776871583412066968e+01
4.509002572163475264e+01,1.748245852415042378e+01
4.511003143755358735e+01,1.962436073631415923e+01
4.513003715347242206e+01,2.004446133123174079e+01
4.515004286939125677e+01,2.168115531802990148e+01
4.517004858531009148e+01,2.291783821081092754e+01
4.519005430122892619e+01,2.365025280138108954e+01
4.521006001714776090e+01,2.539886630402668644e+01
4.523006573306659561e+01,2.627523338029606492e+01
4.525007144898542322e+01,2.832853657661427604e+01
4.527007716490425793e+01,2.849937989003505123e+01
4.529008288082309264e+01,2.990223703387453824e+01
4.531008859674192735e+01,2.989780573514870099e+01
4.533009431266076206e+01,2.996898530548889639e+01
4.535010002857959677e+01,3.045443988966216509e+01
4.537010574449843148e+01,3.089032193481642352e+01
4.539011146041726619e+01,3.050611798480455406e+01
4.541011717633610090e+01,2.929845812929736582e+01
4.543012289225492850e+01,2.932026093804555344e+01
4.545012860817376321e+01,2.781518688331520650e+01
4.547013432409259792e+01,2.638097958106002139e+01
4.549014004001143263e+01,2.470569677742946979e+01
4.551014575593026734e+01,2.325417661969463268e+01
4.553015147184910205e+01,2.258040992675056557e+01
4.555015718776793676e+01,1.997301308885428739e+01
4.557016290368677147e+01,1.892392789062899539e+01
4.559016861960560618e+01,1.738642581006786969e+01
4.561017433552444089e+01,1.600702385933098171e+01
4.563018005144326850e+01,1.466588863080659344e+01
4.565018576736210321e+01,1.368514655981592298e+01
4.567019148328093792e+01,1.261136397808737897e+01
4.569019719919977263e+01,1.134793618512242297e+01
4.571020291511860734e+01,1.079267326766425938e+01
4.573020863103744205e+01,1.024820048323268296e+01
4.575021434695627676e+01,9.627095877103720056e+00
4.577022006287511147e+01,8.560757861116602641e+00
4.579022577879394618e+01,8.412560387351753377e+00
4.581023149471277378e+01,7.863261004418502509e+00
4.583023721063160849e+01,7.945623031499156497e+00
4.585024292655044320e+01,8.410889019153909629e+00
4.587024864246927791e+01,7.167269590380400679e+00
4.589025435838811262e+01,7.625489023196839966e+00
4.591026007430694733e+01,6.705147785863246668e+00
4.593026579022578204e+01,7.315384346227991941e+00
4.595027150614461675e+01,6.967637246137609708e+00
4.597027722206345146e+01,7.219011093948740410e+00
4.599028293798228617e+01,7.369530029276543104e+00
4.601028865390111378e+01,6.644563487473293506e+00
4.603029436981994849e+01,7.226300226556029216e+00
4.605030008573878320e+01,7.426352987341859446e+00
4.607030580165761791e+01,7.589521128488245338e+00
4.609031151757645262e+01,7.425634139740486361e+00
4.611031723349528733e+01,6.954738598802215677e+00
4.613032294941412204e+01,7.410054848557182439e+00
4.615032866533295675e+01,8.444405952557049844e+00
4.617033438125179146e+01,8.313069689638645343e+00
4.619034009717061906e+01,8.016313741629049971e+00
4.621034581308945377e+01,9.516803819928913555e+00
4.623035152900828848e+01,9.728501937265662036e+00
4.625035724492712319e+01,9.646752522248210227e+00
4.627036296084595790e+01,1.085218933065274172e+01
4.629036867676479261e+01,1.113010236390785757e+01
4.631037439268362732e+01,1.273485882203002539e+01
4.633038010860246203e+01,1.351322294782571909e+01
4.635038582452129674e+01,1.410586742099441082e+01
4.637039154044012434e+01,1.486057000431308772e+01
4.639039725635895905e+01,1.645379646421881503e+01
4.641040297227779376e+01,1.666659445948558016e+01
4.643040868819662847e+01,1.850712145082214732e+01
4.645041440411546319e+01,1.878351410370369834e+01
4.647042012003429790e+01,2.059266817712928344e+01
4.649042583595313261e+01,2.148471919038092182e+01
4.651043155187196732e+01,2.196470495989787963e+01
4.653043726779080203e+01,2.317586627035682412e+01
4.655044298370963674e+01,2.350046417959156742e+01
4.657044869962846434e+01,2.415141881229258303e+01
4.659045441554729905e+01,2.479289773843574096e+01
4.661046013146613376e+01,2.558566366676855353e+01
4.663046584738496847e+01,2.443298636736448870e+01
4.665047156330380318e+01,2.488921431180451549e+01
4.667047727922263789e+01,2.375345495956545250e+01
4.669048299514147260e+01,2.279031983474040146e+01
4.671048871106030731e+01,2.120833984198434763e+01
4.673049442697914202e+01,1.974700602826019491e+01
4.675050014289796962e+01,1.871733529004680463e+01
4.677050585881680433e+01,1.674604561526165014e+01
4.679051157473563904e+01,1.559943637617790202e+01
4.681051729065447375e+01,1.445106561582486648e+01
4.683052300657330846e+01,1.372698841575270734e+01
4.685052872249214317e+01,1.267282611639792300e+01
4.687053443841097788e+01,1.160107152457365487e+01
4.689054015432981259e+01,1.076624718351307308e+01
4.691054587024864730e+01,9.163691649366898062e+00
4.693055158616748201e+01,9.048541044317383708e+00
4.695055730208630962e+01,8.945862273921303398e+00
4.697056301800514433e+01,8.255558023999551409e+00
4.699056873392397904e+01,8.191217222765587280e+00
4.701057444984281375e+01,7.224407545651425622e+00
4.703058016576164846e+01,7.772226593539934392e+00
4.705058588168048317e+01,6.952970001315136983e+00
4.707059159759931788e+01,7.220989943205584183e+00
4.709059731351815259e+01,7.370286798862116129e+00
4.711060302943698730e+01,7.663772840473919601e+00
4.713060874535581490e+01,8.047236779283061026e+00
4.715061446127464961e+01,6.708812832546470872e+00
4.717062017719348432e+01,7.829219166889267001e+00
4.719062589311231903e+01,8.264198849342408337e+00
4.721063160903115374e+01,8.033430400004649030e+00
4.723063732494998845e+01,7.883976098234504626e+00
4.725064304086882316e+01,7.951836871354860392e+00
4.727064875678765787e+01,8.521953417117803298e+00
4.729065447270649258e+01,9.294505123436762162e+00
4.731066018862532019e+01,8.907819180644668933e+00
4.733066590454415490e+01,9.240436068894782196e+00
4.735067162046298961e+01,9.305034172781356361e+00
4.737067733638182432e+01,1.110711235190545665e+01
4.739068305230065903e+01,1.165108069213109765e+01
4.741068876821949374e+01,1.166770290764490170e+01
4.743069448413832845e+01,1.283681292535496610e+01
4.745070020005716316e+01,1.277537839310880230e+01
4.747070591597599787e+01,1.274215642511979141e+01
4.749071163189483258e+01,1.365193585138036880e+01
4.751071734781366018e+01,1.378827712818553586e+01
4.753072306373249489e+01,1.490300571973658705e+01
4.755072877965132960e+01,1.584297829628910215e+01
4.757073449557016431e+01,1.640641992564022189e+01
4.759074021148899902e+01,1.639137365897555654e+01
4.761074592740783373e+01,1.586761283962109026e+01
4.763075164332666844e+01,1.672916103369984242e+01
4.765075735924550315e+01,1.635564426589917986e+01
4.767076307516433786e+01,1.735608541067347943e+01
4.769076879108316547e+01,1.641611696905044226e+01
4.771077450700200018e+01,1.624245588374460070e+01
4.773078022292083489e+01,1.584463487433772677e+01
4.775078593883966960e+01,1.536539468985092860e+01
4.777079165475850431e+01,1.413323140503660902e+01
4.779079737067733902e+01,1.437327674631144880e+01
4.781080308659617373e+01,1.365537804292096169e+01
4.783080880251500844e+01,1.260438124314227082e+01
4.785081451843384315e+01,1.239329288261316364e+01
4.787082023435267075e+01,1.143324574653806103e+01
4.789082595027150546e+01,1.145421563152010336e+01
4.791083166619034017e+01,1.066960402336460945e+01
4.793083738210917488e+01,9.299016918454306335e+00
4.795084309802800959e+01,8.911313936148081538e+00
4.797084881394684430e+01,9.115324872954165158e+00
4.799085452986567901e+01,8.525710346752386926e+00
4.801086024578451372e+01,7.598968805896294754e+00
4.803086596170334843e+01,7.445823775689033752e+00
4.805087167762218314e+01,8.138119943260964106e+00
4.807087739354101075e+01,7.217304154364811097e+00
4.809088310945984546e+01,8.424092326935815223e+00
4.811088882537868017e+01,8.024817714914012967e+00
4.813089454129751488e+01,7.828847615227869206e+00
4.815090025721634959e+01,7.841719776810467835e+00
4.817090597313518430e+01,8.109805169356482324e+00
4.819091168905401901e+01,8.814710596455977765e+00
4.821091740497285372e+01,8.949967741813456001e+00
4.823092312089168843e+01,9.824377632141573002e+00
4.825092883681051603e+01,9.001570335416536395e+00
4.827093455272935074e+01,1.046831085558088148e+01
4.829094026864818545e+01,9.936785536309852063e+00
4.831094598456702016e+01,1.002760005590473824e+01
4.833095170048585487e+01,1.075144395142453746e+01
4.835095741640468958e+01,1.079996532771093065e+01
4.837096313232352429e+01,1.100942377789665372e+01
4.839096884824235900e+01,1.071543232759442787e+01
4.841097456416119371e+01,1.138827497364273889e+01
4.843098028008002842e+01,1.125782352419275156e+01
4.845098599599885603e+01,1.093512265316770282e+01
4.847099171191769074e+01,1.084592733493291483e+01
4.849099742783652545e+01,1.064491585935898499e+01
4.851100314375536016e+01,1.033333961170623283e+01
4.853100885967419487e+01,9.280202169470701534e+00
4.855101457559302958e+01,9.210356231598215260e+00
4.857102029151186429e+01,8.942820005917301529e+00
4.859102600743069900e+01,8.784000297111285605e+00
4.861103172334953371e+01,8.094431586272776258e+00
4.863103743926836131e+01,8.026268875225380128e+00
4.865104315518719602e+01,7.216711101193608258e+00
4.867104887110603073e+01,7.303010174270182731e+00
4.869105458702486544e+01,6.934933639512498971e+00
4.871106030294370015e+01,6.739387857277801430e+00
4.873106601886253486e+01,7.286698202134743951e+00
4.875107173478136957e+01,6.307162135071957110e+00
4.877107745070020428e+01,7.239950100128758947e+00
4.879108316661903899e+01,7.138939601811109981e+00
4.881108888253786660e+01,6.665941665328201537e+00
4.883109459845670131e+01,6.503835136314890519e+00
4.885110031437553602e+01,6.528929664538582145e+00
4.887110603029437073e+01,6.380496753140203481e+00
4.889111174621320544e+01,6.258502949935085269e+00
4.891111746213204015e+01,6.953429224445749846e+00
4.893112317805087486e+01,6.029793952174977711e+00
4.895112889396970957e+01,6.313561358158242598e+00
4.897113460988854428e+01,7.142729397356455401e+00
4.899114032580737899e+01,6.734622589778061830e+00
4.901114604172620659e+01,7.015311922611127571e+00
4.903115175764504130e+01,7.389013441031340612e+00
4.905115747356387601e+01,7.323024676661811228e+00
4.907116318948271072e+01,6.438597863813170008e+00
4.909116890540154543e+01,7.445870192331966564e+00
4.911117462132038014e+01,7.132051441484586363e+00
4.913118033723921485e+01,6.850723113440698953e+00
4.915118605315804956e+01,7.088329850777229879e+00
4.917119176907688427e+01,7.702672398894447880e+00
4.919119748499571187e+01,8.591595757525301025e+00
4.921120320091454658e+01,8.514467745304948210e+00
4.923120891683338129e+01,8.257429721195997274e+00
4.925121463275221600e+01,9.412358819552192557e+00
4.927122034867105071e+01,9.066386262773335147e+00
4.929122606458988542e+01,9.502362499324791045e+00
4.931123178050872014e+01,1.079322420719173081e+01
4.933123749642755485e+01,1.111153069289236939e+01
4.935124321234638956e+01,1.166166653917107787e+01
4.937124892826522427e+01,1.191556126694447215e+01
4.939125464418405187e+01,1.352253357238548048e+01
4.941126036010288658e+01,1.413765776553114151e+01
4.943126607602172129e+01,1.510371865853745987e+01
4.945127179194055600e+01,1.620837308404936294e+01
4.947127750785939071e+01,1.643050327364105812e+01
4.949128322377822542e+01,1.806410652689335805e+01
4.951128893969706013e+01,1.822360129098545301e+01
4.953129465561589484e+01,1.871551146775383501e+01
4.955130037153472955e+01,2.025417750851348941e+01
4.957130608745355715e+01,1.986660091483946644e+01
4.959131180337239186e+01,2.092761397962218695e+01
4.961131751929122657e+01,2.084461782672249797e+01
4.963132323521006128e+01,2.062682950839883134e+01
4.965132895112889599e+01,2.107685036131050538e+01
4.967133466704773070e+01,1.966035979688685842e+01
4.969134038296656541e+01,1.968169911862952048e+01
4.971134609888540012e+01,1.896929385568878956e+01
4.973135181480423483e+01,1.792959056643831417e+01
4.975135753072306244e+01,1.688799690388019670e+01
4.977136324664189715e+01,1.521741974314802803e+01
4.979136896256073186e+01,1.483090300252667504e+01
4.981137467847956657e+01,1.385410730801000057e+01
4.983138039439840128e+01,1.267127469395400574e+01
4.985138611031723599e+01,1.169868534711864427e+01
4.987139182623607070e+01,1.044032508529289061e+01
4.989139754215490541e+01,1.047491276295931328e+01
4.991140325807374012e+01,9.403689856852693651e+00
4.993140897399257483e+01,9.794693556564698866e+00
4.995141468991140243e+01,9.252485831745394407e+00
4.997142040583023714e+01,8.773023562198602576e+00
4.999142612174907185e+01,8.439044930735706274e+00
5.001143183766790656e+01,7.859378397423020246e+00
5.003143755358674127e+01,9.098174109033582369e+00
5.005144326950557598e+01,8.874454549545987447e+00
5.007144898542441069e+01,9.090303089395240121e+00
5.009145470134324540e+01,9.339783561527557509e+00
5.011146041726208011e+01,1.001543490992703589e+01
5.013146613318090772e+01,9.975204440083979662e+00
5.015147184909974243e+01,1.049475326789645813e+01
5.017147756501857714e+01,1.046771740639603188e+01
5.019148328093741185e+01,1.054701565900773907e+01
5.021148899685624656e+01,1.060130069237363415e+01
5.023149471277508127e+01,1.103647561281276879e+01
5.025150042869391598e+01,1.148777415410441449e+01
5.027150614461275069e+01,1.134268260917677473e+01
5.029151186053158540e+01,1.196225752607720771e+01
5.031151757645042011e+01,1.219581320526891233e+01
5.033152329236924771e+01,1.274659614452504286e+01
5.035152900828808242e+01,1.287071438902396991e+01
5.037153472420691713e+01,1.290548636498248491e+01
5.039154044012575184e+01,1.285758607990283764e+01
5.041154615604458655e+01,1.243608537481483545e+01
5.043155187196342126e+01,1.287053625842657389e+01
5.045155758788225597e+01,1.313664528697347755e+01
5.047156330380109068e+01,1.334222271273526417e+01
5.049156901971992539e+01,1.359652700277216653e+01
5.051157473563875300e+01,1.410091886951512663e+01
5.053158045155758771e+01,1.476722652152175641e+01
5.055158616747642242e+01,1.552237293288990649e+01
5.057159188339525713e+01,1.521419797341064850e+01
5.059159759931409184e+01,1.726297235727798096e+01
5.061160331523292655e+01,1.791568784000597248e+01
5.063160903115176126e+01,1.809473078633255483e+01
5.065161474707059597e+01,1.989089122154057065e+01
5.067162046298943068e+01,2.074350681951721498e+01
5.069162617890825828e+01,2.089799908868757683e+01
5.071163189482709299e+01,2.205671273168677970e+01
5.073163761074592770e+01,2.281063888226035985e+01
5.075164332666476241e+01,2.240963967126701917e+01
5.077164904258359712e+01,2.372166184197880057e+01
5.079165475850243183e+01,2.262427043749931244e+01
5.081166047442126654e+01,2.209698672697028599e+01
5.083166619034010125e+01,2.228778957588421505e+01
5.085167190625893596e+01,2.106830001545350939e+01
5.087167762217777067e+01,1.942966190370898616e+01
5.089168333809659828e+01,1.849369791912047489e+01
5.091168905401543299e+01,1.679429215206780057e+01
5.093169476993426770e+01,1.640071835037675996e+01
5.095170048585310241e+01,1.505497485905516619e+01
5.097170620177193712e+01,1.317626441037642593e+01
5.099171191769077183e+01,1.209736448044415269e+01
5.101171763360960654e+01,1.145758631541822581e+01
5.103172334952844125e+01,1.042977650867014816e+01
5.105172906544727596e+01,8.966644080564140751e+00
5.107173478136610356e+01,8.503756813210678445e+00
5.109174049728493827e+01,8.451742400335071181e+00
5.111174621320377298e+01,8.053040615131589419e+00
5.113175192912260769e+01,7.554418348712083287e+00
5.115175764504144240e+01,7.144640795718467885e+00
5.117176336096027711e+01,6.805310040047469755e+00
5.119176907687911182e+01,7.023209277384081517e+00
5.121177479279794653e+01,7.078215112996918634e+00
5.123178050871678124e+01,7.432736078261525492e+00
5.125178622463561595e+01,6.439580030287183732e+00
5.127179194055444356e+01,7.593355326819931861e+00
5.129179765647327827e+01,6.419644659125662400e+00
5.131180337239211298e+01,6.871743735217895832e+00
5.133180908831094769e+01,7.227758372125436814e+00
5.135181480422978240e+01,7.077077295248320965e+00
5.137182052014861711e+01,6.689553652250323168e+00
5.139182623606745182e+01,6.707404369904512720e+00
5.141183195198628653e+01,7.238575868842463734e+00
5.143183766790512124e+01,7.413294321114166863e+00
5.145184338382394884e+01,7.324789323308462663e+00
5.147184909974278355e+01,6.399800426029655043e+00
5.149185481566161826e+01,6.574632514105357650e+00
5.151186053158045297e+01,6.768051135873191626e+00
5.153186624749928768e+01,7.623741359479502933e+00
5.155187196341812239e+01,7.189097906063096843e+00
5.157187767933695710e+01,6.615935000575079883e+00
5.159188339525579181e+01,6.604339196458692385e+00
5.161188911117462652e+01,6.154033460721975324e+00
5.163189482709345413e+01,6.535737524771930929e+00
5.165190054301228884e+01,5.778472861056106247e+00
5.167190625893112355e+01,5.575468172014137913e+00
5.169191197484995826e+01,6.195405491988731583e+00
5.171191769076879297e+01,5.786491576041321139e+00
5.173192340668762768e+01,5.802157535762596297e+00
5.175192912260646239e+01,6.007730740158740090e+00
5.177193483852529710e+01,6.280642755953173229e+00
5.179194055444413181e+01,5.319620168656093995e+00
5.181194627036296652e+01,5.772843363299859476e+00
5.183195198628179412e+01,6.586654857062153923e+00
5.185195770220062883e+01,6.139750821449407425e+00
5.187196341811946354e+01,5.466950454967551387e+00
5.189196913403829825e+01,6.776099697225582474e+00
5.191197484995713296e+01,5.395861001332459495e+00
5.193198056587596767e+01,6.638235933326284588e+00
5.195198628179480238e+01,5.498819399467388180e+00
5.197199199771363709e+01,6.491936865984318850e+00
5.199199771363247180e+01,5.787906187886276754e+00
5.201200342955129940e+01,5.798585621069367591e+00
5.203200914547013411e+01,5.456949928428829644e+00
5.205201486138896882e+01,5.215069563811105091e+00
5.207202057730780353e+01,5.907544139821569118e+00
5.209202629322663824e+01,5.571572474814599829e+00
5.211203200914547295e+01,6.634005457093163471e+00
5.213203772506430766e+01,5.794061706355348562e+00
5.215204344098314237e+01,6.056054311847796967e+00
5.217204915690197708e+01,6.220469484113204217e+00
5.219205487282081180e+01,6.592714632721355272e+00
5.221206058873963940e+01,5.479892021572819516e+00
5.223206630465847411e+01,5.830215925959665313e+00
5.225207202057730882e+01,6.746068551438879624e+00
5.227207773649614353e+01,5.332726862422585867e+00
5.229208345241497824e+01,6.628653990348084335e+00
5.231208916833381295e+01,6.556736955007686163e+00
5.233209488425264766e+01,5.651115260935823059e+00
5.235210060017148237e+01,6.137020839795338745e+00
5.237210631609031708e+01,5.204774752526306614e+00
5.239211203200914468e+01,5.234579273350673745e+00
5.241211774792797939e+01,6.294098759705668122e+00
5.243212346384681410e+01,6.029212055646942403e+00
5.245212917976564881e+01,5.531858755654949888e+00
5.247213489568448352e+01,5.350529930909321052e+00
5.249214061160331823e+01,5.861637061861461717e+00
5.251214632752215294e+01,5.930744185238744137e+00
5.253215204344098765e+01,5.573660017627775076e+00
5.255215775935982236e+01,6.093420080048021603e+00
5.257216347527864997e+01,5.930191238377395813e+00
5.259216919119748468e+01,6.345052856333154523e+00
5.261217490711631939e+01,6.457779865140208742e+00
5.263218062303515410e+01,5.910497636395897203e+00
5.265218633895398881e+01,5.692714465457596518e+00
5.267219205487282352e+01,6.148425970881207903e+00
5.269219777079165823e+01,5.829200682850130377e+00
5.271220348671049294e+01,6.586897230400370340e+00
5.273220920262932765e+01,6.585165747844772710e+00
5.275221491854816236e+01,6.311840276993878618e+00
5.277222063446698996e+01,6.887869078001147116e+00
5.279222635038582467e+01,5.915308601467813787e+00
5.281223206630465938e+01,6.572813766186952122e+00
5.283223778222349409e+01,5.840047344641618565e+00
5.285224349814232880e+01,6.527091154297584907e+00
5.287224921406116351e+01,6.623021808420138434e+00
5.289225492997999822e+01,7.008555582577437271e+00
5.291226064589883293e+01,6.887583103091252212e+00
5.293226636181766764e+01,7.471120034466061099e+00
5.295227207773649525e+01,6.259896964932327279e+00
5.297227779365532996e+01,6.304446178417952851e+00
5.299228350957416467e+01,6.316368221244580639e+00
5.301228922549299938e+01,6.293116720644460038e+00
5.303229494141183409e+01,6.894755478300458762e+00
5.305230065733066880e+01,6.711142063849012906e+00
5.307230637324950351e+01,6.320073238137269733e+00
5.309231208916833822e+01,6.170364679849948963e+00
5.311231780508717293e+01,6.789997740257694758e+00
5.313232352100600764e+01,6.361563305873590757e+00
5.315232923692483524e+01,6.542894641813867374e+00
5.317233495284366995e+01,6.331206920927662907e+00
5.319234066876250466e+01,5.978269695710967113e+00
5.321234638468133937e+01,6.057749524563094567e+00
5.323235210060017408e+01,6.551724209797676224e+00
5.325235781651900879e+01,5.745027947281288405e+00
5.327236353243784350e+01,6.140557977346251306e+00
5.329236924835667821e+01,6.356626001191967745e+00
5.331237496427551292e+01,5.739812986941811523e+00
5.333238068019434053e+01,6.022435775170634997e+00
5.335238639611317524e+01,6.404880087266555222e+00
5.337239211203200995e+01,6.502852958037250275e+00
5.339239782795084466e+01,5.791584735700548769e+00
5.341240354386967937e+01,6.583449386798023717e+00
5.343240925978851408e+01,6.628089499598928569e+00
5.345241497570734879e+01,6.491181685232975340e+00
5.347242069162618350e+01,6.979799642901243217e+00
5.349242640754501821e+01,5.923266156699588336e+00
5.351243212346384581e+01,5.887589535787826733e+00
5.353243783938268052e+01,5.776331466030497630e+00
5.355244355530151523e+01,6.190453905939929946e+00
5.357244927122034994e+01,7.540041612147780903e+00
5.359245498713918465e+01,7.198453090639542751e+00
5.361246070305801936e+01,7.171127575497131090e+00
5.363246641897685407e+01,6.705636509937389356e+00
5.365247213489568878e+01,7.381537404515378320e+00
5.367247785081452349e+01,7.810946691017258914e+00
5.369248356673335820e+01,7.883280016693253955e+00
5.371248928265218581e+01,7.251304399568370584e+00
5.373249499857102052e+01,7.562700229259625928e+00
5.375250071448985523e+01,8.305423792289611029e+00
5.377250643040868994e+01,7.590422713138570643e+00
5.379251214632752465e+01,7.569973005564781587e+00
5.381251786224635936e+01,8.115564589906929527e+00
5.383252357816519407e+01,7.314011754515334474e+00
5.385252929408402878e+01,7.795686419711650217e+00
5.387253501000286349e+01,7.815447456964705886e+00
5.389254072592169109e+01,7.440393236426785073e+00
5.391254644184052580e+01,8.167858842890513671e+00
5.393255215775936051e+01,7.627342751534727405e+00
5.395255787367819522e+01,7.301741264090439998e+00
5.397256358959702993e+01,7.465880808623706955e+00
5.399256930551586464e+01,8.249226075421752569e+00
5.401257502143469935e+01,8.863451278543852396e+00
5.403258073735353406e+01,8.538562833100522553e+00
5.405258645327236877e+01,9.076792429032549236e+00
5.407259216919120348e+01,9.417207233674853128e+00
5.409259788511003109e+01,1.092269866617379570e+01
5.411260360102886580e+01,1.075564214569005017e+01
5.413260931694770051e+01,1.109884575909539706e+01
5.415261503286653522e+01,1.184814019614655578e+01
5.417262074878536993e+01,1.188486670375532839e+01
5.419262646470420464e+01,1.244095151821215239e+01
5.421263218062303935e+01,1.374485755659939201e+01
5.423263789654187406e+01,1.379180591356185026e+01
5.425264361246070877e+01,1.445313270503014635e+01
5.427264932837953637e+01,1.443726876350750565e+01
5.429265504429837108e+01,1.436493568398750931e+01
5.431266076021720579e+01,1.570845442032463524e+01
5.433266647613604050e+01,1.518854344136571655e+01
5.435267219205487521e+01,1.557622959579518707e+01
5.437267790797370992e+01,1.525774967830410489e+01
5.439268362389254463e+01,1.564066959191125683e+01
5.441268933981137934e+01,1.487970611736355409e+01
5.443269505573021405e+01,1.532022373928852055e+01
5.445270077164904166e+01,1.478106819636850489e+01
5.447270648756787637e+01,1.392450487245890756e+01
5.449271220348671108e+01,1.376389899837923991e+01
5.451271791940554579e+01,1.382683494122735723e+01
5.453272363532438050e+01,1.204792397873157306e+01
5.455272935124321521e+01,1.211271120045247862e+01
5.457273506716204992e+01,1.170050723096574075e+01
5.459274078308088463e+01,1.099074531980961744e+01
5.461274649899971934e+01,1.091304887563688020e+01
5.463275221491855405e+01,9.159936782412504641e+00
5.465275793083738165e+01,8.882679693990908731e+00
5.467276364675621636e+01,8.960975273429271581e+00
5.469276936267505107e+01,8.258952015295530913e+00
5.471277507859388578e+01,7.500469658944871831e+00
5.473278079451272049e+01,7.823364843622174547e+00
5.475278651043155520e+01,6.795452370917921314e+00
5.477279222635038991e+01,6.497803242525304057e+00
5.479279794226922462e+01,6.180655032264864346e+00
5.481280365818805933e+01,6.389569209023940211e+00
5.483280937410688693e+01,7.253658105352734253e+00
5.485281509002572164e+01,7.181221976312849087e+00
5.487282080594455635e+01,6.591275517246169002e+00
5.489282652186339106e+01,6.212480744161631208e+00
5.491283223778222577e+01,6.368306578610195778e+00
5.493283795370106048e+01,5.822082997794696624e+00
5.495284366961989519e+01,7.188166929209336864e+00
5.497284938553872990e+01,6.402168139055848251e+00
5.499285510145756461e+01,7.477312017328941351e+00
5.501286081737639222e+01,7.090822942442724042e+00
5.503286653329522693e+01,6.934935879905161471e+00
5.505287224921406164e+01,7.465572137870363001e+00
5.507287796513289635e+01,6.565772831178332325e+00
5.509288368105173106e+01,6.704098262997811197e+00
5.511288939697056577e+01,7.770488392835149583e+00
5.513289511288940048e+01,7.829644723995350830e+00
5.515290082880823519e+01,8.436448479195568950e+00
5.517290654472706990e+01,8.582973751664599860e+00
5.519291226064590461e+01,8.109685718195567716e+00
5.521291797656473221e+01,9.344283911946632770e+00
5.523292369248356692e+01,1.005111129912601520e+01
5.525292940840240163e+01,9.865360332505076713e+00
5.527293512432123634e+01,1.075681426477418512e+01
5.529294084024007105e+01,1.157237019017462387e+01
5.531294655615890576e+01,1.149746861469197157e+01
5.533295227207774047e+01,1.212413422906663030e+01
5.535295798799657518e+01,1.196759220326808659e+01
5.537296370391540989e+01,1.159499004243246745e+01
5.539296941983423750e+01,1.188952888242573280e+01
5.541297513575307221e+01,1.266221553635973152e+01
5.543298085167190692e+01,1.295669966849799160e+01
5.545298656759074163e+01,1.289309326926649391e+01
5.547299228350957634e+01,1.220482852637529270e+01
5.549299799942841105e+01,1.223026065386638805e+01
5.551300371534724576e+01,1.274849095114103292e+01
5.553300943126608047e+01,1.179592419305885720e+01
5.555301514718491518e+01,1.252333982019154490e+01
5.557302086310374989e+01,1.206237219089492640e+01
5.559302657902257749e+01,1.222375548185766192e+01
5.561303229494141220e+01,1.138333819521680113e+01
5.563303801086024691e+01,1.209766766402582583e+01
5.565304372677908162e+01,1.174160700081690578e+01
5.567304944269791633e+01,1.160318132296008997e+01
5.569305515861675104e+01,1.115403845069859834e+01
5.571306087453558575e+01,1.168489597846612682e+01
5.573306659045442046e+01,1.108309731515837271e+01
5.575307230637325517e+01,1.127544527181759193e+01
5.577307802229208278e+01,1.201286996778377514e+01
5.579308373821091749e+01,1.168953289144563712e+01
5.581308945412975220e+01,1.095254756106307781e+01
5.583309517004858691e+01,1.155456969245631527e+01
5.585310088596742162e+01,1.134607979652017207e+01
5.587310660188625633e+01,1.105845963073317861e+01
5.589311231780509104e+01,1.199266102597986361e+01
5.591311803372392575e+01,1.108463149151876692e+01
5.593312374964276046e+01,1.224411184721550150e+01
5.595312946556158806e+01,1.101748481742085772e+01
5.597313518148042277e+01,1.237136985499351383e+01
5.599314089739925748e+01,1.222426790814922093e+01
5.601314661331809219e+01,1.259356349858317081e+01
5.603315232923692690e+01,1.227118717152366401e+01
5.605315804515576161e+01,1.283967046094002029e+01
5.607316376107459632e+01,1.265032177290885329e+01
5.609316947699343103e+01,1.430090878434515922e+01
5.611317519291226574e+01,1.338442736162915025e+01
5.613318090883110045e+01,1.362336624118503892e+01
5.615318662474992806e+01,1.431488339972907120e+01
5.617319234066876277e+01,1.360590352873417963e+01
5.619319805658759748e+01,1.399910985157030474e+01
5.621320377250643219e+01,1.281674272804288783e+01
5.623320948842526690e+01,1.373542015896856938e+01
5.625321520434410161e+01,1.277604704442139294e+01
5.627322092026293632e+01,1.227127492884561910e+01
5.629322663618177103e+01,1.256812274300609644e+01
5.631323235210060574e+01,1.147415876502848597e+01
5.633323806801943334e+01,1.137236572582847849e+01
5.635324378393826805e+01,1.033646048853165667e+01
5.637324949985710276e+01,1.065566557558488370e+01
5.639325521577593747e+01,9.328821076003837476e+00
5.641326093169477218e+01,9.642092698171417453e+00
5.643326664761360689e+01,9.386479165848037098e+00
5.645327236353244160e+01,8.966335268890517796e+00
5.647327807945127631e+01,8.199979479454210463e+00
5.649328379537011102e+01,8.726003264374512014e+00
5.651328951128894573e+01,8.167267182365677058e+00
5.653329522720777334e+01,8.109081537335606882e+00
5.655330094312660805e+01,7.309142351047498209e+00
5.657330665904544276e+01,8.379132997876261868e+00
5.659331237496427747e+01,7.661665510927216260e+00
5.661331809088311218e+01,8.279190001456822046e+00
5.663332380680194689e+01,8.394352977648257053e+00
5.665332952272078160e+01,7.667528140940719439e+00
5.667333523863961631e+01,8.343724450668927872e+00
5.669334095455845102e+01,8.116872298868624824e+00
5.671334667047727862e+01,9.211272465250917918e+00
5.673335238639611333e+01,8.018838476550687488e+00
5.675335810231494804e+01,8.737614654265028591e+00
5.677336381823378275e+01,9.008727960964469261e+00
5.679336953415261746e+01,9.716793032200090607e+00
5.681337525007145217e+01,9.404495080099591675e+00
5.683338096599028688e+01,9.409416478608719103e+00
5.685338668190912159e+01,9.272387058606730292e+00
5.687339239782795630e+01,9.820418375145973044e+00
5.689339811374678391e+01,1.026722281698417127e+01
5.691340382966561862e+01,1.076923906911297379e+01
5.693340954558445333e+01,1.027078622220180826e+01
5.695341526150328804e+01,1.020304974573096679e+01
5.697342097742212275e+01,1.031724182982221016e+01
5.699342669334095746e+01,9.452670528412919992e+00
5.701343240925979217e+01,1.014934245689773107e+01
5.703343812517862688e+01,1.075533494451186733e+01
5.705344384109746159e+01,9.745306013070575091e+00
5.707344955701629630e+01,1.040387972095062707e+01
5.709345527293512390e+01,1.030753530895914771e+01
5.711346098885395861e+01,1.025939058175633001e+01
5.713346670477279332e+01,1.041413238442320477e+01
5.715347242069162803e+01,1.053386242110471116e+01
5.717347813661046274e+01,1.127674383271159009e+01
5.719348385252929745e+01,1.070613193179746148e+01
5.721348956844813216e+01,1.045619854502222879e+01
5.723349528436696687e+01,1.033386233345243355e+01
5.725350100028580158e+01,1.056975539654717799e+01
5.727350671620462919e+01,1.039726321681304455e+01
5.729351243212346390e+01,1.036841706073758651e+01
5.731351814804229861e+01,1.013561814999189892e+01
5.733352386396113332e+01,9.365300832872616610e+00
5.735352957987996803e+01,9.723970891828544794e+00
5.737353529579880274e+01,1.009199627043136260e+01
5.739354101171763745e+01,9.398519011003770629e+00
5.741354672763647216e+01,8.781935179234000799e+00
5.743355244355530687e+01,8.787635708041317883e+00
5.745355815947414158e+01,7.994637103520818577e+00
5.747356387539296918e+01,8.246864954882592968e+00
5.749356959131180389e+01,7.559818654362296719e+00
5.751357530723063860e+01,8.168707567784698753e+00
5.753358102314947331e+01,6.694821867848418151e+00
5.755358673906830802e+01,6.447718170137092919e+00
5.757359245498714273e+01,6.621521072514802597e+00
5.759359817090597744e+01,6.431115511583419320e+00
5.761360388682481215e+01,6.554028879158730447e+00
5.763360960274364686e+01,7.365146599086861201e+00
5.765361531866247446e+01,6.974789978092944764e+00
5.767362103458130917e+01,6.678501841467729960e+00
5.769362675050014388e+01,6.359119995292330074e+00
5.771363246641897859e+01,6.501881302294815868e+00
5.773363818233781330e+01,6.599540229942803649e+00
5.775364389825664801e+01,5.886270242022123789e+00
5.777364961417548272e+01,6.705041557039074007e+00
5.779365533009431743e+01,6.148807523880726045e+00
5.781366104601315214e+01,6.470645253239078798e+00
5.783366676193197975e+01,7.444303614817696868e+00
5.785367247785081446e+01,6.884250909789271233e+00
5.787367819376964917e+01,7.268051444665977634e+00
5.789368390968848388e+01,7.224134953676965232e+00
5.791368962560731859e+01,7.572774963335841214e+00
5.793369534152615330e+01,7.946345420284798067e+00
5.795370105744498801e+01,7.777592762534153437e+00
5.797370677336382272e+01,8.268042434706902810e+00
5.799371248928265743e+01,7.711180783194818922e+00
5.801371820520149214e+01,8.287868074116373052e+00
5.803372392112031974e+01,8.440111595285891610e+00
5.805372963703915445e+01,8.581145613446645726e+00
5.807373535295798916e+01,8.472718826716501894e+00
5.809374106887682387e+01,8.358258465574669671e+00
5.811374678479565858e+01,9.818090152054447017e+00
5.813375250071449329e+01,9.833166126756562875e+00
5.815375821663332800e+01,9.513040520087578500e+00
5.817376393255216271e+01,1.010909630816793481e+01
5.819376964847099742e+01,9.342691379133167828e+00
5.821377536438982503e+01,1.018137124935855553e+01
5.823378108030865974e+01,1.009231125189946709e+01
5.825378679622749445e+01,9.907260243486801343e+00
5.827379251214632916e+01,1.043658906119609142e+01
5.829379822806516387e+01,1.015615546870678365e+01
5.831380394398399858e+01,9.385280637091149458e+00
5.833380965990283329e+01,9.599053060383546665e+00
5.835381537582166800e+01,9.612064432234181055e+00
5.837382109174050271e+01,9.415968955392095552e+00
5.839382680765933742e+01,8.533142856174848134e+00
5.841383252357816502e+01,8.379802430047703865e+00
5.843383823949699973e+01,8.528592821175779548e+00
5.845384395541583444e+01,8.795066001703176539e+00
5.847384967133466915e+01,8.305142187394476849e+00
5.849385538725350386e+01,8.393537329015918758e+00
5.851386110317233857e+01,7.719941997990735771e+00
5.853386681909117328e+01,7.401257182650749833e+00
5.855387253501000799e+01,7.061559678852825428e+00
5.857387825092884270e+01,7.399388531490226129e+00
5.859388396684767031e+01,7.196743681462553610e+00
5.861388968276650502e+01,7.031558441254045277e+00
5.863389539868533973e+01,7.528301403789203761e+00
5.865390111460417444e+01,6.104467217356137176e+00
5.867390683052300915e+01,7.082462987989224246e+00
5.869391254644184386e+01,6.296892248323283425e+00
5.871391826236067857e+01,6.503090119770902788e+00
5.873392397827951328e+01,5.658596366887421070e+00
5.875392969419834799e+01,5.660158981667084532e+00
5.877393541011717559e+01,5.702892599037178378e+00
5.879394112603601030e+01,6.075320115663878084e+00
5.881394684195484501e+01,5.777949648890880141e+00
5.883395255787367972e+01,5.671022582060324169e+00
5.885395827379251443e+01,6.363082444892897982e+00
5.887396398971134914e+01,6.378287659177184210e+00
5.889396970563018385e+01,5.787903474918570268e+00
5.891397542154901856e+01,5.902122430145657184e+00
5.893398113746785327e+01,5.918877264104414948e+00
5.895398685338668798e+01,6.001825563138011077e+00
5.897399256930551559e+01,5.366648562597982064e+00
5.899399828522435030e+01,6.274933773091731837e+00
5.901400400114318501e+01,5.862133284070795369e+00
5.903400971706201972e+01,6.194536742153282205e+00
5.905401543298085443e+01,5.847370788680982479e+00
5.907402114889968914e+01,6.292187471013447997e+00
5.909402686481852385e+01,6.926507188602515797e+00
5.911403258073735856e+01,6.010651427860715046e+00
5.913403829665619327e+01,5.987418360655338390e+00
5.915404401257502087e+01,6.897650398928323767e+00
5.917404972849385558e+01,6.840690828266405177e+00
5.919405544441269029e+01,6.755413552273186184e+00
5.921406116033152500e+01,7.536824329983399906e+00
5.923406687625035971e+01,8.025397183219322272e+00
5.925407259216919442e+01,7.969531598700964281e+00
5.927407830808802913e+01,8.181897120948944391e+00
5.929408402400686384e+01,9.193744142552018772e+00
5.931408973992569855e+01,8.380048500254561716e+00
5.933409545584453326e+01,8.683122821272002412e+00
5.935410117176336087e+01,8.720767442389284696e+00
5.937410688768219558e+01,9.797644839676642903e+00
5.939411260360103029e+01,1.001670401676477695e+01
5.941411831951986500e+01,1.041496829728759366e+01
5.943412403543869971e+01,1.021265528010828127e+01
5.945412975135753442e+01,9.835435761077571115e+00
5.947413546727636913e+01,9.591627819542910771e+00
5.949414118319520384e+01,1.036847215985498138e+01
5.951414689911403855e+01,1.042869203814901091e+01
5.953415261503286615e+01,1.011915938024817052e+01
5.955415833095170086e+01,9.220970381839471486e+00
5.957416404687053557e+01,9.643896438415746175e+00
5.959416976278937028e+01,9.732724986441342097e+00
5.961417547870820499e+01,9.757938324445243339e+00
5.963418119462703970e+01,8.454379709740974747e+00
5.965418691054587441e+01,8.422815767085468863e+00
5.967419262646470912e+01,8.300753744476756069e+00
5.969419834238354383e+01,7.870844287321462573e+00
5.971420405830237144e+01,7.626399060529012175e+00
5.973420977422120615e+01,7.979839979075352474e+00
5.975421549014004086e+01,7.874611843042904624e+00
5.977422120605887557e+01,7.059415370618573604e+00
5.979422692197771028e+01,7.818386235448314459e+00
5.981423263789654499e+01,7.947198891099185758e+00
5.983423835381537970e+01,7.570682252470986029e+00
5.985424406973421441e+01,7.661433788596385241e+00
5.987424978565304912e+01,7.972709879145297052e+00
5.989425550157188383e+01,7.771389084493957711e+00
5.991426121749071143e+01,8.000986463928848380e+00
5.993426693340954614e+01,7.280953818574644743e+00
5.995427264932838085e+01,7.614035086584548750e+00
5.997427836524721556e+01,7.205049854482192373e+00
5.999428408116605027e+01,7.368928846322709170e+00
6.001428979708488498e+01,7.369947372967958543e+00
6.003429551300371969e+01,7.762336763787054394e+00
6.005430122892255440e+01,7.172545019151028711e+00
6.007430694484138911e+01,6.044793405893694072e+00
6.009431266076021672e+01,6.002972824551630282e+00
6.011431837667905143e+01,7.294327772892916784e+00
6.013432409259788614e+01,7.142083330764910087e+00
6.015432980851672085e+01,6.292439830022357405e+00
6.017433552443555556e+01,6.882658471722923110e+00
6.019434124035439027e+01,6.666857895439273207e+00
6.021434695627322498e+01,7.145348105665711103e+00
6.023435267219205969e+01,7.146536708784696934e+00
6.025435838811089440e+01,6.074859149971918448e+00
6.027436410402972911e+01,6.665355478149120216e+00
6.029436981994855671e+01,6.763672658300361462e+00
6.031437553586739142e+01,6.541150349743405812e+00
6.033438125178622613e+01,6.631540678094575370e+00
6.035438696770506084e+01,7.450695332997781861e+00
6.037439268362389555e+01,7.815215412184286059e+00
6.039439839954273026e+01,8.023900554577975797e+00
6.041440411546156497e+01,7.114747295111790493e+00
6.043440983138039968e+01,8.110298858204068040e+00
6.045441554729923439e+01,8.452005646146901086e+00
6.047442126321806199e+01,7.856823158911791616e+00
6.049442697913689670e+01,8.539718510136763641e+00
6.051443269505573141e+01,7.989244339404566908e+00
6.053443841097456612e+01,8.785644670023339486e+00
6.055444412689340083e+01,8.907229864221681837e+00
6.057444984281223554e+01,8.213409224487680405e+00
6.059445555873107025e+01,8.109016342879192152e+00
6.061446127464990496e+01,9.045084027848689701e+00
6.063446699056873967e+01,8.037077016755832304e+00
6.065447270648756728e+01,8.581605709988842534e+00
6.067447842240640199e+01,8.554347018943577297e+00
6.069448413832523670e+01,8.330821404265511987e+00
6.071448985424407141e+01,8.071118343350500268e+00
6.073449557016290612e+01,8.098622011938221732e+00
6.075450128608174083e+01,7.967041268594919678e+00
6.077450700200057554e+01,7.990742677966826690e+00
6.079451271791941025e+01,7.610583142690847680e+00
6.081451843383824496e+01,8.019553277178903983e+00
6.083452414975707967e+01,8.269568471026369494e+00
6.085452986567590727e+01,7.498130570140899565e+00
6.087453558159474198e+01,7.561062144034872645e+00
6.089454129751357669e+01,7.956178230910216698e+00
6.091454701343241140e+01,7.880104450764271462e+00
6.093455272935124611e+01,8.772614390651046534e+00
6.095455844527008082e+01,8.327650663343154847e+00
6.097456416118891553e+01,8.768871829124227801e+00
6.099456987710775024e+01,9.283569790375647557e+00
6.101457559302658495e+01,1.068172816344730691e+01
6.103458130894541256e+01,1.141701117366299734e+01
6.105458702486424727e+01,1.180285895921807438e+01
6.107459274078308198e+01,1.352178449369160873e+01
6.109459845670191669e+01,1.460196420260322547e+01
6.111460417262075140e+01,1.646917975611506790e+01
6.113460988853958611e+01,1.803604076116454991e+01
6.115461560445842082e+01,1.986760961145652971e+01
6.117462132037725553e+01,2.133248366689346653e+01
6.119462703629609024e+01,2.223037001560413373e+01
6.121463275221492495e+01,2.404936679064246263e+01
6.123463846813375255e+01,2.520201907132134878e+01
6.125464418405258726e+01,2.676122959962412295e+01
6.127464989997142197e+01,2.735584193099880324e+01
6.129465561589025668e+01,2.767978245368113477e+01
6.131466133180909139e+01,2.781274614050618510e+01
6.133466704772792610e+01,2.733701657626561143e+01
6.135467276364676081e+01,2.555979689047248371e+01
6.137467847956559552e+01,2.469956043978391591e+01
6.139468419548443023e+01,2.358280930703247691e+01
6.141468991140325784e+01,2.152346227420056834e+01
6.143469562732209255e+01,2.104643069854093440e+01
6.145470134324092726e+01,1.780299628696700864e+01
6.147470705915976197e+01,1.647697068330625569e+01
6.149471277507859668e+01,1.542339759323190762e+01
6.151471849099743139e+01,1.329092764711658603e+01
6.153472420691626610e+01,1.288861362253528142e+01
6.155472992283510081e+01,1.147149751276932861e+01
6.157473563875393552e+01,1.077613466831694211e+01
6.159474135467276312e+01,1.036796966743281523e+01
6.161474707059159783e+01,8.064297454607368465e+00
6.163475278651043254e+01,8.483774121879399388e+00
6.165475850242926725e+01,8.414160814756607820e+00
6.167476421834810196e+01,7.659174628222544357e+00
6.169476993426693667e+01,7.520088208511810812e+00
6.171477565018577138e+01,6.884485746521233906e+00
6.173478136610460609e+01,7.205460908838701606e+00
6.175478708202344080e+01,7.389051711374939657e+00
6.177479279794227551e+01,6.036927300765853488e+00
6.179479851386110312e+01,6.895359906311108844e+00
6.181480422977993783e+01,7.451371001269018635e+00
6.183480994569877254e+01,6.698689395881286757e+00
6.185481566161760725e+01,7.451257738771428940e+00
6.187482137753644196e+01,6.074533044163760387e+00
6.189482709345527667e+01,6.392445915293106573e+00
6.191483280937411138e+01,6.520904448436727563e+00
6.193483852529294609e+01,6.681200619039373123e+00
6.195484424121178080e+01,6.352800536188218494e+00
6.197484995713060840e+01,6.736137338041110922e+00
6.199485567304944311e+01,6.140903155589022333e+00
6.201486138896827782e+01,7.251161892431206013e+00
6.203486710488711253e+01,7.124125580841195848e+00
6.205487282080594724e+01,6.706813892316922932e+00
6.207487853672478195e+01,6.554330688447240760e+00
6.209488425264361666e+01,7.092842926309358198e+00
6.211488996856245137e+01,6.828995623564050099e+00
6.213489568448128608e+01,7.864172236380399639e+00
6.215490140040011369e+01,7.352880184195491609e+00
6.217490711631894840e+01,7.460854254672090846e+00
6.219491283223778311e+01,7.589005411538069623e+00
6.221491854815661782e+01,8.439389125736296293e+00
6.223492426407545253e+01,8.568107848741213672e+00
6.225492997999428724e+01,9.506491846863115214e+00
6.227493569591312195e+01,9.367094437851939404e+00
6.229494141183195666e+01,9.652239241959559735e+00
6.231494712775079137e+01,9.709369694514215610e+00
6.233495284366962608e+01,1.050332115816456735e+01
6.235495855958845368e+01,1.098115024223113778e+01
6.237496427550728839e+01,1.168334729670703176e+01
6.239496999142612310e+01,1.201899808538132852e+01
6.241497570734495781e+01,1.230598612465085751e+01
6.243498142326379252e+01,1.193999365176641270e+01
6.245498713918262723e+01,1.268655658118504448e+01
6.247499285510146194e+01,1.316706260399293527e+01
6.249499857102029665e+01,1.313392600028465829e+01
6.251500428693913136e+01,1.290612008400491995e+01
6.253501000285795897e+01,1.258902653605603916e+01
6.255501571877679368e+01,1.340712972242598333e+01
6.257502143469562839e+01,1.377953227657009450e+01
6.259502715061446310e+01,1.464056647299662295e+01
6.261503286653329781e+01,1.487155386502158549e+01
6.263503858245213252e+01,1.516363578970662118e+01
6.265504429837096723e+01,1.688318162686452695e+01
6.267505001428980194e+01,1.793595215394230991e+01
6.269505573020863665e+01,1.851565020549987040e+01
6.271506144612747136e+01,2.049172996243271427e+01
6.273506716204629896e+01,2.089804502874184067e+01
6.275507287796513367e+01,2.278846490609733522e+01
6.277507859388396838e+01,2.338560091586090905e+01
6.279508430980280309e+01,2.453121553284893253e+01
6.281509002572163780e+01,2.526339242769386217e+01
6.283509574164047251e+01,2.569220100879487489e+01
6.285510145755930722e+01,2.531071201120976610e+01
6.287510717347814193e+01,2.474479817546006899e+01
6.289511288939697664e+01,2.419249816199452852e+01
6.291511860531580425e+01,2.262731039323925941e+01
6.293512432123463896e+01,2.204509145959754335e+01
6.295513003715347367e+01,2.064708737075548584e+01
6.297513575307230838e+01,1.848855694186693199e+01
6.299514146899114309e+01,1.770996437046130367e+01
6.301514718490997780e+01,1.521267752505376691e+01
6.303515290082881251e+01,1.476800648605966160e+01
6.305515861674764722e+01,1.209378021270344661e+01
6.307516433266648193e+01,1.150093671988539334e+01
6.309517004858530953e+01,1.105252510624463191e+01
6.311517576450414424e+01,9.294453258923160988e+00
6.313518148042297895e+01,9.526576229312372135e+00
6.315518719634181366e+01,8.466859928219934162e+00
6.317519291226064837e+01,8.443094356585175930e+00
6.319519862817948308e+01,8.600154233230849599e+00
6.321520434409831779e+01,7.998686461410102311e+00
6.323521006001715250e+01,7.955310439424346569e+00
6.325521577593598721e+01,6.930879909580406562e+00
6.327522149185482192e+01,7.784629091745282281e+00
6.329522720777364952e+01,8.001564671729441969e+00
6.331523292369248423e+01,7.263889854856146577e+00
6.333523863961131894e+01,7.356860948933839239e+00
6.335524435553015365e+01,8.070237271458831074e+00
6.337525007144898836e+01,6.993061620717428539e+00
6.339525578736782307e+01,7.405481744494203156e+00
6.341526150328665778e+01,7.705282393341079228e+00
6.343526721920549249e+01,7.441665194838485320e+00
6.345527293512432720e+01,8.571565970879007068e+00
6.347527865104315481e+01,8.309581658850451191e+00
6.349528436696198952e+01,8.616809573870625627e+00
6.351529008288082423e+01,9.256685939299320154e+00
6.353529579879965894e+01,8.436181584008185297e+00
6.355530151471849365e+01,9.261430624804006584e+00
6.357530723063732836e+01,9.878268355495723796e+00
6.359531294655616307e+01,1.039189093160814359e+01
6.361531866247499778e+01,1.073627422995149949e+01
6.363532437839383249e+01,1.034011351572839921e+01
6.365533009431266720e+01,1.120454667496160894e+01
6.367533581023149480e+01,1.231347137340523545e+01
6.369534152615032951e+01,1.277469896917030567e+01
6.371534724206916422e+01,1.245712288850960192e+01
6.373535295798799893e+01,1.259817202986872431e+01
6.375535867390683364e+01,1.324960067826936516e+01
6.377536438982566835e+01,1.327161328293532705e+01
6.379537010574450306e+01,1.394213637484679325e+01
6.381537582166333777e+01,1.334734832930270088e+01
6.383538153758217248e+01,1.420802248862537986e+01
6.385538725350100009e+01,1.370701450604994776e+01
6.387539296941983480e+01,1.370968547377165159e+01
6.389539868533866951e+01,1.399371027629036845e+01
6.391540440125750422e+01,1.405554104197153187e+01
6.393541011717633893e+01,1.322123150515623990e+01
6.395541583309517364e+01,1.389374535967789903e+01
6.397542154901400835e+01,1.323732856166743588e+01
6.399542726493284306e+01,1.343294132861955958e+01
6.401543298085167066e+01,1.305633091137086943e+01
6.403543869677051248e+01,1.429527959733993292e+01
6.405544441268934008e+01,1.435364997441876511e+01
6.407545012860816769e+01,1.402427682943427278e+01
6.409545584452700950e+01,1.463253287433376926e+01
6.411546156044585132e+01,1.468754990487097345e+01
6.413546727636467892e+01,1.415812020333898857e+01
6.415547299228350653e+01,1.442024825383303721e+01
6.417547870820234834e+01,1.471068132896287928e+01
6.419548442412119016e+01,1.483644063326989304e+01
6.421549014004001776e+01,1.438619672947653427e+01
6.423549585595884537e+01,1.489633945926798297e+01
6.425550157187768718e+01,1.541077484659908237e+01
6.427550728779651479e+01,1.516870783209964202e+01
6.429551300371534239e+01,1.480023926918500266e+01
6.431551871963418421e+01,1.390906835875370007e+01
6.433552443555302602e+01,1.491149796523679427e+01
6.435553015147185363e+01,1.467441754629776618e+01
6.437553586739068123e+01,1.350279671585185426e+01
6.439554158330952305e+01,1.334166345856955260e+01
6.441554729922835065e+01,1.336403162853084758e+01
6.443555301514717826e+01,1.229467625075793435e+01
6.445555873106602007e+01,1.296038416739211030e+01
6.447556444698486189e+01,1.244709431272014122e+01
6.449557016290368949e+01,1.209777630835671935e+01
6.451557587882251710e+01,1.308879549171813750e+01
6.453558159474135891e+01,1.229201125365653624e+01
6.455558731066020073e+01,1.233520562041582380e+01
6.457559302657902833e+01,1.347543226476448908e+01
6.459559874249785594e+01,1.371825113871941149e+01
6.461560445841669775e+01,1.400415493701251712e+01
6.463561017433552536e+01,1.390052214059323887e+01
6.465561589025435296e+01,1.463745211143216274e+01
6.467562160617319478e+01,1.486405844438666435e+01
6.469562732209203659e+01,1.421302811036109404e+01
6.471563303801086420e+01,1.538715800791011823e+01
6.473563875392969180e+01,1.451773343919443526e+01
6.475564446984853362e+01,1.480711021592415300e+01
6.477565018576737543e+01,1.480454039874510563e+01
6.479565590168618883e+01,1.483288994270351502e+01
6.481566161760503064e+01,1.420431420845395287e+01
6.483566733352387246e+01,1.323200537147890188e+01
6.485567304944270006e+01,1.352756746353971806e+01
6.487567876536152767e+01,1.269384967977295098e+01
6.489568448128036948e+01,1.220271696407414375e+01
6.491569019719921130e+01,1.163996369960326582e+01
6.493569591311803890e+01,1.080057593691652151e+01
6.495570162903686651e+01,1.052434874931477715e+01
6.497570734495570832e+01,1.001201223438382470e+01
6.499571306087453593e+01,9.930656854978670012e+00
6.501571877679336353e+01,8.977473435927073808e+00
6.503572449271220535e+01,8.725051749832296366e+00
6.505573020863104716e+01,8.840960783313050797e+00
6.507573592454987477e+01,7.694015979255086179e+00
6.509574164046870237e+01,8.503815829929539660e+00
6.511574735638754419e+01,8.269843561469809146e+00
6.513575307230638600e+01,7.425587596046296923e+00
6.515575878822521361e+01,6.691403444535917622e+00
6.517576450414404121e+01,7.208195917436620803e+00
6.519577022006288303e+01,7.009220660645607559e+00
6.521577593598171063e+01,6.459681793916242754e+00
6.523578165190053824e+01,5.993263351628780100e+00
6.525578736781938005e+01,5.819936948104129648e+00
6.527579308373822187e+01,6.189960266990896187e+00
6.529579879965704947e+01,6.891277295908725620e+00
6.531580451557587708e+01,6.282014260096361546e+00
6.533581023149471889e+01,5.605365166226130569e+00
6.535581594741354650e+01,6.694524624636377652e+00
6.537582166333237410e+01,5.787425005870597161e+00
6.539582737925121592e+01,5.374451968159183579e+00
6.541583309517005773e+01,6.310179296986078157e+00
6.543583881108888534e+01,6.278073566137023498e+00
6.545584452700771294e+01,5.539208194578240096e+00
6.547585024292655476e+01,6.022832699314672134e+00
6.549585595884539657e+01,7.063852545690711082e+00
6.551586167476422418e+01,6.414370571423328116e+00
6.553586739068305178e+01,6.925775173108817739e+00
6.555587310660189360e+01,5.863000958982865995e+00
6.557587882252072120e+01,5.748294579050183373e+00
6.559588453843954881e+01,5.767656256656421121e+00
6.561589025435839062e+01,6.828129486425295269e+00
6.563589597027723244e+01,6.481896243094764642e+00
6.565590168619606004e+01,6.463621227402231995e+00
6.567590740211488765e+01,6.426588351351485429e+00
6.569591311803372946e+01,5.737206367686432884e+00
6.571591883395257128e+01,5.654988148891879618e+00
6.573592454987138467e+01,5.253713934059616619e+00
6.575593026579022649e+01,5.707808157327758813e+00
6.577593598170906830e+01,5.982669262093398999e+00
6.579594169762789591e+01,6.395846627948159835e+00
6.581594741354672351e+01,6.707719773075263348e+00
6.583595312946556533e+01,5.956987139228581363e+00
6.585595884538440714e+01,6.252074213988063178e+00
6.587596456130323475e+01,6.538776124267247525e+00
6.589597027722206235e+01,6.519342570765418898e+00
6.591597599314090417e+01,6.525120045803058488e+00
6.593598170905973177e+01,6.319828010040506427e+00
6.595598742497855937e+01,6.593435475937334367e+00
6.597599314089740119e+01,5.490287414874950755e+00
6.599599885681624301e+01,6.399772229848055716e+00
6.601600457273507061e+01,5.869831150674187370e+00
6.603601028865389821e+01,6.146161092536287285e+00
6.605601600457274003e+01,6.117556618492526965e+00
6.607602172049158185e+01,6.555405285254556347e+00
6.609602743641040945e+01,6.959075896237233216e+00
6.611603315232923705e+01,7.043027069081570168e+00
6.613603886824807887e+01,6.917544038608198775e+00
6.615604458416690647e+01,7.178595369384911606e+00
6.617605030008573408e+01,6.856335107362924397e+00
6.619605601600457589e+01,6.385340377068180473e+00
6.621606173192341771e+01,7.512448777380529741e+00
6.623606744784224531e+01,7.209834465138710513e+00
6.625607316376107292e+01,7.404477644194861874e+00
6.627607887967991473e+01,7.503476017614621796e+00
6.629608459559874234e+01,7.760007032433509977e+00
6.631609031151756994e+01,6.855207324588382889e+00
6.633609602743641176e+01,7.486449463704030194e+00
6.635610174335525357e+01,8.016499976484787737e+00
6.637610745927408118e+01,7.703691471609916519e+00
6.639611317519290878e+01,7.950939048309848545e+00
6.641611889111175060e+01,8.170472325368198341e+00
6.643612460703059241e+01,7.961578119558330613e+00
6.645613032294942002e+01,7.527384584025092806e+00
6.647613603886824762e+01,8.336515963795099182e+00
6.649614175478708944e+01,7.741541252768415760e+00
6.651614747070591704e+01,8.373629163921679108e+00
6.653615318662474465e+01,7.546614022839223779e+00
6.655615890254358646e+01,7.928684953250088263e+00
6.657616461846242828e+01,7.816757973317649544e+00
6.659617033438125588e+01,8.510076377000070025e+00
6.661617605030008349e+01,8.043131808495489921e+00
6.663618176621892530e+01,8.340623455361262373e+00
6.665618748213776712e+01,7.932997297516465984e+00
6.667619319805658051e+01,7.803903911759169532e+00
6.669619891397542233e+01,7.634985896282582729e+00
6.671620462989426414e+01,6.982137373178595396e+00
6.673621034581309175e+01,7.676571823111010495e+00
6.675621606173191935e+01,7.215820813946594470e+00
6.677622177765076117e+01,7.662845743570064982e+00
6.679622749356960298e+01,7.324698614500674054e+00
6.681623320948843059e+01,7.617547405685371587e+00
6.683623892540725819e+01,7.339037270256157264e+00
6.685624464132610001e+01,8.214949229635575279e+00
6.687625035724492761e+01,6.906312515057921431e+00
6.689625607316375522e+01,7.773224356794140810e+00
6.691626178908259703e+01,7.609093643082283087e+00
6.693626750500143885e+01,8.898258386904261741e+00
6.695627322092026645e+01,8.944116571572084951e+00
6.697627893683909406e+01,9.665155689521050419e+00
6.699628465275793587e+01,9.205298626863267941e+00
6.701629036867677769e+01,1.065089703166812285e+01
6.703629608459560529e+01,1.101664860127576873e+01
6.705630180051443290e+01,1.108977555138326032e+01
6.707630751643327471e+01,1.148849812397929249e+01
6.709631323235210232e+01,1.203860463562910965e+01
6.711631894827092992e+01,1.137316783219751493e+01
6.713632466418977174e+01,1.121989737499117545e+01
6.715633038010861355e+01,1.246450544387732151e+01
6.717633609602744116e+01,1.113149840747200159e+01
6.719634181194626876e+01,1.122460264881658532e+01
6.721634752786511058e+01,1.062740804146299922e+01
6.723635324378393818e+01,1.109833946320152975e+01
6.725635895970276579e+01,1.062423921464655052e+01
6.727636467562160760e+01,1.036369112795460268e+01
6.729637039154044942e+01,9.820424274828841504e+00
6.731637610745927702e+01,1.043174707730548434e+01
6.733638182337810463e+01,8.864990209378456498e+00
6.735638753929694644e+01,9.191136849884912863e+00
6.737639325521578826e+01,9.621016636494228891e+00
6.739639897113461586e+01,8.978528184361460163e+00
6.741640468705344347e+01,9.640369234370185225e+00
6.743641040297228528e+01,8.936313730499364283e+00
6.745641611889111289e+01,8.799073141149520438e+00
6.747642183480994049e+01,9.967047008869780456e+00
6.749642755072878231e+01,9.472594622895220695e+00
6.751643326664762412e+01,9.315096222133234960e+00
6.753643898256645173e+01,9.159859090866401488e+00
6.755644469848527933e+01,9.423390723364423849e+00
6.757645041440412115e+01,9.399200442146842249e+00
6.759645613032296296e+01,8.703192509401796784e+00
6.761646184624177636e+01,9.229718114277657648e+00
6.763646756216061817e+01,9.182332948942644180e+00
6.765647327807945999e+01,9.535048368278722819e+00
6.767647899399828759e+01,8.755491831378455103e+00
6.769648470991711520e+01,8.468894851365883270e+00
6.771649042583595701e+01,8.559888188598851144e+00
6.773649614175479883e+01,7.724223730694076195e+00
6.775650185767362643e+01,7.518282618044639598e+00
6.777650757359245404e+01,7.665156846295847259e+00
6.779651328951129585e+01,7.817780356098490202e+00
6.781651900543012346e+01,7.272342203869891719e+00
6.783652472134895106e+01,7.979581765649574443e+00
6.785653043726779288e+01,7.944820832155162549e+00
6.787653615318663469e+01,7.800376315909604230e+00
6.789654186910546230e+01,7.918575692081278206e+00
6.791654758502428990e+01,8.202176396040963269e+00
6.793655330094313172e+01,8.223888343825516145e+00
6.795655901686197353e+01,7.701171834781092684e+00
6.797656473278080114e+01,8.699892145335502036e+00
6.799657044869962874e+01,9.244439478312683534e+00
6.801657616461847056e+01,8.525054819476940438e+00
6.803658188053729816e+01,8.842596127416602059e+00
6.805658759645612577e+01,9.024384927740662476e+00
6.807659331237496758e+01,9.099671256387210860e+00
6.809659902829380940e+01,9.355026809085659423e+00
6.811660474421263700e+01,8.834377428853132486e+00
6.813661046013146461e+01,9.692051266683815669e+00
6.815661617605030642e+01,9.190111844546649422e+00
6.817662189196913403e+01,9.105427558510205799e+00
6.819662760788796163e+01,8.733286590995533061e+00
6.821663332380680345e+01,8.262443751449135121e+00
6.823663903972564526e+01,8.469565329075049220e+00
6.825664475564447287e+01,7.866650792052526597e+00
6.827665047156330047e+01,7.699934427593239761e+00
6.829665618748214229e+01,7.421441161180335477e+00
6.831666190340098410e+01,7.912901129334427353e+00
6.833666761931981171e+01,7.255381121637419994e+00
6.835667333523863931e+01,7.132344052797013667e+00
6.837667905115748113e+01,5.995508879979189132e+00
6.839668476707630873e+01,6.591703516643395488e+00
6.841669048299513634e+01,6.856653550723741830e+00
6.843669619891397815e+01,6.545453295993368670e+00
6.845670191483281997e+01,7.299913145422273431e+00
6.847670763075164757e+01,5.883110317960701607e+00
6.849671334667047518e+01,5.924596045117725751e+00
6.851671906258931699e+01,6.849763191653172711e+00
6.853672477850815881e+01,7.080913491129694037e+00
6.855673049442697220e+01,7.642392511742832184e+00
6.857673621034581402e+01,7.337316266164453538e+00
6.859674192626465583e+01,7.390597387373345484e+00
6.861674764218348344e+01,8.146476313357958077e+00
6.863675335810231104e+01,7.569994286887565593e+00
6.865675907402115286e+01,7.962696784745209477e+00
6.867676478993999467e+01,8.652472571485684938e+00
6.869677050585882228e+01,9.094999997654053203e+00
6.871677622177764988e+01,8.386197920345015433e+00
6.873678193769649170e+01,7.692353074257963996e+00
6.875678765361531930e+01,9.278428624323616702e+00
6.877679336953414690e+01,8.957809912464778535e+00
6.879679908545298872e+01,8.773005197092414775e+00
6.881680480137183054e+01,8.500470327630218037e+00
6.883681051729065814e+01,9.177489769846189915e+00
6.885681623320948574e+01,8.693663811656012541e+00
6.887682194912832756e+01,8.377971862365750866e+00
6.889682766504716938e+01,8.675874155984105940e+00
6.891683338096599698e+01,9.182013534192735804e+00
6.893683909688482458e+01,8.770712648621447727e+00
6.895684481280366640e+01,9.184561111334399897e+00
6.897685052872249400e+01,9.427435549742000376e+00
6.899685624464132161e+01,8.807410217738597780e+00
6.901686196056016342e+01,8.621689607381004095e+00
6.903686767647900524e+01,8.619086619396242099e+00
6.905687339239783284e+01,8.799211466267196968e+00
6.907687910831666045e+01,8.157728107108596305e+00
6.909688482423550226e+01,8.062282605976971439e+00
6.911689054015432987e+01,8.390101067342435215e+00
6.913689625607315747e+01,7.649102389269659241e+00
6.915690197199199929e+01,7.776198861817166019e+00
6.917690768791084110e+01,8.008418230286649120e+00
6.919691340382966871e+01,7.894911893658035140e+00
6.921691911974849631e+01,8.554338455693915932e+00
6.923692483566733813e+01,7.798814609367829220e+00
6.925693055158617994e+01,8.277599810126039515e+00
6.927693626750500755e+01,7.747438846435873216e+00
6.929694198342383515e+01,8.095703551705341283e+00
6.931694769934267697e+01,7.726971339289233853e+00
6.933695341526150457e+01,7.963127627051351354e+00
6.935695913118033218e+01,8.401618208484375572e+00
6.937696484709917399e+01,8.823492830670298659e+00
6.939697056301801581e+01,8.843150486564571366e+00
6.941697627893684341e+01,9.205685413343694279e+00
6.943698199485567102e+01,9.197159834442956594e+00
6.945698771077451283e+01,9.644784437604716487e+00
6.947699342669335465e+01,9.500069638722225207e+00
6.949699914261216804e+01,9.926828606134900923e+00
6.951700485853100986e+01,9.227499571184530680e+00
6.953701057444985167e+01,9.571987849545880778e+00
6.955701629036867928e+01,1.009067592315358830e+01
6.957702200628750688e+01,8.860788766148379736e+00
6.959702772220634870e+01,9.197327305809832154e+00
6.961703343812519051e+01,8.766075057652976454e+00
6.963703915404401812e+01,8.603752038055253237e+00
6.965704486996284572e+01,8.800314005035845710e+00
6.967705058588168754e+01,7.943653858790630906e+00
6.969705630180051514e+01,7.853939941819043646e+00
6.971706201771934275e+01,7.976660303903415183e+00
6.973706773363818456e+01,7.351203890410176633e+00
6.975707344955702638e+01,7.572312861930972971e+00
6.977707916547585398e+01,7.207712155838066792e+00
6.979708488139468159e+01,6.889556639070889332e+00
6.981709059731352340e+01,7.347889254298884509e+00
6.983709631323236522e+01,7.619216511363413602e+00
6.985710202915119282e+01,7.631995058666774412e+00
6.987710774507002043e+01,7.894586978863566529e+00
6.989711346098886224e+01,7.420241498846797512e+00
6.991711917690768985e+01,7.803200030100039264e+00
6.993712489282651745e+01,7.929794361080287679e+00
6.995713060874535927e+01,7.591788260670879751e+00
6.997713632466420108e+01,8.458117862327640069e+00
6.999714204058302869e+01,9.177129999746806988e+00
7.001714775650185629e+01,8.751654422803699873e+00
7.003715347242069811e+01,9.971428975618788826e+00
7.005715918833952571e+01,9.760369836624473550e+00
7.007716490425835332e+01,9.655518584914638325e+00
7.009717062017719513e+01,1.015750216566032549e+01
7.011717633609603695e+01,9.832637759060290250e+00
7.013718205201486455e+01,1.075798019328052568e+01
7.015718776793369216e+01,1.153792037126124725e+01
7.017719348385253397e+01,1.100265459775033960e+01
7.019719919977137579e+01,1.147042947949875469e+01
7.021720491569020339e+01,1.039634573739413881e+01
7.023721063160903100e+01,1.040560863400223113e+01
7.025721634752787281e+01,1.049147102822000122e+01
7.027722206344670042e+01,1.026865279033836487e+01
7.029722777936552802e+01,1.015086560293600293e+01
7.031723349528436984e+01,1.021462314570126040e+01
7.033723921120321165e+01,1.005637343460215938e+01
7.035724492712203926e+01,9.902790107644918294e+00
7.037725064304086686e+01,9.136411740062541753e+00
7.039725635895970868e+01,9.310149471985106118e+00
7.041726207487855049e+01,9.457024883781953051e+00
7.043726779079736389e+01,9.131565649002332918e+00
7.045727350671620570e+01,9.028687500378779873e+00
7.047727922263504752e+01,8.957590841959039096e+00
7.049728493855387512e+01,8.893814699970796767e+00
7.051729065447270273e+01,8.557917820032937328e+00
7.053729637039154454e+01,8.912345701244253959e+00
7.055730208631038636e+01,9.874398358481091265e+00
7.057730780222921396e+01,9.378908874784110949e+00
7.059731351814804157e+01,9.436031834924653694e+00
7.061731923406688338e+01,9.239045628860313997e+00
7.063732494998571099e+01,9.789978741241032623e+00
7.065733066590453859e+01,9.319721293896783720e+00
7.067733638182338041e+01,8.605766922782759565e+00
7.069734209774222222e+01,8.479292417304797880e+00
7.071734781366104983e+01,7.987287417063456019e+00
7.073735352957987743e+01,8.621236225200505032e+00
7.075735924549871925e+01,8.380987267942444419e+00
7.077736496141756106e+01,7.874266965103862148e+00
7.079737067733638867e+01,8.142974491242849666e+00
7.081737639325521627e+01,8.093052233129215622e+00
7.083738210917405809e+01,7.362698693646771986e+00
7.085738782509288569e+01,8.162283337449746767e+00
7.087739354101171330e+01,7.911306805349346938e+00
7.089739925693055511e+01,7.964071496002979700e+00
7.091740497284939693e+01,7.758937309647636837e+00
7.093741068876822453e+01,7.740554179599827833e+00
7.095741640468705214e+01,8.163752138642022871e+00
7.097742212060589395e+01,8.145211863385428686e+00
7.099742783652472156e+01,7.840527562991002952e+00
7.101743355244354916e+01,8.679393274162141125e+00
7.103743926836239098e+01,8.749548020711287677e+00
7.105744498428123279e+01,8.603583255222240211e+00
7.107745070020006040e+01,9.392186416849911623e+00
7.109745641611888800e+01,9.573100996338544277e+00
7.111746213203772982e+01,1.058759940287218626e+01
7.113746784795657163e+01,1.038086710410172309e+01
7.115747356387539924e+01,1.053156454051380031e+01
7.117747927979422684e+01,1.061044724133756922e+01
7.119748499571306866e+01,1.154329240421371594e+01
7.121749071163189626e+01,1.106952373010620860e+01
7.123749642755072387e+01,1.242182426321196509e+01
7.125750214346956568e+01,1.163891425083745190e+01
7.127750785938840750e+01,1.260025724289654114e+01
7.129751357530723510e+01,1.281939417044717011e+01
7.131751929122606271e+01,1.229361702844044046e+01
7.133752500714490452e+01,1.209108474922278909e+01
7.135753072306374634e+01,1.113618591494123145e+01
7.137753643898255973e+01,1.158170895035443593e+01
7.139754215490140155e+01,1.174659678187640388e+01
7.141754787082024336e+01,1.164902575858083722e+01
7.143755358673907097e+01,9.972629746048305321e+00
7.145755930265789857e+01,1.063691971410363557e+01
7.147756501857674039e+01,1.045711888808009604e+01
7.149757073449558220e+01,9.737530525225128741e+00
7.151757645041440981e+01,9.718528442956849034e+00
7.153758216633323741e+01,1.001224559732006192e+01
7.155758788225207923e+01,8.618049080917568716e+00
7.157759359817090683e+01,8.952123691217693136e+00
7.159759931408973443e+01,9.486321228256743510e+00
7.161760503000857625e+01,9.328959916100677319e+00
7.163761074592741807e+01,9.265677578794637270e+00
7.165761646184624567e+01,9.886317778126937128e+00
7.167762217776507327e+01,9.544018457137482869e+00
7.169762789368391509e+01,9.846882512867802362e+00
7.171763360960275691e+01,1.001757560482277576e+01
7.173763932552158451e+01,8.855339527536228772e+00
7.175764504144041211e+01,9.357529189091257749e+00
7.177765075735925393e+01,9.837780980730101987e+00
7.179765647327808153e+01,9.251849640273084319e+00
7.181766218919690914e+01,8.824886157146373478e+00
7.183766790511575095e+01,8.112232598573989151e+00
7.185767362103459277e+01,8.717696827819755967e+00
7.187767933695342037e+01,7.968590107813984247e+00
7.189768505287224798e+01,8.059327793482646385e+00
7.191769076879108979e+01,8.011090763928253367e+00
7.193769648470991740e+01,7.410159901251047287e+00
7.195770220062874500e+01,7.257259961205180687e+00
7.197770791654758682e+01,7.727094325583061973e+00
7.199771363246642863e+01,7.540066491059707943e+00
7.201771934838525624e+01,7.168698899310525618e+00
7.203772506430408384e+01,6.314883343534392068e+00
7.205773078022292566e+01,7.391283534521997822e+00
7.207773649614176747e+01,6.856036301180097325e+00
7.209774221206059508e+01,7.850878916364600002e+00
7.211774792797942268e+01,7.317562348151902540e+00
7.213775364389826450e+01,8.155455789578455850e+00
7.215775935981709210e+01,8.244387558030513929e+00
7.217776507573591971e+01,8.081062050016820208e+00
7.219777079165476152e+01,8.475889461946064074e+00
7.221777650757360334e+01,9.015585946895178893e+00
7.223778222349243094e+01,8.939970518725562698e+00
7.225778793941125855e+01,9.231596755004787269e+00
7.227779365533010036e+01,9.376671629092641069e+00
7.229779937124894218e+01,9.957085724435977170e+00
7.231780508716775557e+01,1.070607959151220356e+01
7.233781080308659739e+01,1.084131774762067479e+01
7.235781651900543920e+01,1.071122466765647374e+01
7.237782223492426681e+01,1.083972394027566821e+01
7.239782795084309441e+01,1.102879297621232624e+01
7.241783366676193623e+01,1.172935783951408517e+01
7.243783938268077804e+01,1.136434047166542172e+01
7.245784509859960565e+01,1.227516165823717742e+01
7.247785081451843325e+01,1.100524605819840041e+01
7.249785653043727507e+01,1.135970966688051575e+01
7.251786224635610267e+01,1.054046571994160431e+01
7.253786796227493028e+01,1.149518147222674003e+01
7.255787367819377209e+01,1.109182951613462897e+01
7.257787939411261391e+01,1.122420659047925184e+01
7.259788511003144151e+01,1.129771237822344077e+01
7.261789082595026912e+01,1.130739040523130612e+01
7.263789654186911093e+01,1.124155796350930103e+01
7.265790225778795275e+01,1.203405786801319799e+01
7.267790797370678035e+01,1.242842617405101535e+01
7.269791368962560796e+01,1.244390860746232974e+01
7.271791940554444977e+01,1.287438140112198504e+01
7.273792512146327738e+01,1.351962137530495411e+01
7.275793083738210498e+01,1.365892694867305224e+01
7.277793655330094680e+01,1.313757903000467309e+01
7.279794226921978861e+01,1.421014084130676203e+01
7.281794798513861622e+01,1.347674419783964339e+01
7.283795370105744382e+01,1.387932714887979380e+01
7.285795941697628564e+01,1.359635383561883515e+01
7.287796513289511324e+01,1.289968466916957013e+01
7.289797084881394085e+01,1.253024098294503474e+01
7.291797656473278266e+01,1.166217097998198859e+01
7.293798228065162448e+01,1.112796333419944261e+01
7.295798799657045208e+01,1.096183615333608685e+01
7.297799371248927969e+01,1.039934906073022347e+01
7.299799942840812150e+01,9.723458761518756432e+00
7.301800514432696332e+01,9.912393508590700009e+00
7.303801086024579092e+01,9.123989102186790490e+00
7.305801657616461853e+01,8.919597143025560726e+00
7.307802229208346034e+01,8.554216389888729566e+00
7.309802800800228795e+01,7.408028489585527510e+00
7.311803372392111555e+01,7.009624929402501259e+00
7.313803943983995737e+01,6.914809440505615967e+00
7.315804515575879918e+01,7.617388919048282858e+00
7.317805087167762679e+01,7.176944628858691999e+00
7.319805658759645439e+01,7.652296695184569231e+00
7.321806230351529621e+01,6.501529541801154721e+00
7.323806801943413802e+01,7.548183010209625010e+00
7.325807373535295142e+01,6.414832655037859155e+00
7.327807945127179323e+01,7.425020743112998645e+00
7.329808516719063505e+01,7.802564833892732921e+00
7.331809088310946265e+01,6.762429522140580573e+00
7.333809659902829026e+01,7.658713340186599439e+00
7.335810231494713207e+01,7.197569318023812279e+00
7.337810803086597389e+01,7.421382123538904807e+00
7.339811374678480149e+01,7.334163913338629825e+00
7.341811946270362910e+01,6.883148695087554003e+00
7.343812517862247091e+01,7.725190899643639142e+00
7.345813089454129852e+01,7.478757369901362750e+00
7.347813661046012612e+01,7.487406515077623226e+00
7.349814232637896794e+01,6.568310578480203610e+00
7.351814804229780975e+01,6.322436055326592808e+00
7.353815375821663736e+01,6.435979015891307498e+00
7.355815947413546496e+01,7.072053859014049593e+00
7.357816519005430678e+01,7.245045229750011195e+00
7.359817090597314859e+01,7.046691737374464637e+00
7.361817662189197620e+01,7.669800012750312312e+00
7.363818233781080380e+01,7.271448382229620755e+00
7.365818805372964562e+01,8.218406555876320851e+00
7.367819376964847322e+01,8.161185976051669400e+00
7.369819948556730083e+01,8.457355795403042720e+00
7.371820520148614264e+01,8.547962799563849856e+00
7.373821091740498446e+01,8.930932570707785345e+00
7.375821663332381206e+01,8.254191887765191638e+00
7.377822234924263967e+01,9.209116081793506936e+00
7.379822806516148148e+01,9.342638433330069603e+00
7.381823378108030909e+01,1.025697608960058815e+01
7.383823949699913669e+01,9.981657661873615695e+00
7.385824521291797851e+01,9.763142556197195177e+00
7.387825092883682032e+01,9.738083064789510246e+00
7.389825664475564793e+01,1.091974664120971994e+01
7.391826236067447553e+01,1.082929533788730225e+01
7.393826807659331735e+01,1.128645570780831164e+01
7.395827379251215916e+01,1.082896798407847072e+01
7.397827950843098677e+01,1.146695941867159263e+01
7.399828522434981437e+01,1.080784127166752917e+01
7.401829094026865619e+01,1.088102095018767379e+01
7.403829665618748379e+01,1.033945114404768262e+01
7.405830237210632561e+01,1.099632694001402200e+01
7.407830808802515321e+01,1.068846304389117385e+01
7.409831380394398082e+01,9.608951667713455436e+00
7.411831951986282263e+01,9.198460051785492197e+00
7.413832523578165024e+01,9.738512954627335461e+00
7.415833095170049205e+01,9.085603132683903738e+00
7.417833666761931966e+01,8.299668046195822768e+00
7.419834238353816147e+01,8.417012966204783453e+00
7.421834809945698908e+01,8.568318311062151693e+00
7.423835381537583089e+01,8.126799028095451405e+00
7.425835953129465850e+01,7.610155093240004831e+00
7.427836524721348610e+01,7.326427873920517975e+00
7.429837096313232792e+01,7.822799535187489717e+00
7.431837667905115552e+01,6.867043177875455484e+00
7.433838239496999734e+01,7.889780139794797975e+00
7.435838811088882494e+01,7.750532167637137704e+00
7.437839382680766676e+01,7.978146369915222635e+00
7.439839954272649436e+01,7.133140295627437233e+00
7.441840525864533618e+01,8.329340456683773652e+00
7.443841097456416378e+01,8.252632511619882649e+00
7.445841669048300560e+01,8.331204471166575587e+00
7.447842240640183320e+01,8.896490668663645351e+00
7.449842812232066080e+01,9.385110275733838492e+00
7.451843383823950262e+01,9.636767638433394012e+00
7.453843955415833022e+01,1.018483520553452415e+01
7.455844527007717204e+01,1.060029522441128691e+01
7.457845098599599964e+01,1.009398122007068288e+01
7.459845670191484146e+01,1.105648274553159283e+01
7.461846241783366906e+01,1.066615315345707060e+01
7.463846813375251088e+01,1.111164196782990565e+01
7.465847384967133848e+01,1.146986222732109617e+01
7.467847956559016609e+01,1.111938896472135951e+01
7.469848528150900790e+01,1.089027488946874556e+01
7.471849099742783551e+01,1.136545437030951433e+01
7.473849671334667732e+01,1.058744448894062984e+01
7.475850242926550493e+01,9.598280932149705791e+00
7.477850814518434674e+01,9.627123460745663053e+00
7.479851386110317435e+01,9.055620991645444207e+00
7.481851957702201616e+01,9.312344860982857853e+00
7.483852529294084377e+01,7.721557807408748531e+00
7.485853100885967137e+01,7.805755626419294657e+00
7.487853672477851319e+01,7.744242684913324126e+00
7.489854244069734079e+01,6.801338902652675600e+00
7.491854815661618261e+01,7.543460935551921764e+00
7.493855387253501021e+01,6.781990207697820239e+00
7.495855958845385203e+01,7.336248138750397274e+00
7.497856530437267963e+01,7.198465949101819916e+00
7.499857102029152145e+01,6.338167057167502172e+00
7.501857673621034905e+01,5.850533244109936248e+00
7.503858245212917666e+01,6.939912711994155714e+00
7.505858816804801847e+01,6.780097045789378996e+00
7.507859388396684608e+01,6.663292074273062582e+00
7.509859959988568789e+01,6.578257704430288122e+00
7.511860531580451550e+01,6.413477248574482203e+00
7.513861103172335731e+01,6.880157886605053008e+00
7.515861674764218492e+01,6.485206313802233780e+00
7.517862246356102673e+01,5.806679354185577679e+00
7.519862817947985434e+01,6.401117287890025764e+00
7.521863389539868194e+01,6.131049085495298812e+00
7.523863961131752376e+01,6.183957954138600499e+00
7.525864532723635136e+01,6.177780118050582026e+00
7.527865104315519318e+01,6.412440904446562229e+00
7.529865675907402078e+01,5.639218452898425937e+00
7.531866247499286260e+01,6.145590653747547094e+00
7.533866819091169020e+01,6.265493704607830949e+00
7.535867390683053202e+01,6.537477283504486536e+00
7.537867962274935962e+01,6.113222713661119911e+00
7.539868533866820144e+01,6.124356573175400165e+00
7.541869105458702904e+01,6.262602596654369691e+00
7.543869677050585665e+01,6.966188913990988496e+00
7.545870248642469846e+01,5.883371510280756667e+00
7.547870820234352607e+01,5.538058927351274363e+00
7.549871391826236788e+01,6.573586831933824648e+00
7.551871963418119549e+01,6.823420049542982646e+00
7.553872535010003730e+01,7.180956220590880790e+00
7.555873106601886491e+01,7.036015182305048299e+00
7.557873678193770672e+01,6.054097877814285766e+00
7.559874249785653433e+01,6.809385364905070404e+00
7.561874821377536193e+01,7.330855564625986531e+00
7.563875392969420375e+01,7.512628957608564306e+00
7.565875964561303135e+01,7.806918969212988557e+00
7.567876536153187317e+01,8.290086047387648094e+00
7.569877107745070077e+01,9.073414832873098135e+00
7.571877679336954259e+01,9.079529868127787395e+00
7.573878250928837019e+01,8.763692590698248353e+00
7.575878822520721201e+01,1.007680893802505473e+01
7.577879394112603961e+01,1.034276248997321446e+01
7.579879965704486722e+01,1.015112648284899777e+01
7.581880537296370903e+01,1.088429231957062804e+01
7.583881108888253664e+01,1.119301023357489910e+01
7.585881680480137845e+01,1.117030709737347038e+01
7.587882252072020606e+01,1.144972671896749716e+01
7.589882823663904787e+01,1.243057158393213513e+01
7.591883395255787548e+01,1.186963580423123155e+01
7.593883966847671729e+01,1.153466338185987894e+01
7.595884538439554490e+01,1.136088641939294774e+01
7.597885110031437250e+01,1.083218782987494322e+01
7.599885681623321432e+01,1.069723192697641778e+01
7.601886253215204192e+01,1.028495460767952707e+01
7.603886824807088374e+01,9.927416169168118643e+00
7.605887396398971134e+01,9.132042255691807497e+00
7.607887967990855316e+01,9.406208498373789695e+00
7.609888539582738076e+01,9.110932993375792321e+00
7.611889111174622258e+01,7.751140453325951363e+00
7.613889682766505018e+01,8.106105558553414525e+00
7.615890254358387779e+01,7.877509134816081726e+00
7.617890825950271960e+01,7.486615382660463780e+00
7.619891397542154721e+01,7.197430834825512491e+00
7.621891969134038902e+01,7.733641243538474264e+00
7.623892540725921663e+01,7.519649932393557279e+00
7.625893112317805844e+01,7.200601890435862629e+00
7.627893683909688605e+01,6.693491022308591276e+00
7.629894255501572786e+01,7.600318052086273646e+00
7.631894827093455547e+01,7.919464908952550175e+00
7.633895398685339728e+01,7.363197718731978370e+00
7.635895970277222489e+01,8.145345134172732315e+00
7.637896541869105249e+01,7.120594214869341521e+00
7.639897113460989431e+01,7.378681232840145654e+00
7.641897685052872191e+01,7.290290129437318356e+00
7.643898256644756373e+01,7.582290653751703857e+00
7.645898828236639133e+01,8.399954484491185980e+00
7.647899399828523315e+01,7.943210140217632720e+00
7.649899971420406075e+01,8.494578631599395635e+00
7.651900543012290257e+01,8.500373544707459317e+00
7.653901114604173017e+01,9.076681677608267051e+00
7.655901686196055778e+01,9.541262698273445864e+00
7.657902257787939959e+01,8.576937273720133703e+00
7.659902829379822720e+01,9.593567946560348503e+00
7.661903400971706901e+01,8.842803966813306715e+00
7.663903972563589662e+01,8.601775182313270207e+00
7.665904544155473843e+01,9.220620572205961096e+00
7.667905115747356604e+01,8.924413838646588104e+00
7.669905687339240785e+01,8.731425422570609385e+00
7.671906258931123546e+01,8.542887687395960938e+00
7.673906830523006306e+01,8.280794990431179059e+00
7.675907402114890488e+01,8.452195579416127202e+00
7.677907973706773248e+01,8.117389261528776601e+00
7.679908545298657430e+01,7.363350229784881407e+00
7.681909116890540190e+01,8.119510252782280446e+00
7.683909688482424372e+01,7.011325707038640331e+00
7.685910260074307132e+01,7.409508103032639070e+00
7.687910831666191314e+01,7.337003884324088787e+00
7.689911403258074074e+01,7.258095432108004452e+00
7.691911974849956835e+01,7.258752111296574938e+00
7.693912546441841016e+01,6.109239825499479082e+00
7.695913118033723777e+01,6.749016062398711213e+00
7.697913689625607958e+01,6.811106896000293176e+00
7.699914261217490719e+01,6.680361363568994904e+00
7.701914832809374900e+01,6.619830627696149605e+00
7.703915404401257661e+01,6.792389463797416482e+00
7.705915975993141842e+01,6.143988786563514992e+00
7.707916547585024603e+01,6.975696019773828027e+00
7.709917119176907363e+01,6.112124593921565818e+00
7.711917690768791545e+01,6.707845389959668836e+00
7.713918262360674305e+01,5.790572105138377168e+00
7.715918833952558487e+01,5.529460333093490831e+00
7.717919405544441247e+01,6.210673542544522086e+00
7.719919977136325429e+01,6.413804798941068697e+00
7.721920548728208189e+01,6.669364088819550673e+00
7.723921120320092371e+01,6.306910231419422530e+00
7.725921691911975131e+01,6.062861237288941219e+00
7.727922263503859313e+01,6.169305577313905609e+00
7.729922835095742073e+01,5.625579793644386761e+00
7.731923406687624833e+01,6.542103209989067025e+00
7.733923978279509015e+01,7.174843405392378415e+00
7.735924549871391775e+01,7.501067789805530239e+00
7.737925121463275957e+01,6.966679060061336415e+00
7.739925693055158717e+01,7.108881439215984699e+00
7.741926264647042899e+01,6.966765546437437173e+00
7.743926836238925659e+01,7.072614973563821295e+00
7.745927407830809841e+01,7.824714917225092492e+00
7.747927979422692601e+01,7.931160228529547496e+00
7.749928551014575362e+01,8.112827029950944180e+00
7.751929122606459543e+01,7.909793694743799897e+00
7.753929694198342304e+01,8.411873611315291654e+00
7.755930265790226485e+01,9.342570841910548651e+00
7.757930837382109246e+01,8.990435726190568744e+00
7.759931408973993427e+01,9.649780315511359063e+00
7.761931980565876188e+01,9.621738732326098997e+00
7.763932552157760369e+01,9.403712372541408016e+00
7.765933123749643130e+01,9.533617395116497306e+00
7.767933695341525890e+01,9.969513769164620953e+00
7.769934266933410072e+01,1.001326005330261992e+01
7.771934838525292832e+01,9.480586012862799450e+00
7.773935410117177014e+01,9.357571112173346251e+00
7.775935981709059774e+01,9.669542438650855942e+00
7.777936553300943956e+01,1.037977963730449105e+01
7.779937124892826716e+01,9.342838605832849197e+00
7.781937696484710898e+01,9.918848940264865632e+00
7.783938268076593658e+01,1.050597887186489743e+01
7.785938839668476419e+01,9.357862472776824703e+00
7.787939411260360600e+01,9.043415152708904614e+00
7.789939982852243361e+01,8.276253102484036006e+00
7.791940554444127542e+01,8.709564266709275415e+00
7.793941126036010303e+01,8.629621350985530626e+00
7.795941697627894484e+01,7.915620811365665865e+00
7.797942269219777245e+01,8.952318834252201540e+00
7.799942840811661426e+01,7.701560358971880405e+00
7.801943412403544187e+01,8.136948761634677396e+00
7.803943983995426947e+01,8.345279541113526989e+00
7.805944555587311129e+01,7.836725041245011347e+00
7.807945127179193889e+01,7.432634912932549298e+00
7.809945698771078071e+01,7.643751440838881805e+00
7.811946270362960831e+01,7.609830140453361480e+00
7.813946841954845013e+01,7.883279853747977128e+00
7.815947413546727773e+01,7.435016759543158216e+00
7.817947985138611955e+01,7.945187851706670301e+00
7.819948556730494715e+01,7.666903913745260368e+00
7.821949128322378897e+01,7.551370907331598659e+00
7.823949699914261657e+01,7.110094452411958699e+00
7.825950271506144418e+01,7.642268176595062634e+00
7.827950843098028599e+01,6.859522531927483513e+00
7.829951414689911360e+01,6.500993203136799181e+00
7.831951986281795541e+01,7.005107967114458489e+00
7.833952557873678302e+01,6.717290256380420210e+00
7.835953129465562483e+01,6.834975760624830698e+00
7.837953701057445244e+01,6.376807624733952906e+00
7.839954272649329425e+01,7.658298847512149621e+00
7.841954844241212186e+01,7.034898421835960036e+00
7.843955415833094946e+01,6.223652738958030284e+00
7.845955987424979128e+01,6.455653261255914543e+00
7.847956559016861888e+01,6.607179862129321180e+00
7.849957130608746070e+01,6.282664935310187104e+00
7.851957702200628830e+01,7.259212545398485261e+00
7.853958273792513012e+01,7.654253321960228007e+00
7.855958845384395772e+01,6.895395051009209020e+00
7.857959416976279954e+01,7.698921178279395150e+00
7.859959988568162714e+01,6.939518098366177057e+00
7.861960560160045475e+01,8.344624107436112936e+00
7.863961131751929656e+01,7.907165373705172584e+00
7.865961703343812417e+01,7.641973314422431329e+00
7.867962274935696598e+01,7.433154052279382640e+00
7.869962846527579359e+01,8.242611642135344141e+00
7.871963418119463540e+01,7.147066486408078845e+00
7.873963989711346301e+01,7.497873191695895834e+00
7.875964561303230482e+01,6.729897115718756595e+00
7.877965132895113243e+01,7.927534909453816780e+00
7.879965704486996003e+01,6.601865779618592001e+00
7.881966276078880185e+01,6.978861081206281902e+00
7.883966847670762945e+01,7.182399510258477449e+00
7.885967419262647127e+01,6.804427322860519212e+00
7.887967990854529887e+01,6.002863536332043282e+00
7.889968562446414069e+01,6.901177731497282863e+00
7.891969134038296829e+01,6.263174959421926147e+00
7.893969705630181011e+01,6.311879461120727619e+00
7.895970277222063771e+01,5.495420727590538235e+00
7.897970848813946532e+01,6.272059448362160339e+00
7.899971420405830713e+01,5.887591581062128654e+00
7.901971991997713474e+01,6.099534032588673327e+00
7.903972563589597655e+01,5.821830275469523919e+00
7.905973135181480416e+01,6.664480909142852738e+00
7.907973706773364597e+01,5.740036857567316630e+00
7.909974278365247358e+01,5.673967542754119187e+00
7.911974849957131539e+01,6.336902420564575422e+00
7.913975421549014300e+01,5.115170470590506113e+00
7.915975993140898481e+01,5.490743292505226414e+00
7.917976564732781242e+01,6.024070362840019399e+00
7.919977136324664002e+01,6.014953450486016706e+00
7.921977707916548184e+01,5.848238700249720701e+00
7.923978279508430944e+01,5.904295680256986145e+00
7.925978851100315126e+01,6.213571692211556474e+00
7.927979422692197886e+01,6.068964838993357702e+00
7.929979994284082068e+01,6.088866541296819257e+00
7.931980565875964828e+01,6.643331487521036749e+00
7.933981137467849010e+01,6.075497432902962736e+00
7.935981709059731770e+01,5.452541230958631857e+00
7.937982280651614531e+01,6.419649113993393996e+00
7.939982852243498712e+01,5.993969742948787705e+00
7.941983423835381473e+01,6.279306979509071240e+00
7.943983995427265654e+01,5.840167815798183781e+00
7.945984567019148415e+01,6.795973265616170877e+00
7.947985138611032596e+01,5.893737254002685333e+00
7.949985710202915357e+01,6.230389499689271915e+00
7.951986281794799538e+01,6.456314126625245287e+00
7.953986853386682299e+01,6.202156177532407000e+00
7.955987424978565059e+01,7.474906931000549370e+00
7.957987996570449241e+01,6.864313877617818527e+00
7.959988568162332001e+01,7.465705098468282230e+00
7.961989139754216183e+01,7.924266836567198879e+00
7.963989711346098943e+01,7.603862839943825946e+00
7.965990282937983125e+01,7.547737147760955168e+00
7.967990854529865885e+01,8.908651576194596799e+00
7.969991426121750067e+01,8.047306179857088182e+00
7.971991997713632827e+01,8.619294999537668645e+00
7.973992569305515588e+01,9.302100370060834678e+00
7.975993140897399769e+01,8.625841650489881829e+00
7.977993712489282530e+01,1.013832844280931411e+01
7.979994284081166711e+01,9.683743561953360057e+00
7.981994855673049472e+01,9.372020255682906864e+00
7.983995427264933653e+01,9.390102422564268636e+00
7.985995998856816414e+01,1.083995429313198322e+01
7.987996570448700595e+01,1.051716856001291234e+01
7.989997142040583356e+01,9.927710879301809399e+00
7.991997713632466116e+01,1.035758033602122552e+01
7.993998285224350298e+01,1.035045465783584895e+01
7.995998856816233058e+01,1.036916527803631460e+01
7.997999428408117240e+01,9.903184682967509644e+00
8.000000000000000000e+01,6.987743363061854396e+00
