angle,intensity
1.000000000000000000e+01,1.003387724727140329e+00
1.002000571591883471e+01,9.070946608666121680e-01
1.004001143183766764e+01,8.475505747155793745e-01
1.006001714775650235e+01,1.431977800716304650e+00
1.008002286367533529e+01,1.210295595932892265e+00
1.010002857959417000e+01,4.804469760292591207e-01
1.012003429551300293e+01,1.718359540608868918e-01
1.014004001143183764e+01,1.309123305541511684e+00
1.016004572735067235e+01,1.172933904647293524e+00
1.018005144326950528e+01,1.424810469710882543e+00
1.020005715918833999e+01,1.869092005632573494e+00
1.022006287510717293e+01,1.251586997594739792e+00
1.024006859102600764e+01,1.167512452559156699e+00
1.026007430694484057e+01,1.013772657758764684e+00
1.028008002286367528e+01,6.893897350525741707e-01
1.030008573878250999e+01,7.056360460252666389e-01
1.032009145470134293e+01,1.159386069693473909e+00
1.034009717062017764e+01,8.294462963406893374e-01
1.036010288653901057e+01,5.420309473042845827e-01
1.038010860245784528e+01,1.373631898945206098e+00
1.040011431837667999e+01,9.067269256864377569e-01
1.042012003429551292e+01,9.536267374976558076e-01
1.044012575021434763e+01,8.468380336329861535e-01
1.046013146613318057e+01,6.754031165326754849e-01
1.048013718205201528e+01,7.955998771214118914e-01
1.050014289797084821e+01,1.507440340584696781e+00
1.052014861388968292e+01,1.702770758700828058e+00
1.054015432980851585e+01,9.440058137102780300e-01
1.056016004572735056e+01,1.912160492245845500e+00
1.058016576164618527e+01,1.454440184715496631e+00
1.060017147756501821e+01,6.605682009033990720e-01
1.062017719348385292e+01,1.123124535190177742e+00
1.064018290940268585e+01,1.417451289989862140e+00
1.066018862532152056e+01,1.386141580424483655e+00
1.068019434124035527e+01,1.389876213991073861e+00
1.070020005715918820e+01,1.318797804783176986e+00
1.072020577307802292e+01,1.579649377734064331e+00
1.074021148899685585e+01,1.609050776328244670e+00
1.076021720491569056e+01,1.938295633993965428e+00
1.078022292083452349e+01,9.199179498469860494e-01
1.080022863675335820e+01,1.700553525224458795e+00
1.082023435267219291e+01,5.656235402927264344e-01
1.084024006859102585e+01,1.905730438010797556e+00
1.086024578450986056e+01,1.192419744699924067e+00
1.088025150042869349e+01,1.306143338240601803e+00
1.090025721634752820e+01,9.937035083599485841e-01
1.092026293226636113e+01,7.711655029377912918e-01
1.094026864818519584e+01,8.668785624866670592e-01
1.096027436410403055e+01,1.126545310828727775e+00
1.098028008002286349e+01,6.464469091975688642e-01
1.100028579594169820e+01,1.007867676855419559e+00
1.102029151186053113e+01,1.120083903556692961e+00
1.104029722777936584e+01,6.309829574453296175e-01
1.106030294369819877e+01,1.222183213611187647e+00
1.108030865961703348e+01,2.114743261916147699e+00
1.110031437553586819e+01,1.737737416105980648e+00
1.112032009145470113e+01,1.309796675275966660e+00
1.114032580737353584e+01,1.407167529037131271e+00
1.116033152329236877e+01,1.863552756658916509e+00
1.118033723921120348e+01,1.268539515106258175e+00
1.120034295513003642e+01,2.169989232197771400e+00
1.122034867104887113e+01,2.023774167909475619e+00
1.124035438696770584e+01,1.618681781521324137e+00
1.126036010288653877e+01,1.890375610048691701e+00
1.128036581880537348e+01,1.008009865029785956e+00
1.130037153472420641e+01,1.535201291591220762e+00
1.132037725064304112e+01,1.522019884188399175e+00
1.134038296656187583e+01,6.379111428005999063e-01
1.136038868248070877e+01,2.162626007367558056e+00
1.138039439839954348e+01,1.021778356727029546e+00
1.140040011431837641e+01,1.670329137384224616e+00
1.142040583023721112e+01,8.940247245559107547e-01
1.144041154615604405e+01,1.288678393923369692e+00
1.146041726207487876e+01,2.224028990843915032e+00
1.148042297799371170e+01,1.333382412860060873e+00
1.150042869391254641e+01,1.358316421130796536e+00
1.152043440983138112e+01,9.809140901631708820e-01
1.154044012575021405e+01,1.011494618256731259e+00
1.156044584166904876e+01,1.770688019333814811e+00
1.158045155758788169e+01,1.402291352925528534e+00
1.160045727350671640e+01,2.130598158229127570e+00
1.162046298942555111e+01,1.763980165104952036e+00
1.164046870534438405e+01,1.822752654770755765e+00
1.166047442126321876e+01,1.606163105150051562e+00
1.168048013718205169e+01,1.064215141152864863e+00
1.170048585310088640e+01,1.894458765224275254e+00
1.172049156901971934e+01,1.536537526024857492e+00
1.174049728493855405e+01,1.784840454245213870e+00
1.176050300085738698e+01,9.772685390381059545e-01
1.178050871677622169e+01,1.644392221282083622e+00
1.180051443269505640e+01,9.275284561228480662e-01
1.182052014861388933e+01,1.101165184977925593e+00
1.184052586453272404e+01,1.501407227356760021e+00
1.186053158045155698e+01,1.531430121504185671e+00
1.188053729637039169e+01,1.127414571273811950e+00
1.190054301228922640e+01,1.174082534909362874e+00
1.192054872820805933e+01,1.277648720986265474e+00
1.194055444412689404e+01,1.420935895889909872e+00
1.196056016004572697e+01,1.600893655691362660e+00
1.198056587596456168e+01,1.425442201068649384e+00
1.200057159188339639e+01,1.356787443236439739e+00
1.202057730780222933e+01,1.070096164144633155e+00
1.204058302372106226e+01,1.925029839931867048e+00
1.206058873963989697e+01,1.194242145721909010e+00
1.208059445555873168e+01,1.040226254388910254e+00
1.210060017147756461e+01,1.879344616095683929e+00
1.212060588739639932e+01,1.941741580627695640e+00
1.214061160331523226e+01,1.654447647196598759e+00
1.216061731923406697e+01,1.418495194711807184e+00
1.218062303515290168e+01,1.297095886832168032e+00
1.220062875107173461e+01,2.169521521327444358e+00
1.222063446699056932e+01,1.984201816189773204e+00
1.224064018290940226e+01,2.498669075059881894e+00
1.226064589882823697e+01,1.285492625562669078e+00
1.228065161474707168e+01,2.011111355469501039e+00
1.230065733066590461e+01,9.679290096450587910e-01
1.232066304658473754e+01,2.472534421166866281e+00
1.234066876250357225e+01,1.888181717185594355e+00
1.236067447842240696e+01,2.294362627041561353e+00
1.238068019434123990e+01,1.783003743871616642e+00
1.240068591026007461e+01,1.528586899389451803e+00
1.242069162617890754e+01,1.610727811580320967e+00
1.244069734209774225e+01,2.424107666585717524e+00
1.246070305801657696e+01,1.157147798092522883e+00
1.248070877393540989e+01,1.963168777724993763e+00
1.250071448985424460e+01,1.765807529843300028e+00
1.252072020577307754e+01,1.679193984812284324e+00
1.254072592169191225e+01,1.264455728677518653e+00
1.256073163761074696e+01,2.012851837604091365e+00
1.258073735352957989e+01,1.938693708577673203e+00
1.260074306944841460e+01,1.325081282924789328e+00
1.262074878536724754e+01,2.557672612526711298e+00
1.264075450128608225e+01,2.281311761299206431e+00
1.266076021720491518e+01,1.752328521615595047e+00
1.268076593312374989e+01,2.043274063271667274e+00
1.270077164904258282e+01,1.835843549914605521e+00
1.272077736496141753e+01,1.911863955812181715e+00
1.274078308088025224e+01,2.029245467503956846e+00
1.276078879679908518e+01,1.081312569705624060e+00
1.278079451271791989e+01,2.060053166322453944e+00
1.280080022863675282e+01,2.519446586961879841e+00
1.282080594455558753e+01,1.690219330909115136e+00
1.284081166047442224e+01,2.645009875917027298e+00
1.286081737639325517e+01,1.888877066388247705e+00
1.288082309231208988e+01,2.275058860789430426e+00
1.290082880823092282e+01,1.194348555933594458e+00
1.292083452414975753e+01,1.917761191357755024e+00
1.294084024006859224e+01,1.028119813029121810e+00
1.296084595598742517e+01,1.865809882700463884e+00
1.298085167190625810e+01,1.742655742528681717e+00
1.300085738782509281e+01,1.944633016822487237e+00
1.302086310374392752e+01,1.855421867595690166e+00
1.304086881966276046e+01,2.189567501747846201e+00
1.306087453558159517e+01,1.916498461115209384e+00
1.308088025150042810e+01,2.155562110277348786e+00
1.310088596741926281e+01,1.386953700194591743e+00
1.312089168333809752e+01,1.794082569284193074e+00
1.314089739925693046e+01,2.272622902032726877e+00
1.316090311517576517e+01,1.405931557497616335e+00
1.318090883109459810e+01,2.068554925151202539e+00
1.320091454701343281e+01,2.096688438791660225e+00
1.322092026293226752e+01,2.392373232626195723e+00
1.324092597885110045e+01,2.057732822001368422e+00
1.326093169476993339e+01,2.143558443564350213e+00
1.328093741068876810e+01,1.282917833638457683e+00
1.330094312660760281e+01,1.923155503525641352e+00
1.332094884252643574e+01,1.934651456688154969e+00
1.334095455844527045e+01,1.614676598657405870e+00
1.336096027436410338e+01,1.734565980033585753e+00
1.338096599028293809e+01,2.001221891769947359e+00
1.340097170620177280e+01,1.737039715487347147e+00
1.342097742212060574e+01,1.457192009129522736e+00
1.344098313803944045e+01,2.390769356538741786e+00
1.346098885395827338e+01,1.944338000290831037e+00
1.348099456987710809e+01,1.532314082324316429e+00
1.350100028579594280e+01,2.465450908671180663e+00
1.352100600171477573e+01,2.480851499780189151e+00
1.354101171763361044e+01,2.165199922297796675e+00
1.356101743355244338e+01,1.703643002995720357e+00
1.358102314947127809e+01,2.152373371742308805e+00
1.360102886539011102e+01,2.240872672327177462e+00
1.362103458130894573e+01,2.611473491481745235e+00
1.364104029722777867e+01,1.855974709455986638e+00
1.366104601314661338e+01,2.159462128476477449e+00
1.368105172906544809e+01,1.852411627969774655e+00
1.370105744498428102e+01,1.809339501890164570e+00
1.372106316090311573e+01,2.616018308038417839e+00
1.374106887682194866e+01,2.345054260530531121e+00
1.376107459274078337e+01,2.364448298416016669e+00
1.378108030865961808e+01,1.705796673693399157e+00
1.380108602457845102e+01,2.008738285062968920e+00
1.382109174049728573e+01,2.732311494067229063e+00
1.384109745641611866e+01,2.216720495416169889e+00
1.386110317233495337e+01,2.760493071358624206e+00
1.388110888825378808e+01,2.278502839922304180e+00
1.390111460417262101e+01,2.582485741985641070e+00
1.392112032009145395e+01,3.053584941433002520e+00
1.394112603601028866e+01,2.557030673946369959e+00
1.396113175192912337e+01,2.436453708388784722e+00
1.398113746784795630e+01,2.527995977568402886e+00
1.400114318376679101e+01,2.544210435788768265e+00
1.402114889968562395e+01,2.707123574872633220e+00
1.404115461560445866e+01,2.188741628495221470e+00
1.406116033152329337e+01,2.301086063450161312e+00
1.408116604744212630e+01,2.477599264339320762e+00
1.410117176336095923e+01,2.295372853643135258e+00
1.412117747927979394e+01,1.707884740326415685e+00
1.414118319519862865e+01,2.151587317003283317e+00
1.416118891111746336e+01,1.718889464858773142e+00
1.418119462703629630e+01,1.756066053607903132e+00
1.420120034295512923e+01,2.274888253931368176e+00
1.422120605887396394e+01,2.126275761538328091e+00
1.424121177479279865e+01,2.750089117015916518e+00
1.426121749071163336e+01,2.282009367925286192e+00
1.428122320663046629e+01,2.701824768310403080e+00
1.430122892254929923e+01,2.732156105939978374e+00
1.432123463846813394e+01,1.599633582167278911e+00
1.434124035438696865e+01,2.672235565509023303e+00
1.436124607030580158e+01,2.104951487062651339e+00
1.438125178622463629e+01,2.434843081165136702e+00
1.440125750214346922e+01,2.529554175789778814e+00
1.442126321806230393e+01,2.891641797527569668e+00
1.444126893398113864e+01,2.179685817247149160e+00
1.446127464989997158e+01,2.782082976319213419e+00
1.448128036581880451e+01,2.876993783427852946e+00
1.450128608173763922e+01,2.633748218536701824e+00
1.452129179765647393e+01,2.185932409188152015e+00
1.454129751357530864e+01,2.917248583519047589e+00
1.456130322949414158e+01,2.967408446236939668e+00
1.458130894541297451e+01,1.879462215106065592e+00
1.460131466133180922e+01,2.611155663907755553e+00
1.462132037725064393e+01,2.103029498024831412e+00
1.464132609316947686e+01,2.848232924771388230e+00
1.466133180908831157e+01,3.217807307822888596e+00
1.468133752500714451e+01,2.749398302671957950e+00
1.470134324092597922e+01,3.019159901214194974e+00
1.472134895684481393e+01,3.084225907371390463e+00
1.474135467276364686e+01,2.627447747524537469e+00
1.476136038868247979e+01,3.216537012912197735e+00
1.478136610460131450e+01,2.109288529983664340e+00
1.480137182052014921e+01,2.879104970955547849e+00
1.482137753643898392e+01,2.195496011637974476e+00
1.484138325235781686e+01,2.870990727620247540e+00
1.486138896827664979e+01,2.229108665534506706e+00
1.488139468419548450e+01,2.929883538616573802e+00
1.490140040011431921e+01,2.788115551229973565e+00
1.492140611603315392e+01,2.690482963614601264e+00
1.494141183195198685e+01,3.074668513025198280e+00
1.496141754787081979e+01,2.180920035595049100e+00
1.498142326378965450e+01,3.598812071822588443e+00
1.500142897970848921e+01,3.168771300041592021e+00
1.502143469562732214e+01,2.914930048823114017e+00
1.504144041154615508e+01,3.031986421034104318e+00
1.506144612746498979e+01,3.680470550887240844e+00
1.508145184338382450e+01,2.997088962336333928e+00
1.510145755930265921e+01,2.646331967102188099e+00
1.512146327522149214e+01,3.474625802464037960e+00
1.514146899114032507e+01,3.213215379677457850e+00
1.516147470705915978e+01,2.938834454688649345e+00
1.518148042297799449e+01,3.048727267154273335e+00
1.520148613889682920e+01,3.099848088707904736e+00
1.522149185481566214e+01,2.906897035051879907e+00
1.524149757073449507e+01,3.234300165449130127e+00
1.526150328665332978e+01,3.396805345299967804e+00
1.528150900257216449e+01,2.557888840503678374e+00
1.530151471849099742e+01,3.432387844966332313e+00
1.532152043440983036e+01,3.993113536913122541e+00
1.534152615032866507e+01,3.723621807650135729e+00
1.536153186624749978e+01,3.111867325122380734e+00
1.538153758216633449e+01,3.060118513703666387e+00
1.540154329808516742e+01,3.254763334774144035e+00
1.542154901400400036e+01,2.801166272849630268e+00
1.544155472992283507e+01,3.192465479880167933e+00
1.546156044584166978e+01,3.926747898399055359e+00
1.548156616176050449e+01,3.898913861300906891e+00
1.550157187767933742e+01,3.295695609411614768e+00
1.552157759359817035e+01,3.536957531243647423e+00
1.554158330951700506e+01,4.126024972677764246e+00
1.556158902543583977e+01,3.702330771673286947e+00
1.558159474135467271e+01,3.654100168589589970e+00
1.560160045727350742e+01,4.225327370601941190e+00
1.562160617319234035e+01,4.541823783428517558e+00
1.564161188911117506e+01,4.164269095178782187e+00
1.566161760503000977e+01,3.702957300249217099e+00
1.568162332094884270e+01,4.692748979657587860e+00
1.570162903686767564e+01,4.243103994410757807e+00
1.572163475278651035e+01,3.734693166822286692e+00
1.574164046870534506e+01,3.593508541878932760e+00
1.576164618462417977e+01,4.177261324327741221e+00
1.578165190054301270e+01,4.019386899083013276e+00
1.580165761646184563e+01,4.177124449347687118e+00
1.582166333238068034e+01,4.815460427036656554e+00
1.584166904829951505e+01,4.913858958721309733e+00
1.586167476421834799e+01,4.523796601014762331e+00
1.588168048013718270e+01,3.841525053503579645e+00
1.590168619605601563e+01,4.281059521288508307e+00
1.592169191197485034e+01,4.778976882229683198e+00
1.594169762789368505e+01,5.494174245765523601e+00
1.596170334381251799e+01,4.637303337195570307e+00
1.598170905973135092e+01,5.015447758562826763e+00
1.600171477565018563e+01,4.504048453383544981e+00
1.602172049156902034e+01,5.255903726515606778e+00
1.604172620748785505e+01,5.528954021939359365e+00
1.606173192340668976e+01,4.721228773432681436e+00
1.608173763932552092e+01,5.163977872590860940e+00
1.610174335524435563e+01,4.728919691427447169e+00
1.612174907116319034e+01,5.385345484874278554e+00
1.614175478708202505e+01,5.176335157902234307e+00
1.616176050300085620e+01,4.929024770992814553e+00
1.618176621891969091e+01,4.794678116477649965e+00
1.620177193483852562e+01,4.550857311674453065e+00
1.622177765075736033e+01,4.478981926201941022e+00
1.624178336667619504e+01,5.223836716269110170e+00
1.626178908259502620e+01,4.804554476076260627e+00
1.628179479851386091e+01,4.687351505199399249e+00
1.630180051443269562e+01,5.138670755525522438e+00
1.632180623035153033e+01,4.618810556547946256e+00
1.634181194627036149e+01,3.914393963174231494e+00
1.636181766218919620e+01,4.905740770763006964e+00
1.638182337810803091e+01,4.592694479887410530e+00
1.640182909402686562e+01,4.126493257006082160e+00
1.642183480994570033e+01,3.635988311616012325e+00
1.644184052586453504e+01,4.634563087544125715e+00
1.646184624178336620e+01,4.074948090964150893e+00
1.648185195770220091e+01,4.936093901285758534e+00
1.650185767362103562e+01,4.207454042088272672e+00
1.652186338953986677e+01,4.570740446046830385e+00
1.654186910545870148e+01,4.416248835124797267e+00
1.656187482137753619e+01,3.517331254488935244e+00
1.658188053729637090e+01,4.868629552102791358e+00
1.660188625321520561e+01,5.154396197528298806e+00
1.662189196913404032e+01,4.614888484135050817e+00
1.664189768505287148e+01,5.074310663867475313e+00
1.666190340097170619e+01,4.811328090561449500e+00
1.668190911689054090e+01,4.331525777203007799e+00
1.670191483280937561e+01,4.731948675370087898e+00
1.672192054872820677e+01,5.794671663057941124e+00
1.674192626464704148e+01,5.330280782884038615e+00
1.676193198056587619e+01,5.419119741956581748e+00
1.678193769648471090e+01,5.870414904096877606e+00
1.680194341240354561e+01,5.349259555069039607e+00
1.682194912832238032e+01,5.507150331249373920e+00
1.684195484424121148e+01,5.240278529109018812e+00
1.686196056016004619e+01,6.090622622495514449e+00
1.688196627607888090e+01,5.719521238889559100e+00
1.690197199199771205e+01,5.925182924156654707e+00
1.692197770791654676e+01,5.516618397251379591e+00
1.694198342383538147e+01,6.242026183192010969e+00
1.696198913975421618e+01,6.507412720052353272e+00
1.698199485567305089e+01,6.611139207955927688e+00
1.700200057159188560e+01,5.941213715769158910e+00
1.702200628751071676e+01,6.416156951685962007e+00
1.704201200342955147e+01,7.191891722053373570e+00
1.706201771934838618e+01,7.402079538893762134e+00
1.708202343526722089e+01,7.740262682917411041e+00
1.710202915118605205e+01,8.081557060062166897e+00
1.712203486710488676e+01,7.524708308586808947e+00
1.714204058302372147e+01,7.873588321446282734e+00
1.716204629894255618e+01,8.336264589771557709e+00
1.718205201486139089e+01,8.393235244177173371e+00
1.720205773078022204e+01,9.018510446933092339e+00
1.722206344669905675e+01,8.477367339214971764e+00
1.724206916261789146e+01,8.522704727968548610e+00
1.726207487853672617e+01,9.502736664248693899e+00
1.728208059445555733e+01,8.720683079596520670e+00
1.730208631037439204e+01,9.128328380234298933e+00
1.732209202629322675e+01,9.868841930779071348e+00
1.734209774221206146e+01,1.005497917471627112e+01
1.736210345813089617e+01,1.083039175422824307e+01
1.738210917404973088e+01,1.139685586341897761e+01
1.740211488996856204e+01,1.140655270430999835e+01
1.742212060588739675e+01,1.138611889429592416e+01
1.744212632180623146e+01,1.137127468533779506e+01
1.746213203772506262e+01,1.141187797614662003e+01
1.748213775364389733e+01,1.244667164479528054e+01
1.750214346956273204e+01,1.280308736392326807e+01
1.752214918548156675e+01,1.359123399718762215e+01
1.754215490140040146e+01,1.345137577672046980e+01
1.756216061731923617e+01,1.383876645004214367e+01
1.758216633323806732e+01,1.354817490368972699e+01
1.760217204915690203e+01,1.425213739990693007e+01
1.762217776507573674e+01,1.484887858505041081e+01
1.764218348099457145e+01,1.525874911656741872e+01
1.766218919691340261e+01,1.550701171647162546e+01
1.768219491283223732e+01,1.495861145237706680e+01
1.770220062875107203e+01,1.534150019152862043e+01
1.772220634466990674e+01,1.574703175132806088e+01
1.774221206058874145e+01,1.688278412966953823e+01
1.776221777650757616e+01,1.665031114334088613e+01
1.778222349242640732e+01,1.650663157208791176e+01
1.780222920834524203e+01,1.674554647777339511e+01
1.782223492426407674e+01,1.627180097930839509e+01
1.784224064018290790e+01,1.651499022956367213e+01
1.786224635610174261e+01,1.568327277212341464e+01
1.788225207202057732e+01,1.546817768960424466e+01
1.790225778793941203e+01,1.467540970087702590e+01
1.792226350385824674e+01,1.472399350322771383e+01
1.794226921977708145e+01,1.356554246316868273e+01
1.796227493569591260e+01,1.261575400201625996e+01
1.798228065161474731e+01,1.295845056077651947e+01
1.800228636753358202e+01,1.131017199079801827e+01
1.802229208345241318e+01,1.105765861040586451e+01
1.804229779937124789e+01,1.028090767072897904e+01
1.806230351529008260e+01,9.938042818773869413e+00
1.808230923120891731e+01,8.047236606506867673e+00
1.810231494712775202e+01,8.023553062857224916e+00
1.812232066304658673e+01,7.152384114923682645e+00
1.814232637896542144e+01,6.152182176006064651e+00
1.816233209488425260e+01,5.951241606074489709e+00
1.818233781080308731e+01,5.969682017773686233e+00
1.820234352672191847e+01,4.505120627854267035e+00
1.822234924264075318e+01,4.624016341421027576e+00
1.824235495855958789e+01,4.353577212149020603e+00
1.826236067447842260e+01,4.807785352413525004e+00
1.828236639039725731e+01,3.590629627202208241e+00
1.830237210631609202e+01,4.467551294292269048e+00
1.832237782223492673e+01,3.784700701017595925e+00
1.834238353815375788e+01,4.584556137407188814e+00
1.836238925407259259e+01,3.325258596994835170e+00
1.838239496999142730e+01,4.027957761031150774e+00
1.840240068591025846e+01,3.347094785476404155e+00
1.842240640182909317e+01,3.816043659200930804e+00
1.844241211774792788e+01,3.398486326191912710e+00
1.846241783366676259e+01,3.777639978274831556e+00
1.848242354958559730e+01,3.753636768302591520e+00
1.850242926550443201e+01,3.457678839971310314e+00
1.852243498142326672e+01,4.056247570214484455e+00
1.854244069734209788e+01,4.279097493052718804e+00
1.856244641326093259e+01,3.365964167276155550e+00
1.858245212917976374e+01,3.891389061102760394e+00
1.860245784509859845e+01,3.904562881353509596e+00
1.862246356101743316e+01,3.336967980902041830e+00
1.864246927693626787e+01,3.341465376437718238e+00
1.866247499285510258e+01,3.912238376414113539e+00
1.868248070877393729e+01,3.025125005762838271e+00
1.870248642469277200e+01,3.449262924972763322e+00
1.872249214061160316e+01,3.668383433413502814e+00
1.874249785653043787e+01,3.762148965745853779e+00
1.876250357244927258e+01,4.213090503376716534e+00
1.878250928836810374e+01,3.537710998038276600e+00
1.880251500428693845e+01,2.861839356137577894e+00
1.882252072020577316e+01,3.191274392247023250e+00
1.884252643612460787e+01,3.102297059028811255e+00
1.886253215204344258e+01,3.734656960520126745e+00
1.888253786796227729e+01,3.594134167226143539e+00
1.890254358388111200e+01,3.777363818563595821e+00
1.892254929979994316e+01,3.111551246652621394e+00
1.894255501571877787e+01,4.225456639203432729e+00
1.896256073163760902e+01,3.328497490883923327e+00
1.898256644755644373e+01,3.535687803495664028e+00
1.900257216347527844e+01,3.100412880513696567e+00
1.902257787939411315e+01,3.614577332951835587e+00
1.904258359531294786e+01,3.244359126806383387e+00
1.906258931123178257e+01,3.625505153941316561e+00
1.908259502715061728e+01,2.931862501554000300e+00
1.910260074306944844e+01,4.115258853337888212e+00
1.912260645898828315e+01,3.351220739787036607e+00
1.914261217490711431e+01,2.652314886155666684e+00
1.916261789082594902e+01,4.015752968575062809e+00
1.918262360674478373e+01,3.479617033581468455e+00
1.920262932266361844e+01,3.361162992604044497e+00
1.922263503858245315e+01,3.519479533074193700e+00
1.924264075450128786e+01,3.041596587409738373e+00
1.926264647042012257e+01,3.482506409617665000e+00
1.928265218633895373e+01,3.612491254939752316e+00
1.930265790225778844e+01,3.051319925241893660e+00
1.932266361817662315e+01,4.015130337300250929e+00
1.934266933409545430e+01,3.974737622959958472e+00
1.936267505001428901e+01,3.490303108722442094e+00
1.938268076593312372e+01,3.993812008261822033e+00
1.940268648185195843e+01,3.084041551042789653e+00
1.942269219777079314e+01,3.686741479962063917e+00
1.944269791368962785e+01,3.390438913416088162e+00
1.946270362960846256e+01,3.912167130247536040e+00
1.948270934552729372e+01,4.077423273687028171e+00
1.950271506144612843e+01,3.412679980709877992e+00
1.952272077736495959e+01,3.930295130411242788e+00
1.954272649328379430e+01,3.316352032802924121e+00
1.956273220920262901e+01,3.867057411901547503e+00
1.958273792512146372e+01,3.791735756661679169e+00
1.960274364104029843e+01,3.007955612578999016e+00
1.962274935695913314e+01,3.394776103831755876e+00
1.964275507287796785e+01,3.636907768613041991e+00
1.966276078879679901e+01,4.018432718654801228e+00
1.968276650471563372e+01,3.620312891240011766e+00
1.970277222063446487e+01,3.315840533156140690e+00
1.972277793655329958e+01,3.496266129041702087e+00
1.974278365247213429e+01,2.687992114366331897e+00
1.976278936839096900e+01,4.104494129003509961e+00
1.978279508430980371e+01,3.540266623509503496e+00
1.980280080022863842e+01,3.873119945576505074e+00
1.982280651614747313e+01,4.071120849100556605e+00
1.984281223206630784e+01,3.380611377276468321e+00
1.986281794798513900e+01,4.142663482949869191e+00
1.988282366390397371e+01,2.930876748313372193e+00
1.990282937982280487e+01,3.893901308634340364e+00
1.992283509574163958e+01,4.250488327665594923e+00
1.994284081166047429e+01,3.786367774407826126e+00
1.996284652757930900e+01,4.324649623352049943e+00
1.998285224349814371e+01,3.064512563859649319e+00
2.000285795941697842e+01,3.317674622960511854e+00
2.002286367533581313e+01,3.890034375700269109e+00
2.004286939125464428e+01,3.842239477417136229e+00
2.006287510717347899e+01,3.995562392530166651e+00
2.008288082309231015e+01,3.846777607571808311e+00
2.010288653901114486e+01,3.235858578223262505e+00
2.012289225492997957e+01,3.407514553123994538e+00
2.014289797084881428e+01,4.319458438368681819e+00
2.016290368676764899e+01,3.531351816218124995e+00
2.018290940268648370e+01,3.306526769891322104e+00
2.020291511860531841e+01,3.534822237435308878e+00
2.022292083452414957e+01,4.151982511899588779e+00
2.024292655044298428e+01,3.468621443335394794e+00
2.026293226636181899e+01,3.588890572546626245e+00
2.028293798228065015e+01,3.708285912132350148e+00
2.030294369819948486e+01,3.612802584004955797e+00
2.032294941411831957e+01,3.456618223727690342e+00
2.034295513003715428e+01,3.664925223545563604e+00
2.036296084595598899e+01,3.894723488597808370e+00
2.038296656187482370e+01,4.088811336443085587e+00
2.040297227779365841e+01,4.353933891006946055e+00
2.042297799371248956e+01,4.236636873016632165e+00
2.044298370963132427e+01,3.851449047796604575e+00
2.046298942555015543e+01,3.909754254689633335e+00
2.048299514146899014e+01,2.817218053445952108e+00
2.050300085738782485e+01,3.834314175855495055e+00
2.052300657330665956e+01,3.191150864600061254e+00
2.054301228922549427e+01,4.014117503246149354e+00
2.056301800514432898e+01,2.961471252412211985e+00
2.058302372106316369e+01,3.727326656183882925e+00
2.060302943698199485e+01,2.796059321940361997e+00
2.062303515290082956e+01,3.663298214336097036e+00
2.064304086881966072e+01,3.275545114258016088e+00
2.066304658473849543e+01,3.982498060972682996e+00
2.068305230065733014e+01,3.171652213145627286e+00
2.070305801657616485e+01,3.698154678970162035e+00
2.072306373249499956e+01,3.358269413948145932e+00
2.074306944841383427e+01,3.847451264656828407e+00
2.076307516433266898e+01,4.607579475368146937e+00
2.078308088025150369e+01,4.183883018788304042e+00
2.080308659617033484e+01,3.684779924974995069e+00
2.082309231208916955e+01,3.740690005816399655e+00
2.084309802800800071e+01,4.450475656587749462e+00
2.086310374392683542e+01,3.681240608516730184e+00
2.088310945984567013e+01,3.452225084836372027e+00
2.090311517576450484e+01,3.215006971659974511e+00
2.092312089168333955e+01,3.232359741355606886e+00
2.094312660760217426e+01,3.505803571256658202e+00
2.096313232352100897e+01,3.368975279525255218e+00
2.098313803943984013e+01,4.350931967363390385e+00
2.100314375535867484e+01,3.830849347953872552e+00
2.102314947127750600e+01,3.992207312238678085e+00
2.104315518719634071e+01,3.410399487089831538e+00
2.106316090311517542e+01,3.993062647955464506e+00
2.108316661903401013e+01,3.126211734204652259e+00
2.110317233495284484e+01,3.815984957596721294e+00
2.112317805087167955e+01,3.643947185494708751e+00
2.114318376679051426e+01,3.395468549667321589e+00
2.116318948270934541e+01,3.475817948209998676e+00
2.118319519862818012e+01,3.340433505608885412e+00
2.120320091454701483e+01,4.695206574409743538e+00
2.122320663046584599e+01,3.466184750873535947e+00
2.124321234638468070e+01,4.081589514177045075e+00
2.126321806230351541e+01,3.823221637004428963e+00
2.128322377822235012e+01,4.365897674364738634e+00
2.130322949414118483e+01,3.432815737484203211e+00
2.132323521006001954e+01,3.859793455970968346e+00
2.134324092597885425e+01,3.828535396529491486e+00
2.136324664189768541e+01,4.139816243319704547e+00
2.138325235781652012e+01,3.884688902505654795e+00
2.140325807373535127e+01,4.010402768397312023e+00
2.142326378965418598e+01,4.108113402428223537e+00
2.144326950557302069e+01,3.395105076548969869e+00
2.146327522149185540e+01,3.271948635622495161e+00
2.148328093741069011e+01,4.455505076976892020e+00
2.150328665332952482e+01,3.914228476525359657e+00
2.152329236924835953e+01,4.390053910360993683e+00
2.154329808516719069e+01,3.709267588321502274e+00
2.156330380108602540e+01,3.953058486915667302e+00
2.158330951700485656e+01,4.461996515135639996e+00
2.160331523292369127e+01,4.047971285498205063e+00
2.162332094884252598e+01,3.590432079917682096e+00
2.164332666476136069e+01,4.540683702719087833e+00
2.166333238068019540e+01,3.257760602679300455e+00
2.168333809659903011e+01,3.883267727179680939e+00
2.170334381251786482e+01,3.689819070017520630e+00
2.172334952843669598e+01,4.189623410293751959e+00
2.174335524435553069e+01,3.657600713350479982e+00
2.176336096027436540e+01,3.997830949724446192e+00
2.178336667619319655e+01,3.631878138655939559e+00
2.180337239211203126e+01,4.964785114233304597e+00
2.182337810803086597e+01,4.720896694444506991e+00
2.184338382394970068e+01,3.697830461158250426e+00
2.186338953986853539e+01,4.528719522808849263e+00
2.188339525578737010e+01,5.104498110527676324e+00
2.190340097170620481e+01,4.470811491659335779e+00
2.192340668762503597e+01,4.594362033551073310e+00
2.194341240354387068e+01,4.503258724150551728e+00
2.196341811946270184e+01,5.288048564417966446e+00
2.198342383538153655e+01,3.918841494158480376e+00
2.200342955130037126e+01,4.984106788059047943e+00
2.202343526721920597e+01,4.850146740488236574e+00
2.204344098313804068e+01,4.981000661743773428e+00
2.206344669905687539e+01,5.287106553387698860e+00
2.208345241497571010e+01,5.129563387840928357e+00
2.210345813089454126e+01,4.862241588419863092e+00
2.212346384681337597e+01,5.494752949508363571e+00
2.214346956273221068e+01,5.471059844849673226e+00
2.216347527865104183e+01,5.095664306373530295e+00
2.218348099456987654e+01,4.187569287591685452e+00
2.220348671048871125e+01,5.457081050935979505e+00
2.222349242640754596e+01,5.173373095110580522e+00
2.224349814232638067e+01,4.451819338844671847e+00
2.226350385824521538e+01,5.375729674059480878e+00
2.228350957416405009e+01,6.173914793860338257e+00
2.230351529008288125e+01,4.821565881048504920e+00
2.232352100600171596e+01,5.554574547768002191e+00
2.234352672192054712e+01,4.976010803909174385e+00
2.236353243783938183e+01,6.125324149616664826e+00
2.238353815375821654e+01,5.354360993650210787e+00
2.240354386967705125e+01,5.267957638686254995e+00
2.242354958559588596e+01,5.294804382508303320e+00
2.244355530151472067e+01,5.313051057331193761e+00
2.246356101743355538e+01,6.390724855722426767e+00
2.248356673335238654e+01,5.570950430335661174e+00
2.250357244927122125e+01,5.198602795190737424e+00
2.252357816519005240e+01,6.490462291775373593e+00
2.254358388110888711e+01,6.315023185369416758e+00
2.256358959702772182e+01,6.210985532881268867e+00
2.258359531294655653e+01,5.923320621647961914e+00
2.260360102886539124e+01,5.492347563302246272e+00
2.262360674478422595e+01,5.474484164174802103e+00
2.264361246070306066e+01,5.885156844944434695e+00
2.266361817662189182e+01,5.546740802604323228e+00
2.268362389254072653e+01,5.655400664857431536e+00
2.270362960845956124e+01,5.733379442789146907e+00
2.272363532437839240e+01,5.590138102810070286e+00
2.274364104029722711e+01,5.229521142199222261e+00
2.276364675621606182e+01,6.064479180181653106e+00
2.278365247213489653e+01,4.571684749117698843e+00
2.280365818805373124e+01,5.204798841823578215e+00
2.282366390397256595e+01,4.780274153520697844e+00
2.284366961989140066e+01,4.555174660325709723e+00
2.286367533581023181e+01,4.331928326663630813e+00
2.288368105172906652e+01,4.801956871088478351e+00
2.290368676764789768e+01,4.200404827813224884e+00
2.292369248356673239e+01,4.393279403023925944e+00
2.294369819948556710e+01,4.539238493889943271e+00
2.296370391540440181e+01,4.419283931556618583e+00
2.298370963132323652e+01,4.370702326273349314e+00
2.300371534724207123e+01,4.234296827681456321e+00
2.302372106316090594e+01,4.371245618612170425e+00
2.304372677907973710e+01,4.246732391600359868e+00
2.306373249499857181e+01,4.703408470376649220e+00
2.308373821091740652e+01,4.588512039921718966e+00
2.310374392683623768e+01,3.865458834852933734e+00
2.312374964275507239e+01,3.654565258068648070e+00
2.314375535867390710e+01,3.515757252436620739e+00
2.316376107459274181e+01,4.138236341421884568e+00
2.318376679051157652e+01,4.075866696451656779e+00
2.320377250643041123e+01,4.033281074546543721e+00
2.322377822234924594e+01,3.884983387582629177e+00
2.324378393826807709e+01,4.504580544484054982e+00
2.326378965418691180e+01,4.131007454905287091e+00
2.328379537010574296e+01,4.730052817670882703e+00
2.330380108602457767e+01,3.844662226028912499e+00
2.332380680194341238e+01,3.920060118745298805e+00
2.334381251786224709e+01,3.511760941054796081e+00
2.336381823378108180e+01,4.221867801309540980e+00
2.338382394969991651e+01,4.030522938382194553e+00
2.340382966561875122e+01,4.992228910185630752e+00
2.342383538153758238e+01,4.221341307663115217e+00
2.344384109745641709e+01,4.035976142237873709e+00
2.346384681337524825e+01,4.589285033253610813e+00
2.348385252929408296e+01,3.416467763887153453e+00
2.350385824521291767e+01,4.634180050054492739e+00
2.352386396113175238e+01,4.756652861512606023e+00
2.354386967705058709e+01,4.315733526310881807e+00
2.356387539296942180e+01,4.720967818610819933e+00
2.358388110888825651e+01,3.977847869079510712e+00
2.360388682480708766e+01,3.918000171867243697e+00
2.362389254072592237e+01,4.081739629231046607e+00
2.364389825664475708e+01,4.262575353057309613e+00
2.366390397256358824e+01,5.010624021374117554e+00
2.368390968848242295e+01,4.379351175088837422e+00
2.370391540440125766e+01,4.191752457105056173e+00
2.372392112032009237e+01,4.702947888442226443e+00
2.374392683623892708e+01,4.724336506451930262e+00
2.376393255215776179e+01,4.233960099040693592e+00
2.378393826807659650e+01,4.462780553648744153e+00
2.380394398399542766e+01,4.931269429029525142e+00
2.382394969991426237e+01,5.096254545432576499e+00
2.384395541583309353e+01,4.760512240925677041e+00
2.386396113175192824e+01,3.456176787148523388e+00
2.388396684767076295e+01,4.049448441351545469e+00
2.390397256358959766e+01,4.493208964896219015e+00
2.392397827950843237e+01,5.027509966470471880e+00
2.394398399542726708e+01,4.194010109019308707e+00
2.396398971134610179e+01,3.880190369027902708e+00
2.398399542726493294e+01,3.533435701061476308e+00
2.400400114318376765e+01,4.818389945720371159e+00
2.402400685910260236e+01,3.849560327828832396e+00
2.404401257502143352e+01,4.188226054238264773e+00
2.406401829094026823e+01,4.898412211851118414e+00
2.408402400685910294e+01,4.170967784230463771e+00
2.410402972277793765e+01,4.769980248846202642e+00
2.412403543869677236e+01,4.386922666368525014e+00
2.414404115461560707e+01,4.773446517599051475e+00
2.416404687053444178e+01,4.251410536192048895e+00
2.418405258645327294e+01,4.069412401929152878e+00
2.420405830237210765e+01,3.625719587980301029e+00
2.422406401829093880e+01,3.951015002459732806e+00
2.424406973420977351e+01,3.780885961467134848e+00
2.426407545012860822e+01,5.056025457560361147e+00
2.428408116604744293e+01,4.065383819475453464e+00
2.430408688196627764e+01,3.697873116285477657e+00
2.432409259788511235e+01,4.397122662625315037e+00
2.434409831380394706e+01,4.667357392484476009e+00
2.436410402972277822e+01,4.236310011515531215e+00
2.438410974564161293e+01,4.599534624786791426e+00
2.440411546156044409e+01,4.379237392985405819e+00
2.442412117747927880e+01,4.574769352589406424e+00
2.444412689339811351e+01,4.849578608096091870e+00
2.446413260931694822e+01,4.742700722141096392e+00
2.448413832523578293e+01,3.941867718798321540e+00
2.450414404115461764e+01,4.243233838918104794e+00
2.452414975707345235e+01,4.759323589710382052e+00
2.454415547299228351e+01,4.228576242392803053e+00
2.456416118891111822e+01,3.840726718377752036e+00
2.458416690482995293e+01,3.951014242193662707e+00
2.460417262074878408e+01,4.837788970652594500e+00
2.462417833666761879e+01,3.825753340588676110e+00
2.464418405258645350e+01,4.764206578053267194e+00
2.466418976850528821e+01,4.424932038070656048e+00
2.468419548442412292e+01,4.010991372590009263e+00
2.470420120034295763e+01,4.843871997308376365e+00
2.472420691626179234e+01,5.108301449964638863e+00
2.474421263218062350e+01,3.981951056969254665e+00
2.476421834809945821e+01,4.392851425112342945e+00
2.478422406401828937e+01,4.707543355161139864e+00
2.480422977993712408e+01,3.979357183842618717e+00
2.482423549585595879e+01,5.003725211700440489e+00
2.484424121177479350e+01,4.562377788426633884e+00
2.486424692769362821e+01,4.720790843445501039e+00
2.488425264361246292e+01,5.269086533088287005e+00
2.490425835953129763e+01,4.392524304635456289e+00
2.492426407545012879e+01,4.327649604632894054e+00
2.494426979136896350e+01,4.711814916890068261e+00
2.496427550728779821e+01,4.002297284634682484e+00
2.498428122320662936e+01,4.899387343366106151e+00
2.500428693912546407e+01,4.321146632509050178e+00
2.502429265504429878e+01,4.555909327883964188e+00
2.504429837096313349e+01,4.082836847841554651e+00
2.506430408688196820e+01,4.018947819497027396e+00
2.508430980280080291e+01,4.046326461787253415e+00
2.510431551871963762e+01,4.974246144978039297e+00
2.512432123463846878e+01,3.745812390926775315e+00
2.514432695055730349e+01,4.602966299327782451e+00
2.516433266647613465e+01,3.877901661058312577e+00
2.518433838239496936e+01,4.235042504723047330e+00
2.520434409831380407e+01,4.213133794308489222e+00
2.522434981423263878e+01,3.757306292072210674e+00
2.524435553015147349e+01,4.611330673995778895e+00
2.526436124607030820e+01,4.327891639207273045e+00
2.528436696198914291e+01,4.352617018572937369e+00
2.530437267790797407e+01,3.615255161773053949e+00
2.532437839382680878e+01,4.569866569119314548e+00
2.534438410974563993e+01,5.177527588704432304e+00
2.536438982566447464e+01,4.841487677469657136e+00
2.538439554158330935e+01,4.065882978078035670e+00
2.540440125750214406e+01,4.072797877493102625e+00
2.542440697342097877e+01,4.987712443105829507e+00
2.544441268933981348e+01,4.259838837520952382e+00
2.546441840525864819e+01,4.562955349949995743e+00
2.548442412117747935e+01,5.288145871317293967e+00
2.550442983709631406e+01,4.186462575572909905e+00
2.552443555301514877e+01,4.531581410424485590e+00
2.554444126893397993e+01,4.297438165493770335e+00
2.556444698485281464e+01,4.830481719756365422e+00
2.558445270077164935e+01,4.870312088019614905e+00
2.560445841669048406e+01,5.114702676078811905e+00
2.562446413260931877e+01,4.470596646843461031e+00
2.564446984852815348e+01,5.317669284849385392e+00
2.566447556444698819e+01,5.031122041216951501e+00
2.568448128036581934e+01,4.691155980761347877e+00
2.570448699628465405e+01,4.330870077162443543e+00
2.572449271220348521e+01,4.357167514858018009e+00
2.574449842812231992e+01,3.950896460221481110e+00
2.576450414404115463e+01,4.983206441804618692e+00
2.578450985995998934e+01,4.652167316936903774e+00
2.580451557587882405e+01,5.280070499751563950e+00
2.582452129179765876e+01,4.091549572436799842e+00
2.584452700771649347e+01,4.436384872551265346e+00
2.586453272363532463e+01,4.651143918744979899e+00
2.588453843955415934e+01,5.469932017617095354e+00
2.590454415547299405e+01,4.200162937758438630e+00
2.592454987139182521e+01,4.649048246024579001e+00
2.594455558731065992e+01,4.626637553124995250e+00
2.596456130322949463e+01,5.222673155747141749e+00
2.598456701914832934e+01,4.294404457874406944e+00
2.600457273506716405e+01,4.431355120721860885e+00
2.602457845098599520e+01,4.758586190467839927e+00
2.604458416690482991e+01,5.369421292892479158e+00
2.606458988282366462e+01,4.497394550131062374e+00
2.608459559874249933e+01,4.147180027921731238e+00
2.610460131466133404e+01,4.470137093334976441e+00
2.612460703058016520e+01,5.139514055581583030e+00
2.614461274649899991e+01,5.573574073446913246e+00
2.616461846241783462e+01,5.328806734666811096e+00
2.618462417833666933e+01,5.619009718113829877e+00
2.620462989425550404e+01,4.278393231370360539e+00
2.622463561017433520e+01,4.472185910859478142e+00
2.624464132609316991e+01,4.825133160773368957e+00
2.626464704201200462e+01,4.446842280569690331e+00
2.628465275793083933e+01,4.523702824740700734e+00
2.630465847384967049e+01,5.162225419506790480e+00
2.632466418976850520e+01,5.002534074562613675e+00
2.634466990568733991e+01,4.883038584789771264e+00
2.636467562160617462e+01,5.165136413034762342e+00
2.638468133752500933e+01,5.395518655777661543e+00
2.640468705344384048e+01,5.161816741650769202e+00
2.642469276936267519e+01,4.575927188867327189e+00
2.644469848528150990e+01,5.528415717836860033e+00
2.646470420120034461e+01,5.864305821289031329e+00
2.648470991711917932e+01,4.979211971023435268e+00
2.650471563303801048e+01,5.252805086285107450e+00
2.652472134895684519e+01,4.839366774642218871e+00
2.654472706487567990e+01,5.547631443226917369e+00
2.656473278079451461e+01,5.155982069090800479e+00
2.658473849671334932e+01,4.586031774497916658e+00
2.660474421263218048e+01,5.321972189708261247e+00
2.662474992855101519e+01,5.505848600802773163e+00
2.664475564446984990e+01,5.286565735757512208e+00
2.666476136038868461e+01,5.716095836477067316e+00
2.668476707630751577e+01,4.699644243660296539e+00
2.670477279222635048e+01,5.148863435869558636e+00
2.672477850814518519e+01,5.489633296706251997e+00
2.674478422406401990e+01,5.555825678179684424e+00
2.676478993998285461e+01,5.542120110727850602e+00
2.678479565590168576e+01,5.974486995409558077e+00
2.680480137182052047e+01,6.338653089259407736e+00
2.682480708773935518e+01,6.488591085373194289e+00
2.684481280365818989e+01,6.394402223249182171e+00
2.686481851957702460e+01,6.450881585781666594e+00
2.688482423549585576e+01,7.214686160944768112e+00
2.690482995141469047e+01,7.211599203133247649e+00
2.692483566733352518e+01,7.131461408987609829e+00
2.694484138325235989e+01,8.129473588924220451e+00
2.696484709917119105e+01,8.281916422092912455e+00
2.698485281509002576e+01,8.250746603551373681e+00
2.700485853100886047e+01,9.665166241547840542e+00
2.702486424692769518e+01,9.492198284655410490e+00
2.704486996284652989e+01,1.034562261394800231e+01
2.706487567876536104e+01,1.194623841391961783e+01
2.708488139468419575e+01,1.187135983064989375e+01
2.710488711060303046e+01,1.241313829847394423e+01
2.712489282652186517e+01,1.326409863253513954e+01
2.714489854244069988e+01,1.400723793260928396e+01
2.716490425835953104e+01,1.545611752359187818e+01
2.718490997427836575e+01,1.631092338064926395e+01
2.720491569019720046e+01,1.775078005343832288e+01
2.722492140611603517e+01,1.853978386681203006e+01
2.724492712203486633e+01,1.900372658066958920e+01
2.726493283795370104e+01,2.040259064303398873e+01
2.728493855387253575e+01,2.159545860471750345e+01
2.730494426979137046e+01,2.405462451562778625e+01
2.732494998571020517e+01,2.536796708477561424e+01
2.734495570162903633e+01,2.614160013828839624e+01
2.736496141754787104e+01,2.892710245974753036e+01
2.738496713346670575e+01,3.042200052618014183e+01
2.740497284938554046e+01,3.206577900377061496e+01
2.742497856530437517e+01,3.397504276500376363e+01
2.744498428122320632e+01,3.553234396023699304e+01
2.746498999714204103e+01,3.895177214499841511e+01
2.748499571306087574e+01,4.068608502268155291e+01
2.750500142897971045e+01,4.276730751301751354e+01
2.752500714489854516e+01,4.575623991426973447e+01
2.754501286081737632e+01,4.843999447848580076e+01
2.756501857673621103e+01,5.173536027477065602e+01
2.758502429265504574e+01,5.351393486049645531e+01
2.760503000857388045e+01,5.701361511868692844e+01
2.762503572449271161e+01,6.058545264543300846e+01
2.764504144041154632e+01,6.363298369390359710e+01
2.766504715633038103e+01,6.678523498256365087e+01
2.768505287224921574e+01,7.033220323223933690e+01
2.770505858816805045e+01,7.396960486001037793e+01
2.772506430408688161e+01,7.738743918133999955e+01
2.774507002000571632e+01,7.961471033316121293e+01
2.776507573592455103e+01,8.315016463417174464e+01
2.778508145184338574e+01,8.623708394219551110e+01
2.780508716776222045e+01,8.871715392681213075e+01
2.782509288368105160e+01,9.097249886739218994e+01
2.784509859959988631e+01,9.259094130482148444e+01
2.786510431551872102e+01,9.425604630010951723e+01
2.788511003143755573e+01,9.416262731726774859e+01
2.790511574735638689e+01,9.379580493248940343e+01
2.792512146327522160e+01,9.285658757583235001e+01
2.794512717919405631e+01,9.038384757051238694e+01
2.796513289511289102e+01,8.864233741797471566e+01
2.798513861103172573e+01,8.421207196729832845e+01
2.800514432695055689e+01,8.072755312108759540e+01
2.802515004286939160e+01,7.635632275733766505e+01
2.804515575878822631e+01,7.073979681264003716e+01
2.806516147470706102e+01,6.570349882400174124e+01
2.808516719062589573e+01,6.030478120480927373e+01
2.810517290654472689e+01,5.427787701655087460e+01
2.812517862246356160e+01,4.932412572763085024e+01
2.814518433838239631e+01,4.382561233297447245e+01
2.816519005430123102e+01,3.858778856540624957e+01
2.818519577022006217e+01,3.408639521341444834e+01
2.820520148613889688e+01,2.885969082330201019e+01
2.822520720205773159e+01,2.517207503870977803e+01
2.824521291797656630e+01,2.234016788621813632e+01
2.826521863389540101e+01,1.974906874192627626e+01
2.828522434981423217e+01,1.720198392170898671e+01
2.830523006573306688e+01,1.504993658324927708e+01
2.832523578165190159e+01,1.295110740427013774e+01
2.834524149757073630e+01,1.136377787862108768e+01
2.836524721348957101e+01,1.047984408590731498e+01
2.838525292940840217e+01,1.011222569865411458e+01
2.840525864532723688e+01,9.414635068410806440e+00
2.842526436124607159e+01,8.694173869243016384e+00
2.844527007716490630e+01,8.589121736717105549e+00
2.846527579308374101e+01,7.499032920671349522e+00
2.848528150900257216e+01,7.756088200713720404e+00
2.850528722492140687e+01,7.079810017859192506e+00
2.852529294084024158e+01,7.161576276266540475e+00
2.854529865675907629e+01,7.443772832374735415e+00
2.856530437267790745e+01,6.812380510759195040e+00
2.858531008859674216e+01,6.181047318641114785e+00
2.860531580451557687e+01,6.022035161620433286e+00
2.862532152043441158e+01,6.179983861102735787e+00
2.864532723635324629e+01,6.455142307137315960e+00
2.866533295227207745e+01,6.623570164599454912e+00
2.868533866819091216e+01,6.865468651514246012e+00
2.870534438410974687e+01,6.216124222585888148e+00
2.872535010002858158e+01,6.055764413473479379e+00
2.874535581594741629e+01,5.713956733648352326e+00
2.876536153186624745e+01,6.215525493863504281e+00
2.878536724778508216e+01,6.453557946128480438e+00
2.880537296370391687e+01,5.681102915795120722e+00
2.882537867962275158e+01,5.934643107040361798e+00
2.884538439554158273e+01,5.419280029042946367e+00
2.886539011146041744e+01,5.450315874403623084e+00
2.888539582737925215e+01,5.645737042723173005e+00
2.890540154329808686e+01,5.348422417193955170e+00
2.892540725921692157e+01,5.500035589275263703e+00
2.894541297513575273e+01,5.409784847424429444e+00
2.896541869105458744e+01,5.742270563312773746e+00
2.898542440697342215e+01,5.847236280488755433e+00
2.900543012289225686e+01,5.953452304629627712e+00
2.902543583881109157e+01,5.203046949085107897e+00
2.904544155472992273e+01,5.926330968090747220e+00
2.906544727064875744e+01,6.118115527468403592e+00
2.908545298656759215e+01,5.823445889505754813e+00
2.910545870248642686e+01,5.454997139903923653e+00
2.912546441840525802e+01,5.512414651373086727e+00
2.914547013432409273e+01,6.005150024597689651e+00
2.916547585024292744e+01,5.538417679283812234e+00
2.918548156616176215e+01,5.393342541950318036e+00
2.920548728208059686e+01,5.884917832371010959e+00
2.922549299799942801e+01,6.081794073929816413e+00
2.924549871391826272e+01,5.684896680703529270e+00
2.926550442983709743e+01,6.176332005690853499e+00
2.928551014575593214e+01,5.949273610059032436e+00
2.930551586167476685e+01,5.338858378408652072e+00
2.932552157759359801e+01,6.141002841555641467e+00
2.934552729351243272e+01,4.865378722467506911e+00
2.936553300943126743e+01,6.204566286691870047e+00
2.938553872535010214e+01,5.104545684329139021e+00
2.940554444126893330e+01,5.852048004173885154e+00
2.942555015718776801e+01,5.106814892673881445e+00
2.944555587310660272e+01,5.112368091214388954e+00
2.946556158902543743e+01,5.377611317816988645e+00
2.948556730494427214e+01,5.362081188847243496e+00
2.950557302086310330e+01,4.712565914163882042e+00
2.952557873678193801e+01,5.302192068777664247e+00
2.954558445270077272e+01,4.636399402629608701e+00
2.956559016861960743e+01,5.176860469776182860e+00
2.958559588453844214e+01,4.929060886940675346e+00
2.960560160045727329e+01,6.043123779512521665e+00
2.962560731637610800e+01,5.157105777544602532e+00
2.964561303229494271e+01,5.791328020826636447e+00
2.966561874821377742e+01,4.654233145776451863e+00
2.968562446413261213e+01,5.270258727435489732e+00
2.970563018005144329e+01,5.707620054201631099e+00
2.972563589597027800e+01,5.410726893218566147e+00
2.974564161188911271e+01,4.855675555353608175e+00
2.976564732780794742e+01,5.483999606298292306e+00
2.978565304372677858e+01,5.299465564226673919e+00
2.980565875964561329e+01,5.079693741021693576e+00
2.982566447556444800e+01,5.907109044322652380e+00
2.984567019148328271e+01,5.152064090811824926e+00
2.986567590740211742e+01,5.520097929208032994e+00
2.988568162332094857e+01,5.127055317628780529e+00
2.990568733923978328e+01,5.287223168391774308e+00
2.992569305515861799e+01,5.263667371173857745e+00
2.994569877107745270e+01,5.025816039747212471e+00
2.996570448699628741e+01,4.411539875014444334e+00
2.998571020291511857e+01,5.040967897194919445e+00
3.000571591883395328e+01,4.492282851301776958e+00
3.002572163475278799e+01,5.384914576844499479e+00
3.004572735067162270e+01,4.333795828478489653e+00
3.006573306659045386e+01,5.479836383974344471e+00
3.008573878250928857e+01,5.711971482152006452e+00
3.010574449842812328e+01,5.387570447328833723e+00
3.012575021434695799e+01,5.457150167313587374e+00
3.014575593026579270e+01,5.621771675576455962e+00
3.016576164618462386e+01,5.699162781804961497e+00
3.018576736210345857e+01,5.228024838080052916e+00
3.020577307802229328e+01,4.868813144692609285e+00
3.022577879394112799e+01,5.620579564483603185e+00
3.024578450985996270e+01,5.495047402568504324e+00
3.026579022577879385e+01,5.292104364563856578e+00
3.028579594169762856e+01,4.725119378315194574e+00
3.030580165761646327e+01,4.752886990340381423e+00
3.032580737353529798e+01,5.736052266582867709e+00
3.034581308945412914e+01,4.870161765605018900e+00
3.036581880537296385e+01,5.320809940148317096e+00
3.038582452129179856e+01,5.580159967816138433e+00
3.040583023721063327e+01,5.853258437366218203e+00
3.042583595312946798e+01,4.774360238754004726e+00
3.044584166904829914e+01,4.814451892414307821e+00
3.046584738496713385e+01,5.874661057928493690e+00
3.048585310088596856e+01,5.839481446724366087e+00
3.050585881680480327e+01,4.668613002327010264e+00
3.052586453272363798e+01,5.215902130911744372e+00
3.054587024864246914e+01,5.556366078855956125e+00
3.056587596456130385e+01,4.813701266118389555e+00
3.058588168048013856e+01,5.571227858215376472e+00
3.060588739639897327e+01,4.770758377084309387e+00
3.062589311231780798e+01,4.898637537485107885e+00
3.064589882823663913e+01,4.752250322508762892e+00
3.066590454415547384e+01,5.118873270121579111e+00
3.068591026007430855e+01,5.247282987159399781e+00
3.070591597599314326e+01,5.704401366372808369e+00
3.072592169191197442e+01,5.789459337478623624e+00
3.074592740783080913e+01,5.787048709202088581e+00
3.076593312374964384e+01,5.351629834559705756e+00
3.078593883966847855e+01,5.454494554750572988e+00
3.080594455558731326e+01,5.517702060883878268e+00
3.082595027150614442e+01,5.513569708349934650e+00
3.084595598742497913e+01,5.611874648721163261e+00
3.086596170334381384e+01,5.153092587584854556e+00
3.088596741926264855e+01,5.320587258573741707e+00
3.090597313518148326e+01,5.598503856750552288e+00
3.092597885110031442e+01,6.424028287190100883e+00
3.094598456701914913e+01,5.625544676504159014e+00
3.096599028293798384e+01,5.389653398985352339e+00
3.098599599885681855e+01,5.630028288766533606e+00
3.100600171477564970e+01,5.632215695354313212e+00
3.102600743069448441e+01,5.520120120498171801e+00
3.104601314661331912e+01,5.553920612687527125e+00
3.106601886253215383e+01,5.711221756355007173e+00
3.108602457845098854e+01,6.082189567441323774e+00
3.110603029436981970e+01,5.828955056729652640e+00
3.112603601028865441e+01,5.876399120495207740e+00
3.114604172620748912e+01,5.914616254802700368e+00
3.116604744212632383e+01,6.788934953623204649e+00
3.118605315804515854e+01,6.674591808401661552e+00
3.120605887396398970e+01,5.887510746103728820e+00
3.122606458988282441e+01,6.604174246318779140e+00
3.124607030580165912e+01,6.574321580625867689e+00
3.126607602172049383e+01,7.050209697847015455e+00
3.128608173763932498e+01,6.995310269711808360e+00
3.130608745355815969e+01,6.216089621425354039e+00
3.132609316947699440e+01,6.799038383981298672e+00
3.134609888539582911e+01,7.515407199173180786e+00
3.136610460131466382e+01,7.622259734102460271e+00
3.138611031723349498e+01,7.923781881302441654e+00
3.140611603315232969e+01,8.737253940339376967e+00
3.142612174907116440e+01,9.493662342004320465e+00
3.144612746498999911e+01,9.369492978950589190e+00
3.146613318090883382e+01,9.436830483790888735e+00
3.148613889682766498e+01,1.004109518197552475e+01
3.150614461274649969e+01,1.056349675810538358e+01
3.152615032866533440e+01,1.142790631159126136e+01
3.154615604458416911e+01,1.223086071461844071e+01
3.156616176050300382e+01,1.291755595579456894e+01
3.158616747642183498e+01,1.409783555194048432e+01
3.160617319234066969e+01,1.417140707755776141e+01
3.162617890825950440e+01,1.582434694573428757e+01
3.164618462417833911e+01,1.729054642215192672e+01
3.166619034009717026e+01,1.763987209338307593e+01
3.168619605601600497e+01,1.959405102495788498e+01
3.170620177193483968e+01,2.106150934425633636e+01
3.172620748785367439e+01,2.220195851473351922e+01
3.174621320377250910e+01,2.372143525298823974e+01
3.176621891969134026e+01,2.536155052454085990e+01
3.178622463561017497e+01,2.711250098556514132e+01
3.180623035152900968e+01,2.847494526401771253e+01
3.182623606744784439e+01,3.095034165060779685e+01
3.184624178336667910e+01,3.276969668647543443e+01
3.186624749928551026e+01,3.533612445702893012e+01
3.188625321520434497e+01,3.716226075781855798e+01
3.190625893112317968e+01,3.953446280727231965e+01
3.192626464704201439e+01,4.267872887211112243e+01
3.194627036296084555e+01,4.425327320075898996e+01
3.196627607887968026e+01,4.757285005396301614e+01
3.198628179479851497e+01,5.078513017372815597e+01
3.200628751071734968e+01,5.282219851704221014e+01
3.202629322663618439e+01,5.629134458602304392e+01
3.204629894255501199e+01,5.825948656731381448e+01
3.206630465847385381e+01,6.220437823836693525e+01
3.208631037439268141e+01,6.480037729309626116e+01
3.210631609031152323e+01,6.681363146829309585e+01
3.212632180623035083e+01,6.780340984063272458e+01
3.214632752214918554e+01,6.970517476686296732e+01
3.216633323806802025e+01,7.064131161521569879e+01
3.218633895398685496e+01,6.977599339082719609e+01
3.220634466990568967e+01,7.029090035836877348e+01
3.222635038582451728e+01,6.915887568156556142e+01
3.224635610174335909e+01,6.859095617200040351e+01
3.226636181766218670e+01,6.609557936343767892e+01
3.228636753358102851e+01,6.326395358576082373e+01
3.230637324949985612e+01,6.116653327326612555e+01
3.232637896541869083e+01,5.808377291177296797e+01
3.234638468133752554e+01,5.442815138340227321e+01
3.236639039725636025e+01,5.116242327595040962e+01
3.238639611317519496e+01,4.936456402071645755e+01
3.240640182909402967e+01,4.629889246931582392e+01
3.242640754501286438e+01,4.417235781170296605e+01
3.244641326093169198e+01,4.141503750025701436e+01
3.246641897685053380e+01,3.951686306317435537e+01
3.248642469276936140e+01,3.806461720732142595e+01
3.250643040868819611e+01,3.605349670282722485e+01
3.252643612460703082e+01,3.507169893263507277e+01
3.254644184052586553e+01,3.339013421558134809e+01
3.256644755644470024e+01,3.377437747505203447e+01
3.258645327236353495e+01,3.231378731139763261e+01
3.260645898828236966e+01,3.228924705781434312e+01
3.262646470420119726e+01,3.180225224417425522e+01
3.264647042012003908e+01,3.099868442861859563e+01
3.266647613603886668e+01,3.114577727858176104e+01
3.268648185195770850e+01,3.052391638625456949e+01
3.270648756787653610e+01,2.985159969396149648e+01
3.272649328379537081e+01,2.990632959469239438e+01
3.274649899971420552e+01,2.900321728562657597e+01
3.276650471563304023e+01,2.745223841487488414e+01
3.278651043155187494e+01,2.647404418991056119e+01
3.280651614747070255e+01,2.534553168923740785e+01
3.282652186338954436e+01,2.570253587776173987e+01
3.284652757930837197e+01,2.347208247026276950e+01
3.286653329522721378e+01,2.244633492557421661e+01
3.288653901114604139e+01,2.201866320481734718e+01
3.290654472706487610e+01,2.100158089627737112e+01
3.292655044298371081e+01,2.048042483432639216e+01
3.294655615890254552e+01,1.852947839022348830e+01
3.296656187482138023e+01,1.826654691078155679e+01
3.298656759074020783e+01,1.640231593303150248e+01
3.300657330665904965e+01,1.524628635909925123e+01
3.302657902257787725e+01,1.436789134234775922e+01
3.304658473849671907e+01,1.328206159387355356e+01
3.306659045441554667e+01,1.220718228645802839e+01
3.308659617033438138e+01,1.040564588315508843e+01
3.310660188625321609e+01,1.078256311332242490e+01
3.312660760217205080e+01,9.977404177025615439e+00
3.314661331809088551e+01,8.512755731687816407e+00
3.316661903400971312e+01,8.048201426306592410e+00
3.318662474992855493e+01,8.197676096780190491e+00
3.320663046584738254e+01,7.106717783018556389e+00
3.322663618176622435e+01,7.173674686608324080e+00
3.324664189768505196e+01,6.977399948835756760e+00
3.326664761360388667e+01,6.451535971505313327e+00
3.328665332952272138e+01,6.536398174069045552e+00
3.330665904544155609e+01,6.520017497295110154e+00
3.332666476136039080e+01,5.850989739301510895e+00
3.334667047727922551e+01,6.519007322941733129e+00
3.336667619319806022e+01,5.931246779413420711e+00
3.338668190911688782e+01,6.181608802872765374e+00
3.340668762503572964e+01,6.632065191960348827e+00
3.342669334095455724e+01,6.014849855346183993e+00
3.344669905687339195e+01,5.844552016659012139e+00
3.346670477279222666e+01,5.826192234202934195e+00
3.348671048871106137e+01,6.089998317211307466e+00
3.350671620462989608e+01,5.013714593385767415e+00
3.352672192054873079e+01,5.236978375398107843e+00
3.354672763646756550e+01,6.231393122433672715e+00
3.356673335238639311e+01,5.431090806030468343e+00
3.358673906830523492e+01,5.573070846346914742e+00
3.360674478422406253e+01,6.119587583581907353e+00
3.362675050014290434e+01,6.120382612747651052e+00
3.364675621606173195e+01,5.262959496209938415e+00
3.366676193198056666e+01,5.489868507633916650e+00
3.368676764789940137e+01,4.983243821846624400e+00
3.370677336381823608e+01,5.181577492467838830e+00
3.372677907973707079e+01,5.813634695914837280e+00
3.374678479565589839e+01,5.075611255444359315e+00
3.376679051157474021e+01,6.132058804102307192e+00
3.378679622749356781e+01,6.004283901365043974e+00
3.380680194341240963e+01,5.217946957874270097e+00
3.382680765933123723e+01,5.150116537480292855e+00
3.384681337525007194e+01,5.567127028519702314e+00
3.386681909116890665e+01,5.834062052572897450e+00
3.388682480708774136e+01,5.452656572464490203e+00
3.390683052300657607e+01,5.211091169443244908e+00
3.392683623892540368e+01,5.803047655625313439e+00
3.394684195484424549e+01,6.066541522468526182e+00
3.396684767076307310e+01,5.962183509248515811e+00
3.398685338668191491e+01,5.575801193676173106e+00
3.400685910260074252e+01,5.746909900432167539e+00
3.402686481851957723e+01,5.319276748349274442e+00
3.404687053443841194e+01,5.522239442662810305e+00
3.406687625035724665e+01,5.704544734410572637e+00
3.408688196627608136e+01,5.278587905119738188e+00
3.410688768219490896e+01,5.748273761058242393e+00
3.412689339811375078e+01,5.374463240856332646e+00
3.414689911403257838e+01,5.344892846796632568e+00
3.416690482995142020e+01,5.372773362934543329e+00
3.418691054587024780e+01,5.143772150436914714e+00
3.420691626178908251e+01,4.990809214787780057e+00
3.422692197770791722e+01,5.178517268095658821e+00
3.424692769362675193e+01,4.584458489135991854e+00
3.426693340954558664e+01,5.658988182627119556e+00
3.428693912546442135e+01,4.868855031835722436e+00
3.430694484138325606e+01,5.609571866097250670e+00
3.432695055730208367e+01,5.619044981215674639e+00
3.434695627322092548e+01,5.448173417616482439e+00
3.436696198913975309e+01,5.725021038674228180e+00
3.438696770505858780e+01,5.704006823397680392e+00
3.440697342097742251e+01,5.016683472112280384e+00
3.442697913689625722e+01,5.285264501392271441e+00
3.444698485281509193e+01,5.072020018221454762e+00
3.446699056873392664e+01,5.350630312368162222e+00
3.448699628465276135e+01,4.879009910579704901e+00
3.450700200057158895e+01,5.947900189837319829e+00
3.452700771649043077e+01,5.871153220298605646e+00
3.454701343240925837e+01,5.086155609996998450e+00
3.456701914832810019e+01,5.379850499546526166e+00
3.458702486424692779e+01,5.240362197156439805e+00
3.460703058016576250e+01,5.325959072837496144e+00
3.462703629608459721e+01,5.513217659380493352e+00
3.464704201200343192e+01,4.851983730819104501e+00
3.466704772792226663e+01,4.872044388882644128e+00
3.468705344384109424e+01,5.600084220850515493e+00
3.470705915975993605e+01,5.708592494116260241e+00
3.472706487567876366e+01,5.926344423057452460e+00
3.474707059159760547e+01,5.492800099866449237e+00
3.476707630751643308e+01,4.906965302438996979e+00
3.478708202343526779e+01,5.406983826816015082e+00
3.480708773935410250e+01,5.801878258097380225e+00
3.482709345527293721e+01,4.688828780645351024e+00
3.484709917119177192e+01,5.446085841912242209e+00
3.486710488711059952e+01,5.555086743181487208e+00
3.488711060302944134e+01,5.126469988002120282e+00
3.490711631894826894e+01,5.661731869584855303e+00
3.492712203486711076e+01,5.334410360508961446e+00
3.494712775078593836e+01,4.838488481289763499e+00
3.496713346670477307e+01,5.499743588482498780e+00
3.498713918262360778e+01,5.035767420368863156e+00
3.500714489854244249e+01,4.847739697541869397e+00
3.502715061446127720e+01,5.615127791169436833e+00
3.504715633038010481e+01,5.576264595649749189e+00
3.506716204629894662e+01,5.808250310573899178e+00
3.508716776221777423e+01,4.820221960499604386e+00
3.510717347813661604e+01,4.751719553114655881e+00
3.512717919405544365e+01,4.942598626353751357e+00
3.514718490997427836e+01,5.234959311201014209e+00
3.516719062589311307e+01,5.675219154137557176e+00
3.518719634181194778e+01,5.491644928955500049e+00
3.520720205773078249e+01,5.368072388327522759e+00
3.522720777364961720e+01,5.296607760097133522e+00
3.524721348956845191e+01,4.920943989074154423e+00
3.526721920548727951e+01,5.446121487587296528e+00
3.528722492140612133e+01,5.791107098678078380e+00
3.530723063732494893e+01,5.270236503661217320e+00
3.532723635324378364e+01,5.326055501653009117e+00
3.534724206916261835e+01,5.214658648976541855e+00
3.536724778508145306e+01,5.243578192110545544e+00
3.538725350100028777e+01,4.935992858586802257e+00
3.540725921691912248e+01,5.526547622045490549e+00
3.542726493283795719e+01,5.658160765497285638e+00
3.544727064875678479e+01,5.511881134236842783e+00
3.546727636467562661e+01,5.159776019403023106e+00
3.548728208059445421e+01,4.841387312989825276e+00
3.550728779651329603e+01,5.937823736706613786e+00
3.552729351243212363e+01,5.069265077206585701e+00
3.554729922835095834e+01,5.426530689055367063e+00
3.556730494426979305e+01,6.089389400383663720e+00
3.558731066018862776e+01,6.164175156827690572e+00
3.560731637610746247e+01,5.198348187378847740e+00
3.562732209202629008e+01,5.513683778202442376e+00
3.564732780794513189e+01,5.573609743122990068e+00
3.566733352386395950e+01,5.512884378121890805e+00
3.568733923978280131e+01,5.155830417439409175e+00
3.570734495570162892e+01,4.985819748108504257e+00
3.572735067162046363e+01,6.095978202189382245e+00
3.574735638753929834e+01,5.882847436487389281e+00
3.576736210345813305e+01,5.773982674555586669e+00
3.578736781937696776e+01,5.665090306908711959e+00
3.580737353529579536e+01,5.981030929913186966e+00
3.582737925121463718e+01,5.402632793239328990e+00
3.584738496713346478e+01,6.371559707393669392e+00
3.586739068305230660e+01,6.160453362169526770e+00
3.588739639897113420e+01,5.328863644504048480e+00
3.590740211488996891e+01,5.193351212099763359e+00
3.592740783080880362e+01,6.347034150226636307e+00
3.594741354672763833e+01,5.731938411804994971e+00
3.596741926264647304e+01,5.767384238726597445e+00
3.598742497856530065e+01,6.597849810622996358e+00
3.600743069448414246e+01,6.856114479366661740e+00
3.602743641040297007e+01,6.998549337166526385e+00
3.604744212632181188e+01,6.598657124805156649e+00
3.606744784224063949e+01,6.204687336552435539e+00
3.608745355815947420e+01,7.076663284683489152e+00
3.610745927407830891e+01,6.647194439120369225e+00
3.612746498999714362e+01,6.137258639366974577e+00
3.614747070591597833e+01,7.071000294273254383e+00
3.616747642183481304e+01,6.591759638964377999e+00
3.618748213775364775e+01,6.439261468306014535e+00
3.620748785367247535e+01,7.160624724493422022e+00
3.622749356959131717e+01,6.875878308161064822e+00
3.624749928551014477e+01,6.632170790086476586e+00
3.626750500142897948e+01,6.522753184471039134e+00
3.628751071734781419e+01,7.285784346671160705e+00
3.630751643326664890e+01,6.463945378855508572e+00
3.632752214918548361e+01,7.090062367551121625e+00
3.634752786510431832e+01,7.076473677222958614e+00
3.636753358102315303e+01,6.863696640127791682e+00
3.638753929694198064e+01,6.476934467558717046e+00
3.640754501286082245e+01,6.474374303299257782e+00
3.642755072877965006e+01,6.368029451264542118e+00
3.644755644469849187e+01,6.584477804391219102e+00
3.646756216061731948e+01,6.917789643951897105e+00
3.648756787653615419e+01,6.585170115633318666e+00
3.650757359245498890e+01,6.650891024066734047e+00
3.652757930837382361e+01,6.203760827195515581e+00
3.654758502429265832e+01,6.988828238073502064e+00
3.656759074021148592e+01,6.785266107814747372e+00
3.658759645613032774e+01,7.023679447531791631e+00
3.660760217204915534e+01,6.289005054216687540e+00
3.662760788796799716e+01,6.762527921838618283e+00
3.664761360388682476e+01,7.584677211153279863e+00
3.666761931980565947e+01,7.973331658922871767e+00
3.668762503572449418e+01,7.996435938932581422e+00
3.670763075164332889e+01,7.786694627968093307e+00
3.672763646756216360e+01,8.569863958341610299e+00
3.674764218348099121e+01,7.919917805854355564e+00
3.676764789939983302e+01,8.774146008524187579e+00
3.678765361531866063e+01,8.614510700945153587e+00
3.680765933123750244e+01,8.214032036663203584e+00
3.682766504715633005e+01,8.865405182887398539e+00
3.684767076307516476e+01,9.174760185214795527e+00
3.686767647899399947e+01,9.011800199388066090e+00
3.688768219491283418e+01,9.900746303351054323e+00
3.690768791083166889e+01,1.061693469211932594e+01
3.692769362675049649e+01,1.159979755113577582e+01
3.694769934266933831e+01,1.156216636688619559e+01
3.696770505858816591e+01,1.153626813626260628e+01
3.698771077450700773e+01,1.192091541653927678e+01
3.700771649042583533e+01,1.216385291903776533e+01
3.702772220634467004e+01,1.117665827532384348e+01
3.704772792226350475e+01,1.291927520443355704e+01
3.706773363818233946e+01,1.243401325655925760e+01
3.708773935410117417e+01,1.280878586123508889e+01
3.710774507002000888e+01,1.196795386039804043e+01
3.712775078593884359e+01,1.184292395690444977e+01
3.714775650185767120e+01,1.151443077555125960e+01
3.716776221777651301e+01,1.041917714783300752e+01
3.718776793369534062e+01,9.891678672876729195e+00
3.720777364961417533e+01,1.015818049089143926e+01
3.722777936553301004e+01,9.754082334332844439e+00
3.724778508145184475e+01,1.010481615313299564e+01
3.726779079737067946e+01,9.196312933040722726e+00
3.728779651328951417e+01,8.155955537879908235e+00
3.730780222920834888e+01,8.312317770537527295e+00
3.732780794512717648e+01,7.738477757568304582e+00
3.734781366104601830e+01,6.683895088454228528e+00
3.736781937696484590e+01,7.405792508253290052e+00
3.738782509288368772e+01,6.941697812248413868e+00
3.740783080880251532e+01,6.225814258039138238e+00
3.742783652472135003e+01,6.371340836500841931e+00
3.744784224064018474e+01,5.823667597465634671e+00
3.746784795655901945e+01,5.531761005898288452e+00
3.748785367247785416e+01,5.356108677442983357e+00
3.750785938839668177e+01,6.027445327963494748e+00
3.752786510431552358e+01,6.025035247316214537e+00
3.754787082023435119e+01,5.679183480766266001e+00
3.756787653615319300e+01,5.042746373437280383e+00
3.758788225207202061e+01,4.981515644067478377e+00
3.760788796799085532e+01,5.699814045226036185e+00
3.762789368390969003e+01,5.640292592219601886e+00
3.764789939982852474e+01,5.749544150086931538e+00
3.766790511574735945e+01,6.028660562585999472e+00
3.768791083166618705e+01,5.484148242416893027e+00
3.770791654758502887e+01,5.753514851454822221e+00
3.772792226350385647e+01,5.621419952451324420e+00
3.774792797942269829e+01,6.102835793812199761e+00
3.776793369534152589e+01,5.836225041521268864e+00
3.778793941126036060e+01,5.239794072845699091e+00
3.780794512717919531e+01,5.552324945433868564e+00
3.782795084309803002e+01,5.760547755983335350e+00
3.784795655901686473e+01,6.023460231176803958e+00
3.786796227493569234e+01,5.440979857268759545e+00
3.788796799085453415e+01,6.150944549253118510e+00
3.790797370677336176e+01,4.902079884800678578e+00
3.792797942269220357e+01,5.597904761620728920e+00
3.794798513861103118e+01,5.327538979574316436e+00
3.796799085452986589e+01,5.868858277084040509e+00
3.798799657044870060e+01,5.931487775574044718e+00
3.800800228636753531e+01,5.395232693733111873e+00
3.802800800228637002e+01,5.471040820627997903e+00
3.804801371820520473e+01,5.922070911523595882e+00
3.806801943412403944e+01,5.602620510490844197e+00
3.808802515004286704e+01,5.606467336672084301e+00
3.810803086596170886e+01,5.957160631509021975e+00
3.812803658188053646e+01,5.235884283118446447e+00
3.814804229779937117e+01,5.793085895362912296e+00
3.816804801371820588e+01,5.081092327963947497e+00
3.818805372963704059e+01,5.803846248891136206e+00
3.820805944555587530e+01,5.301876483299255760e+00
3.822806516147471001e+01,5.315255554896683776e+00
3.824807087739354472e+01,5.131566718888739054e+00
3.826807659331237232e+01,4.889950397151221040e+00
3.828808230923121414e+01,5.036871000955153832e+00
3.830808802515004174e+01,5.480511488306476942e+00
3.832809374106888356e+01,5.151949361608629374e+00
3.834809945698771116e+01,5.314866532368624163e+00
3.836810517290654587e+01,5.714229687183510542e+00
3.838811088882538058e+01,5.681013079982101921e+00
3.840811660474421529e+01,5.653257018181869320e+00
3.842812232066305000e+01,4.629732345543927430e+00
3.844812803658187761e+01,4.959035771120575475e+00
3.846813375250071942e+01,5.936107450139288311e+00
3.848813946841954703e+01,5.666695860462182210e+00
3.850814518433838884e+01,6.093595092642074107e+00
3.852815090025721645e+01,4.944004556094293790e+00
3.854815661617605116e+01,5.693229735659969037e+00
3.856816233209488587e+01,5.743669938085510296e+00
3.858816804801372058e+01,5.287291098845340542e+00
3.860817376393255529e+01,5.062740473153036547e+00
3.862817947985138289e+01,5.119199609505649562e+00
3.864818519577022471e+01,6.025327877455975312e+00
3.866819091168905231e+01,5.939726497920593928e+00
3.868819662760789413e+01,5.116172853368967210e+00
3.870820234352672173e+01,5.897433402598505126e+00
3.872820805944555644e+01,5.396468665693763711e+00
3.874821377536439115e+01,5.847072456235435034e+00
3.876821949128322586e+01,5.397601395233577293e+00
3.878822520720206057e+01,5.543797840805619437e+00
3.880823092312088818e+01,5.492565635122424794e+00
3.882823663903972999e+01,5.291061741213091807e+00
3.884824235495855760e+01,5.798585490401628739e+00
3.886824807087739941e+01,5.180686790431808575e+00
3.888825378679622702e+01,5.026153570069991083e+00
3.890825950271506173e+01,5.158173530628822334e+00
3.892826521863389644e+01,5.646848123542723030e+00
3.894827093455273115e+01,5.309772056506799842e+00
3.896827665047156586e+01,6.007135515151428962e+00
3.898828236639040057e+01,4.832499419402683571e+00
3.900828808230923528e+01,5.740959481726777724e+00
3.902829379822806288e+01,5.975521142936386809e+00
3.904829951414690470e+01,4.958155013184947890e+00
3.906830523006573230e+01,6.114572355831889183e+00
3.908831094598456701e+01,5.777694195622063766e+00
3.910831666190340172e+01,5.442050153700792592e+00
3.912832237782223643e+01,5.402311108746355117e+00
3.914832809374107114e+01,5.466585499651930746e+00
3.916833380965990585e+01,5.650928665345793966e+00
3.918833952557874056e+01,4.980359086769434285e+00
3.920834524149756817e+01,5.154363929632546970e+00
3.922835095741640998e+01,5.218508666462196466e+00
3.924835667333523759e+01,5.349993825715344542e+00
3.926836238925407940e+01,5.842578242516784925e+00
3.928836810517290701e+01,6.125521464797746063e+00
3.930837382109174172e+01,5.489476765700377570e+00
3.932837953701057643e+01,5.040583407276661987e+00
3.934838525292941114e+01,5.665041135178912057e+00
3.936839096884824585e+01,5.905694134580645738e+00
3.938839668476707345e+01,5.543729475138218454e+00
3.940840240068591527e+01,5.314049755781409701e+00
3.942840811660474287e+01,5.364274985500154358e+00
3.944841383252358469e+01,5.282477096398908500e+00
3.946841954844241229e+01,5.451620373805575070e+00
3.948842526436124700e+01,5.453114670746005643e+00
3.950843098028008171e+01,5.323088029021485035e+00
3.952843669619891642e+01,5.907813507138953035e+00
3.954844241211775113e+01,5.495667411891828280e+00
3.956844812803657874e+01,5.670729591700602867e+00
3.958845384395542055e+01,5.418469675423340348e+00
3.960845955987424816e+01,5.303722691363301323e+00
3.962846527579308997e+01,5.423895573573346951e+00
3.964847099171191758e+01,5.394642707560413086e+00
3.966847670763075229e+01,5.740075879244346702e+00
3.968848242354958700e+01,5.332469232227883715e+00
3.970848813946842171e+01,4.825578951267037731e+00
3.972849385538725642e+01,5.096421220414923070e+00
3.974849957130608402e+01,4.908443001034227038e+00
3.976850528722492584e+01,5.890302406865107088e+00
3.978851100314375344e+01,5.998142988887673610e+00
3.980851671906259526e+01,5.436870763237365622e+00
3.982852243498142286e+01,5.690024517744342702e+00
3.984852815090025757e+01,4.651442219475508288e+00
3.986853386681909228e+01,5.780623506095910358e+00
3.988853958273792699e+01,5.867720896351506177e+00
3.990854529865676170e+01,5.897964890593883069e+00
3.992855101457559641e+01,5.550771347576493930e+00
3.994855673049443112e+01,5.179087679520470999e+00
3.996856244641325873e+01,5.487419152199741745e+00
3.998856816233210054e+01,5.581644659899472671e+00
4.000857387825092815e+01,5.665251983589939755e+00
4.002857959416976286e+01,5.076806261419127608e+00
4.004858531008859757e+01,5.424442207101560776e+00
4.006859102600743228e+01,5.760753436656628423e+00
4.008859674192626699e+01,5.041594982039452333e+00
4.010860245784510170e+01,6.175009993969554856e+00
4.012860817376393641e+01,5.626186500690574022e+00
4.014861388968276401e+01,6.208146591725783203e+00
4.016861960560160583e+01,5.624296287010926321e+00
4.018862532152043343e+01,5.741819531015179834e+00
4.020863103743927525e+01,6.469226491214691066e+00
4.022863675335810285e+01,5.978452413679853805e+00
4.024864246927693756e+01,5.272304573839639019e+00
4.026864818519577227e+01,6.636034312107875088e+00
4.028865390111460698e+01,5.236800192895858963e+00
4.030865961703344169e+01,5.857560663842761528e+00
4.032866533295226930e+01,5.844035944236702917e+00
4.034867104887111111e+01,6.516132852398603958e+00
4.036867676478993872e+01,5.911443623298463734e+00
4.038868248070878053e+01,6.584322038468817695e+00
4.040868819662760814e+01,5.332536862975221226e+00
4.042869391254644285e+01,6.066930622935306161e+00
4.044869962846527756e+01,5.711717452016603858e+00
4.046870534438411227e+01,5.899027332367927201e+00
4.048871106030294698e+01,5.149801018135688579e+00
4.050871677622177458e+01,6.064686282812838058e+00
4.052872249214061640e+01,5.097048009762854548e+00
4.054872820805944400e+01,6.345697322393244910e+00
4.056873392397828582e+01,5.340572357065836329e+00
4.058873963989711342e+01,5.654685532013015603e+00
4.060874535581594813e+01,5.602700096620203851e+00
4.062875107173478284e+01,5.260703543905700386e+00
4.064875678765361755e+01,5.491374878624504241e+00
4.066876250357245226e+01,5.721033174460659509e+00
4.068876821949127986e+01,5.504290569093383212e+00
4.070877393541012168e+01,5.292700165223468645e+00
4.072877965132894929e+01,5.645350889240017267e+00
4.074878536724779110e+01,6.052071294977970695e+00
4.076879108316661871e+01,5.318817598660008805e+00
4.078879679908545342e+01,5.008787993692859430e+00
4.080880251500428813e+01,5.853484332332870466e+00
4.082880823092312284e+01,5.643189512426724619e+00
4.084881394684195755e+01,5.490212662485790318e+00
4.086881966276079226e+01,5.646395065771788069e+00
4.088882537867962697e+01,5.759847688834680568e+00
4.090883109459845457e+01,5.821456556890378664e+00
4.092883681051729639e+01,5.695323930373579202e+00
4.094884252643612399e+01,5.668109391039070744e+00
4.096884824235495870e+01,4.808637659811846099e+00
4.098885395827379341e+01,4.786965905557620360e+00
4.100885967419262812e+01,5.944128381670088501e+00
4.102886539011146283e+01,5.865767057439302157e+00
4.104887110603029754e+01,5.276010493617707908e+00
4.106887682194913225e+01,4.789300415644288655e+00
4.108888253786795985e+01,5.857193044135944326e+00
4.110888825378680167e+01,5.128789035465313617e+00
4.112889396970562927e+01,5.449775977278463301e+00
4.114889968562447109e+01,4.820046381789510725e+00
4.116890540154329869e+01,5.161887162283767871e+00
4.118891111746213340e+01,5.293365029050434600e+00
4.120891683338096811e+01,5.361790107599432531e+00
4.122892254929980282e+01,5.877916152829081753e+00
4.124892826521863753e+01,5.514103906295995117e+00
4.126893398113746514e+01,5.906898574931059187e+00
4.128893969705630695e+01,6.149045586780639283e+00
4.130894541297513456e+01,5.475069933825231772e+00
4.132895112889397637e+01,5.793812070432052153e+00
4.134895684481280398e+01,5.290296853008232603e+00
4.136896256073163869e+01,4.840853278666320314e+00
4.138896827665047340e+01,5.255090435811396787e+00
4.140897399256930811e+01,5.785160008630045425e+00
4.142897970848814282e+01,4.713948017573917681e+00
4.144898542440697042e+01,5.411202110249060837e+00
4.146899114032581224e+01,4.722932749826999732e+00
4.148899685624463984e+01,5.258709561472404204e+00
4.150900257216348166e+01,5.277756475638529565e+00
4.152900828808230926e+01,5.570683188528246177e+00
4.154901400400114397e+01,5.665502974351772636e+00
4.156901971991997868e+01,6.219943727941339873e+00
4.158902543583881339e+01,5.401410755196405233e+00
4.160903115175764810e+01,4.715985672848406196e+00
4.162903686767647571e+01,5.650949987201849822e+00
4.164904258359531752e+01,5.601710715022194975e+00
4.166904829951414513e+01,5.340617836225669990e+00
4.168905401543298694e+01,5.096828738515917223e+00
4.170905973135181455e+01,4.584961169494057742e+00
4.172906544727064926e+01,5.908308405710368305e+00
4.174907116318948397e+01,5.911815630657016207e+00
4.176907687910831868e+01,5.697919993055339916e+00
4.178908259502715339e+01,5.974941523657256504e+00
4.180908831094598810e+01,5.013541457393229095e+00
4.182909402686482281e+01,5.241589954500945225e+00
4.184909974278365041e+01,5.467983331664068913e+00
4.186910545870249223e+01,5.817922534985436656e+00
4.188911117462131983e+01,5.520651285696903443e+00
4.190911689054015454e+01,5.000818267470279466e+00
4.192912260645898925e+01,5.971296222932137354e+00
4.194912832237782396e+01,5.476616195536271547e+00
4.196913403829665867e+01,5.333422409627079475e+00
4.198913975421549338e+01,5.516353929369568476e+00
4.200914547013432809e+01,5.305152506956116731e+00
4.202915118605316280e+01,6.385722712181928884e+00
4.204915690197199041e+01,4.948159848575286901e+00
4.206916261789082512e+01,5.710339592450117685e+00
4.208916833380965983e+01,5.843421431010655809e+00
4.210917404972849454e+01,5.953117856317797774e+00
4.212917976564732925e+01,5.452533646089551489e+00
4.214918548156616396e+01,5.447798103553608939e+00
4.216919119748499867e+01,5.323521707056730889e+00
4.218919691340383338e+01,5.918104236279446262e+00
4.220920262932266809e+01,5.259132843385367906e+00
4.222920834524150280e+01,6.001515745827223469e+00
4.224921406116033040e+01,5.511451612490707141e+00
4.226921977707916511e+01,5.771925069572884759e+00
4.228922549299799982e+01,5.659043207254383034e+00
4.230923120891683453e+01,5.240348337648279120e+00
4.232923692483566924e+01,5.286415291201555178e+00
4.234924264075450395e+01,6.124822920582555064e+00
4.236924835667333866e+01,6.009437812927318490e+00
4.238925407259217337e+01,5.451807370151033894e+00
4.240925978851100808e+01,5.736816609166615955e+00
4.242926550442983569e+01,5.264292367308657461e+00
4.244927122034867040e+01,4.959192247256332564e+00
4.246927693626750511e+01,6.156634490898426293e+00
4.248928265218633982e+01,5.933807808195147970e+00
4.250928836810517453e+01,4.816851088742730269e+00
4.252929408402400924e+01,5.088043698179355090e+00
4.254929979994284395e+01,5.708713188080928091e+00
4.256930551586167866e+01,5.737596066375866499e+00
4.258931123178051337e+01,5.081562976236877915e+00
4.260931694769934097e+01,4.932232817959540050e+00
4.262932266361817568e+01,5.023773780312040138e+00
4.264932837953701039e+01,6.042303553011028505e+00
4.266933409545584510e+01,5.905536553378619047e+00
4.268933981137467981e+01,5.131529841279621529e+00
4.270934552729351452e+01,5.437399004331754604e+00
4.272935124321234923e+01,5.649835600384175649e+00
4.274935695913118394e+01,6.328970982636688447e+00
4.276936267505001865e+01,5.807262794975214248e+00
4.278936839096885336e+01,5.105308573775809933e+00
4.280937410688768097e+01,5.927430796278829739e+00
4.282937982280651568e+01,6.140377502753501915e+00
4.284938553872535039e+01,4.999605294584510418e+00
4.286939125464418510e+01,5.014811199407010811e+00
4.288939697056301981e+01,5.411364542204575301e+00
4.290940268648185452e+01,6.029740939036997815e+00
4.292940840240068923e+01,5.687438771814328220e+00
4.294941411831952394e+01,6.244121633313207909e+00
4.296941983423835865e+01,5.732577527831693054e+00
4.298942555015718625e+01,6.237425174188558685e+00
4.300943126607602096e+01,5.531662340398064259e+00
4.302943698199485567e+01,6.072696240573069559e+00
4.304944269791369038e+01,5.715924701401039698e+00
4.306944841383252509e+01,5.819951637733787209e+00
4.308945412975135980e+01,5.756163974912523962e+00
4.310945984567019451e+01,5.193338296908701857e+00
4.312946556158902922e+01,5.786467469239354955e+00
4.314947127750786393e+01,5.857513650401954486e+00
4.316947699342669864e+01,5.845499116911039295e+00
4.318948270934552625e+01,5.311886469910836794e+00
4.320948842526436096e+01,5.873193059259949500e+00
4.322949414118319567e+01,6.294524639578896519e+00
4.324949985710203038e+01,5.614615586026686422e+00
4.326950557302086509e+01,5.625507163223513629e+00
4.328951128893969980e+01,6.180792325047534952e+00
4.330951700485853451e+01,5.602006571492791132e+00
4.332952272077736922e+01,5.753873577786066562e+00
4.334952843669620393e+01,5.973582445632349192e+00
4.336953415261503153e+01,5.610991290639670837e+00
4.338953986853386624e+01,5.352215437564940004e+00
4.340954558445270095e+01,6.100930442307467949e+00
4.342955130037153566e+01,5.722427815387668204e+00
4.344955701629037037e+01,5.769342936610426520e+00
4.346956273220920508e+01,5.449223215959471567e+00
4.348956844812803979e+01,5.890791982254790504e+00
4.350957416404687450e+01,5.495427829332825809e+00
4.352957987996570921e+01,5.638456053364850007e+00
4.354958559588453681e+01,5.816196756889217667e+00
4.356959131180337153e+01,5.294000820622395409e+00
4.358959702772220624e+01,6.122956985125956209e+00
4.360960274364104095e+01,5.847308156086905129e+00
4.362960845955987566e+01,5.815515923176994839e+00
4.364961417547871037e+01,6.214912236116717281e+00
4.366961989139754508e+01,6.253338702109691560e+00
4.368962560731637979e+01,6.099318862905844796e+00
4.370963132323521450e+01,5.807608207852997140e+00
4.372963703915404921e+01,6.473864931278536794e+00
4.374964275507287681e+01,6.148743235608264968e+00
4.376964847099171152e+01,6.036903379235653233e+00
4.378965418691054623e+01,5.652864806586451962e+00
4.380965990282938094e+01,6.351833628318106051e+00
4.382966561874821565e+01,6.318637363977124721e+00
4.384967133466705036e+01,5.884150036047826937e+00
4.386967705058588507e+01,6.357108916501893248e+00
4.388968276650471978e+01,5.781100060464152257e+00
4.390968848242355449e+01,5.313135237868911176e+00
4.392969419834238209e+01,6.126679107431312943e+00
4.394969991426121680e+01,6.716841654608835199e+00
4.396970563018005151e+01,6.162936525798255794e+00
4.398971134609888622e+01,5.796123849940178374e+00
4.400971706201772093e+01,6.676939165252992581e+00
4.402972277793655564e+01,6.364781631400375339e+00
4.404972849385539035e+01,6.699776311912289728e+00
4.406973420977422506e+01,7.056203839889416685e+00
4.408973992569305977e+01,7.341982593952810277e+00
4.410974564161189448e+01,6.838791727032289103e+00
4.412975135753072209e+01,7.173198924526928977e+00
4.414975707344955680e+01,7.206144919800891557e+00
4.416976278936839151e+01,7.688475400167414264e+00
4.418976850528722622e+01,7.710357926285356989e+00
4.420977422120606093e+01,7.101219734270089567e+00
4.422977993712489564e+01,8.245595122505093855e+00
4.424978565304373035e+01,9.058611213457536948e+00
4.426979136896256506e+01,8.534709439522195851e+00
4.428979708488139977e+01,8.910554561877949808e+00
4.430980280080022737e+01,9.190755282050233177e+00
4.432980851671906208e+01,8.775543534735358975e+00
4.434981423263789679e+01,9.802451776566423192e+00
4.436981994855673150e+01,9.607352112055878024e+00
4.438982566447556621e+01,9.481852168451400331e+00
4.440983138039440092e+01,1.044471081907943955e+01
4.442983709631323563e+01,1.022700057260103534e+01
4.444984281223207034e+01,1.010426122697471740e+01
4.446984852815090505e+01,1.001469991395536852e+01
4.448985424406973266e+01,1.030470393818696451e+01
4.450985995998856737e+01,9.847655746994302461e+00
4.452986567590740208e+01,1.018241375543896510e+01
4.454987139182623679e+01,1.052235113444314685e+01
4.456987710774507150e+01,1.022769525737436069e+01
4.458988282366390621e+01,1.084562548462046472e+01
4.460988853958274092e+01,1.024612456604283572e+01
4.462989425550157563e+01,1.042330860943193294e+01
4.464989997142041034e+01,9.920129941760738035e+00
4.466990568733924505e+01,9.307225548939092263e+00
4.468991140325807265e+01,1.029713978939842889e+01
4.470991711917690736e+01,9.707361935595255176e+00
4.472992283509574207e+01,9.218496766763877304e+00
4.474992855101457678e+01,9.128228266167104366e+00
4.476993426693341149e+01,9.279959323418125905e+00
4.478993998285224620e+01,8.565078743245265969e+00
4.480994569877108091e+01,8.288965004201841680e+00
4.482995141468991562e+01,7.435236788347195258e+00
4.484995713060875033e+01,7.551518431434153911e+00
4.486996284652757794e+01,8.134851924719649574e+00
4.488996856244641265e+01,6.871800984890148456e+00
4.490997427836524736e+01,6.620335011105924039e+00
4.492997999428408207e+01,7.222290564083365894e+00
4.494998571020291678e+01,6.832594349911024878e+00
4.496999142612175149e+01,6.154644295210849769e+00
4.498999714204058620e+01,6.129866803111323037e+00
4.501000285795942091e+01,6.603759760041892690e+00
4.503000857387825562e+01,5.809264234276124483e+00
4.505001428979709033e+01,5.866235472879809620e+00
4.507002000571591793e+01,6.012510667414811216e+00
4.509002572163475264e+01,6.158179248323889965e+00
4.511003143755358735e+01,5.664149880624314903e+00
4.513003715347242206e+01,5.552465933910453622e+00
4.515004286939125677e+01,6.651773486519497069e+00
4.517004858531009148e+01,6.274376322915430571e+00
4.519005430122892619e+01,6.233698601303278686e+00
4.521006001714776090e+01,5.506591277986689015e+00
4.523006573306659561e+01,6.441324821943599233e+00
4.525007144898542322e+01,6.595275689651889373e+00
4.527007716490425793e+01,6.018199959286543610e+00
4.529008288082309264e+01,5.789808250411956791e+00
4.531008859674192735e+01,5.914017486903676790e+00
4.533009431266076206e+01,5.647594378522664549e+00
4.535010002857959677e+01,6.741171076083292135e+00
4.537010574449843148e+01,6.395812754161561031e+00
4.539011146041726619e+01,5.666978284520668652e+00
4.541011717633610090e+01,6.313987455630423185e+00
4.543012289225492850e+01,5.944594293202871249e+00
4.545012860817376321e+01,5.864437048679141284e+00
4.547013432409259792e+01,6.816599530667824425e+00
4.549014004001143263e+01,6.449643262986742620e+00
4.551014575593026734e+01,6.226349088334432125e+00
4.553015147184910205e+01,7.061468066070888838e+00
4.555015718776793676e+01,6.328867557977460478e+00
4.557016290368677147e+01,6.150163358025498184e+00
4.559016861960560618e+01,6.743129083887389186e+00
4.561017433552444089e+01,6.874065253920618623e+00
4.563018005144326850e+01,7.571470965294777145e+00
4.565018576736210321e+01,7.819653735687827734e+00
4.567019148328093792e+01,7.358058707255502817e+00
4.569019719919977263e+01,7.665962285902587325e+00
4.571020291511860734e+01,8.739417519713654769e+00
4.573020863103744205e+01,8.282646172525812034e+00
4.575021434695627676e+01,8.639398346300437126e+00
4.577022006287511147e+01,9.105668824156360586e+00
4.579022577879394618e+01,9.899654637106234389e+00
4.581023149471277378e+01,1.036805978753250912e+01
4.583023721063160849e+01,1.163414376253270355e+01
4.585024292655044320e+01,1.221551896513037860e+01
4.587024864246927791e+01,1.255613567059014812e+01
4.589025435838811262e+01,1.421279617428675479e+01
4.591026007430694733e+01,1.517099692449267145e+01
4.593026579022578204e+01,1.624459145357545253e+01
4.595027150614461675e+01,1.835212585999376600e+01
4.597027722206345146e+01,1.981020574130118916e+01
4.599028293798228617e+01,2.152740031591530112e+01
4.601028865390111378e+01,2.354396789043857297e+01
4.603029436981994849e+01,2.573823592751558920e+01
4.605030008573878320e+01,2.792579292839755922e+01
4.607030580165761791e+01,3.065001308516740153e+01
4.609031151757645262e+01,3.169850099014899314e+01
4.611031723349528733e+01,3.434902108515743180e+01
4.613032294941412204e+01,3.781251688838760572e+01
4.615032866533295675e+01,4.028076358353474973e+01
4.617033438125179146e+01,4.178453452148481517e+01
4.619034009717061906e+01,4.473688804961551568e+01
4.621034581308945377e+01,4.612532102497806363e+01
4.623035152900828848e+01,4.838580425366284032e+01
4.625035724492712319e+01,5.010704164359614055e+01
4.627036296084595790e+01,5.019356031067486867e+01
4.629036867676479261e+01,5.229511598806959682e+01
4.631037439268362732e+01,5.276340594822057994e+01
4.633038010860246203e+01,5.282604013047840397e+01
4.635038582452129674e+01,5.318837648740058910e+01
4.637039154044012434e+01,5.268974328081019820e+01
4.639039725635895905e+01,5.210879929355481011e+01
4.641040297227779376e+01,5.269760798301892635e+01
4.643040868819662847e+01,5.119983740078291135e+01
4.645041440411546319e+01,5.116627152561613912e+01
4.647042012003429790e+01,5.079811509190930963e+01
4.649042583595313261e+01,5.028299707860939094e+01
4.651043155187196732e+01,4.912139017129018725e+01
4.653043726779080203e+01,4.875790221949273473e+01
4.655044298370963674e+01,4.831996526272041592e+01
4.657044869962846434e+01,4.652666001583980204e+01
4.659045441554729905e+01,4.598093506702998923e+01
4.661046013146613376e+01,4.515320360168870195e+01
4.663046584738496847e+01,4.383703197306478216e+01
4.665047156330380318e+01,4.346899693535930709e+01
4.667047727922263789e+01,4.191846778731360956e+01
4.669048299514147260e+01,4.131886753420471337e+01
4.671048871106030731e+01,3.984906507685484911e+01
4.673049442697914202e+01,3.915928501115018889e+01
4.675050014289796962e+01,3.766138120733872086e+01
4.677050585881680433e+01,3.667068709755138656e+01
4.679051157473563904e+01,3.453791471305705585e+01
4.681051729065447375e+01,3.228676909424195429e+01
4.683052300657330846e+01,3.037738157912463066e+01
4.685052872249214317e+01,2.891735868901948336e+01
4.687053443841097788e+01,2.614480200286983091e+01
4.689054015432981259e+01,2.382732400752450630e+01
4.691054587024864730e+01,2.199528211547969647e+01
4.693055158616748201e+01,2.001950141405587402e+01
4.695055730208630962e+01,1.809810253696156579e+01
4.697056301800514433e+01,1.609047952073710519e+01
4.699056873392397904e+01,1.500453980089957184e+01
4.701057444984281375e+01,1.395510022828745278e+01
4.703058016576164846e+01,1.157907808793694393e+01
4.705058588168048317e+01,1.092247458200999688e+01
4.707059159759931788e+01,1.073151636053486868e+01
4.709059731351815259e+01,9.906355012865969201e+00
4.711060302943698730e+01,8.961566684356423451e+00
4.713060874535581490e+01,8.546445010061374248e+00
4.715061446127464961e+01,8.251614003236760198e+00
4.717062017719348432e+01,7.651888299771995250e+00
4.719062589311231903e+01,8.062344583170744983e+00
4.721063160903115374e+01,7.150776417676775409e+00
4.723063732494998845e+01,6.869896032115675233e+00
4.725064304086882316e+01,6.934609027171433127e+00
4.727064875678765787e+01,7.089616865127885248e+00
4.729065447270649258e+01,5.983665814785647186e+00
4.731066018862532019e+01,6.329829502542393627e+00
4.733066590454415490e+01,6.424780008806221687e+00
4.735067162046298961e+01,6.427379608399723665e+00
4.737067733638182432e+01,6.487439507845559561e+00
4.739068305230065903e+01,5.779797640389105595e+00
4.741068876821949374e+01,6.093317974189499608e+00
4.743069448413832845e+01,6.895636363886460174e+00
4.745070020005716316e+01,6.453563894378579135e+00
4.747070591597599787e+01,6.124328054709057945e+00
4.749071163189483258e+01,6.030010326745939508e+00
4.751071734781366018e+01,6.448778291533946216e+00
4.753072306373249489e+01,5.824196034522802989e+00
4.755072877965132960e+01,6.153891186884779430e+00
4.757073449557016431e+01,6.089608474170672636e+00
4.759074021148899902e+01,6.160041416082206567e+00
4.761074592740783373e+01,6.104050242729631037e+00
4.763075164332666844e+01,5.806193103257079713e+00
4.765075735924550315e+01,6.060622833813921417e+00
4.767076307516433786e+01,5.807619274504922657e+00
4.769076879108316547e+01,6.292610423943383324e+00
4.771077450700200018e+01,5.562581450345323475e+00
4.773078022292083489e+01,6.137554571672930948e+00
4.775078593883966960e+01,6.477403961101758867e+00
4.777079165475850431e+01,6.098401995034726575e+00
4.779079737067733902e+01,6.199740052585342553e+00
4.781080308659617373e+01,5.870595029512857721e+00
4.783080880251500844e+01,5.844769927419742217e+00
4.785081451843384315e+01,6.166887860613653238e+00
4.787082023435267075e+01,6.290734023532815300e+00
4.789082595027150546e+01,5.440608581489935425e+00
4.791083166619034017e+01,6.036682229356044260e+00
4.793083738210917488e+01,6.200521221449690756e+00
4.795084309802800959e+01,5.900886203282661668e+00
4.797084881394684430e+01,5.764619819228939512e+00
4.799085452986567901e+01,5.960083772483812936e+00
4.801086024578451372e+01,5.884791382759951617e+00
4.803086596170334843e+01,6.134757171421528099e+00
4.805087167762218314e+01,6.309804664595136003e+00
4.807087739354101075e+01,6.279780022227662073e+00
4.809088310945984546e+01,5.152516387509764151e+00
4.811088882537868017e+01,6.218989571098589408e+00
4.813089454129751488e+01,5.964263544724934363e+00
4.815090025721634959e+01,5.151023061995291030e+00
4.817090597313518430e+01,5.980001386486357262e+00
4.819091168905401901e+01,5.443215501242667287e+00
4.821091740497285372e+01,6.251299231374112253e+00
4.823092312089168843e+01,5.472598268621085893e+00
4.825092883681051603e+01,6.004600160605852111e+00
4.827093455272935074e+01,5.905293667346797726e+00
4.829094026864818545e+01,5.801427491675723580e+00
4.831094598456702016e+01,5.947963551581013419e+00
4.833095170048585487e+01,5.275554318530454978e+00
4.835095741640468958e+01,5.594655223041840486e+00
4.837096313232352429e+01,5.117502228510385720e+00
4.839096884824235900e+01,5.452706519655089679e+00
4.841097456416119371e+01,5.709682647312151360e+00
4.843098028008002842e+01,5.772620953841080649e+00
4.845098599599885603e+01,5.457553846831675770e+00
4.847099171191769074e+01,5.542231883129471015e+00
4.849099742783652545e+01,5.780927408447256610e+00
4.851100314375536016e+01,5.135124368393732652e+00
4.853100885967419487e+01,5.043038193316826678e+00
4.855101457559302958e+01,5.552247154429537090e+00
4.857102029151186429e+01,5.726457723996340121e+00
4.859102600743069900e+01,5.983597366491922642e+00
4.861103172334953371e+01,5.567192667434737174e+00
4.863103743926836131e+01,5.867096780933037437e+00
4.865104315518719602e+01,5.766843860211215755e+00
4.867104887110603073e+01,5.792289155785245391e+00
4.869105458702486544e+01,5.948680315698339882e+00
4.871106030294370015e+01,6.188436262109633823e+00
4.873106601886253486e+01,6.188013140072109231e+00
4.875107173478136957e+01,5.601409074929911469e+00
4.877107745070020428e+01,6.132405697645064713e+00
4.879108316661903899e+01,5.457356208922068852e+00
4.881108888253786660e+01,5.097467666235168338e+00
4.883109459845670131e+01,6.299298337330460740e+00
4.885110031437553602e+01,5.058575824302571355e+00
4.887110603029437073e+01,5.837685551197899336e+00
4.889111174621320544e+01,5.646475782141523680e+00
4.891111746213204015e+01,5.835783650436813019e+00
4.893112317805087486e+01,6.442121638052118016e+00
4.895112889396970957e+01,6.138240690030775326e+00
4.897113460988854428e+01,5.795095783989052229e+00
4.899114032580737899e+01,6.106980962703726590e+00
4.901114604172620659e+01,6.042650528808784394e+00
4.903115175764504130e+01,6.001275755552244462e+00
4.905115747356387601e+01,5.963544258111703300e+00
4.907116318948271072e+01,6.025959791901883023e+00
4.909116890540154543e+01,6.320991043358568540e+00
4.911117462132038014e+01,5.902751614099550181e+00
4.913118033723921485e+01,6.139746204619291881e+00
4.915118605315804956e+01,6.146171065137819411e+00
4.917119176907688427e+01,6.664846698174220485e+00
4.919119748499571187e+01,6.053826572659314564e+00
4.921120320091454658e+01,6.889961682009799304e+00
4.923120891683338129e+01,5.975921531100278017e+00
4.925121463275221600e+01,6.525858596643425713e+00
4.927122034867105071e+01,6.011843937971399043e+00
4.929122606458988542e+01,6.648812634403514998e+00
4.931123178050872014e+01,6.745562093749152943e+00
4.933123749642755485e+01,6.349501712600847725e+00
4.935124321234638956e+01,6.712155246728096714e+00
4.937124892826522427e+01,6.079309173291658652e+00
4.939125464418405187e+01,5.651794725147293974e+00
4.941126036010288658e+01,6.619223135603794717e+00
4.943126607602172129e+01,6.615235150079454840e+00
4.945127179194055600e+01,6.551634465476777081e+00
4.947127750785939071e+01,6.080270561179888844e+00
4.949128322377822542e+01,6.198778098982973717e+00
4.951128893969706013e+01,5.975405863929569961e+00
4.953129465561589484e+01,5.906890712642034913e+00
4.955130037153472955e+01,5.229337780060268059e+00
4.957130608745355715e+01,5.927751426622028141e+00
4.959131180337239186e+01,6.272491798279113517e+00
4.961131751929122657e+01,5.749782731626936538e+00
4.963132323521006128e+01,6.531077411763770435e+00
4.965132895112889599e+01,5.607632565808300384e+00
4.967133466704773070e+01,6.279026712804238741e+00
4.969134038296656541e+01,6.637620993285505477e+00
4.971134609888540012e+01,6.262980468273228851e+00
4.973135181480423483e+01,6.986720047975819803e+00
4.975135753072306244e+01,7.157224630601616511e+00
4.977136324664189715e+01,6.920608904064685873e+00
4.979136896256073186e+01,6.386605461175873799e+00
4.981137467847956657e+01,6.590332009062154661e+00
4.983138039439840128e+01,7.056552425942284046e+00
4.985138611031723599e+01,7.351923092673512627e+00
4.987139182623607070e+01,6.663396792522984668e+00
4.989139754215490541e+01,6.596927308533276246e+00
4.991140325807374012e+01,6.986280906888898912e+00
4.993140897399257483e+01,6.305498251807232890e+00
4.995141468991140243e+01,6.626923674125984931e+00
4.997142040583023714e+01,7.553848544515255448e+00
4.999142612174907185e+01,6.868278859982291706e+00
5.001143183766790656e+01,5.981169420196843944e+00
5.003143755358674127e+01,6.501463379946669008e+00
5.005144326950557598e+01,6.101396162832380732e+00
5.007144898542441069e+01,6.291493587214636918e+00
5.009145470134324540e+01,6.204420008648440898e+00
5.011146041726208011e+01,7.019157360140423130e+00
5.013146613318090772e+01,6.610229809952499203e+00
5.015147184909974243e+01,7.004735193944349625e+00
5.017147756501857714e+01,6.361343506530992897e+00
5.019148328093741185e+01,5.991332826441102100e+00
5.021148899685624656e+01,6.706383751409926042e+00
5.023149471277508127e+01,5.592774188302985117e+00
5.025150042869391598e+01,5.661644218865494516e+00
5.027150614461275069e+01,5.920661993736814566e+00
5.029151186053158540e+01,5.550206684601262097e+00
5.031151757645042011e+01,5.708718817542097312e+00
5.033152329236924771e+01,6.399509770594009161e+00
5.035152900828808242e+01,5.789512433762684651e+00
5.037153472420691713e+01,5.133850105699304223e+00
5.039154044012575184e+01,6.014170807552173592e+00
5.041154615604458655e+01,5.389870989944200552e+00
5.043155187196342126e+01,6.015185689596581398e+00
5.045155758788225597e+01,6.125187112832792380e+00
5.047156330380109068e+01,5.367977104140750910e+00
5.049156901971992539e+01,6.217728410726192756e+00
5.051157473563875300e+01,5.926475437680574387e+00
5.053158045155758771e+01,5.752407171648163953e+00
5.055158616747642242e+01,5.223403799696590966e+00
5.057159188339525713e+01,6.004383630164390695e+00
5.059159759931409184e+01,6.447733027796670235e+00
5.061160331523292655e+01,5.653582310359274388e+00
5.063160903115176126e+01,5.360170073427108051e+00
5.065161474707059597e+01,6.196842566074781011e+00
5.067162046298943068e+01,5.716995383710298029e+00
5.069162617890825828e+01,5.540692477956230988e+00
5.071163189482709299e+01,4.940213562018169746e+00
5.073163761074592770e+01,6.085744355354847812e+00
5.075164332666476241e+01,6.168250916926371730e+00
5.077164904258359712e+01,5.952306731663052020e+00
5.079165475850243183e+01,5.549963140968728226e+00
5.081166047442126654e+01,6.153631716649577754e+00
5.083166619034010125e+01,6.172323122579996379e+00
5.085167190625893596e+01,5.905343066366375737e+00
5.087167762217777067e+01,6.041642048094859163e+00
5.089168333809659828e+01,5.584762424587331076e+00
5.091168905401543299e+01,5.999659342957138541e+00
5.093169476993426770e+01,5.947476464770274696e+00
5.095170048585310241e+01,5.195764970583791609e+00
5.097170620177193712e+01,5.705778332322388735e+00
5.099171191769077183e+01,5.983185508794463203e+00
5.101171763360960654e+01,5.783356924394574605e+00
5.103172334952844125e+01,5.235585078641564749e+00
5.105172906544727596e+01,6.371084287341428620e+00
5.107173478136610356e+01,5.560042372644151243e+00
5.109174049728493827e+01,6.026418957067786408e+00
5.111174621320377298e+01,5.332134312816526389e+00
5.113175192912260769e+01,5.285913306921987243e+00
5.115175764504144240e+01,5.572319769331542716e+00
5.117176336096027711e+01,6.193402318028374154e+00
5.119176907687911182e+01,6.001126997093797044e+00
5.121177479279794653e+01,5.799199752660864959e+00
5.123178050871678124e+01,5.580979268140321636e+00
5.125178622463561595e+01,5.414029938722240587e+00
5.127179194055444356e+01,5.801033969864925588e+00
5.129179765647327827e+01,5.662227040304911974e+00
5.131180337239211298e+01,4.963656518207113955e+00
5.133180908831094769e+01,5.249334143823097598e+00
5.135181480422978240e+01,5.748997217193476672e+00
5.137182052014861711e+01,5.091143869800820454e+00
5.139182623606745182e+01,6.222156757900988211e+00
5.141183195198628653e+01,5.303915579974024297e+00
5.143183766790512124e+01,6.297306311064395423e+00
5.145184338382394884e+01,6.137847055736027180e+00
5.147184909974278355e+01,5.801615333289549703e+00
5.149185481566161826e+01,6.286968937714231487e+00
5.151186053158045297e+01,5.455619186865879655e+00
5.153186624749928768e+01,5.354822266326925373e+00
5.155187196341812239e+01,5.119351430051892748e+00
5.157187767933695710e+01,6.106821048606386526e+00
5.159188339525579181e+01,5.594249183418112281e+00
5.161188911117462652e+01,5.922538673403475507e+00
5.163189482709345413e+01,6.088029201287050718e+00
5.165190054301228884e+01,5.943601956084835436e+00
5.167190625893112355e+01,5.246048159210792150e+00
5.169191197484995826e+01,5.732967892786828834e+00
5.171191769076879297e+01,5.812178930464098059e+00
5.173192340668762768e+01,5.817905315444533265e+00
5.175192912260646239e+01,5.992721108291166665e+00
5.177193483852529710e+01,5.716082522121354259e+00
5.179194055444413181e+01,6.519265456277896220e+00
5.181194627036296652e+01,5.948430741493583085e+00
5.183195198628179412e+01,6.253234141615494401e+00
5.185195770220062883e+01,5.778564774621326450e+00
5.187196341811946354e+01,5.534446320062893498e+00
5.189196913403829825e+01,5.750047235137291324e+00
5.191197484995713296e+01,6.241849434445714273e+00
5.193198056587596767e+01,6.656622099982349994e+00
5.195198628179480238e+01,6.256599626754514532e+00
5.197199199771363709e+01,6.085905860751667618e+00
5.199199771363247180e+01,6.362818992321683353e+00
5.201200342955129940e+01,6.461140180847715797e+00
5.203200914547013411e+01,6.659267810677784283e+00
5.205201486138896882e+01,6.522913118060310822e+00
5.207202057730780353e+01,5.943674610520124801e+00
5.209202629322663824e+01,6.366668702117419087e+00
5.211203200914547295e+01,6.357299754906001077e+00
5.213203772506430766e+01,5.964927961598045059e+00
5.215204344098314237e+01,5.603588146263133396e+00
5.217204915690197708e+01,5.926665626320524183e+00
5.219205487282081180e+01,5.287406584073359284e+00
5.221206058873963940e+01,6.398893901632668246e+00
5.223206630465847411e+01,5.816540437445615552e+00
5.225207202057730882e+01,5.756257249153433619e+00
5.227207773649614353e+01,6.182169303828873197e+00
5.229208345241497824e+01,5.702233791850673583e+00
5.231208916833381295e+01,6.167104007377405495e+00
5.233209488425264766e+01,6.032888551354355755e+00
5.235210060017148237e+01,5.689095277671596840e+00
5.237210631609031708e+01,5.404095266842499967e+00
5.239211203200914468e+01,6.062406190121467198e+00
5.241211774792797939e+01,6.389535535950129130e+00
5.243212346384681410e+01,6.484254155531981034e+00
5.245212917976564881e+01,6.444859673203624517e+00
5.247213489568448352e+01,6.144256413940890837e+00
5.249214061160331823e+01,5.553964726819737407e+00
5.251214632752215294e+01,5.826338301843144052e+00
5.253215204344098765e+01,5.531698938656447240e+00
5.255215775935982236e+01,6.392347324473148795e+00
5.257216347527864997e+01,6.576563643335894049e+00
5.259216919119748468e+01,5.384228937560041395e+00
5.261217490711631939e+01,5.718737508352905508e+00
5.263218062303515410e+01,6.633422434230767273e+00
5.265218633895398881e+01,6.011631100325240062e+00
5.267219205487282352e+01,6.085285981285062817e+00
5.269219777079165823e+01,5.799647110393035376e+00
5.271220348671049294e+01,6.226933637251086395e+00
5.273220920262932765e+01,5.562494798198043711e+00
5.275221491854816236e+01,5.889197730593981106e+00
5.277222063446698996e+01,5.228691740550364564e+00
5.279222635038582467e+01,5.151657043241446132e+00
5.281223206630465938e+01,6.438362762202654466e+00
5.283223778222349409e+01,5.702717762633314535e+00
5.285224349814232880e+01,5.626500297703174169e+00
5.287224921406116351e+01,5.486791598687243976e+00
5.289225492997999822e+01,6.415923957811312306e+00
5.291226064589883293e+01,5.233507540849080542e+00
5.293226636181766764e+01,5.599855494359028185e+00
5.295227207773649525e+01,6.324382772155680676e+00
5.297227779365532996e+01,6.138029437605490912e+00
5.299228350957416467e+01,4.978266065206359947e+00
5.301228922549299938e+01,6.184351009152337042e+00
5.303229494141183409e+01,6.086543586256333072e+00
5.305230065733066880e+01,5.076488364003402864e+00
5.307230637324950351e+01,5.816937562732389821e+00
5.309231208916833822e+01,5.750711120485984651e+00
5.311231780508717293e+01,5.378091041135190764e+00
5.313232352100600764e+01,6.146642144158839471e+00
5.315232923692483524e+01,5.291151936098430042e+00
5.317233495284366995e+01,5.349016053874829701e+00
5.319234066876250466e+01,6.084533978722229897e+00
5.321234638468133937e+01,5.766253413375269865e+00
5.323235210060017408e+01,5.523246819493341064e+00
5.325235781651900879e+01,5.957382250763494369e+00
5.327236353243784350e+01,5.617848409750752836e+00
5.329236924835667821e+01,5.134685850906756777e+00
5.331237496427551292e+01,5.729075657428785107e+00
5.333238068019434053e+01,6.573468035290780165e+00
5.335238639611317524e+01,6.001721827973767631e+00
5.337239211203200995e+01,5.411400252854241089e+00
5.339239782795084466e+01,5.780257887442508569e+00
5.341240354386967937e+01,5.162207907516643601e+00
5.343240925978851408e+01,6.499683490577575107e+00
5.345241497570734879e+01,6.370610333708144779e+00
5.347242069162618350e+01,5.843945700324895576e+00
5.349242640754501821e+01,5.334729288303552863e+00
5.351243212346384581e+01,6.169179170894803832e+00
5.353243783938268052e+01,5.780184229402745899e+00
5.355244355530151523e+01,5.842403792573430010e+00
5.357244927122034994e+01,5.176372286300113146e+00
5.359245498713918465e+01,6.092204034982163563e+00
5.361246070305801936e+01,5.283376169590093596e+00
5.363246641897685407e+01,5.306077285799243093e+00
5.365247213489568878e+01,6.170318677772731242e+00
5.367247785081452349e+01,5.133774063680445643e+00
5.369248356673335820e+01,5.386556286505863156e+00
5.371248928265218581e+01,5.524833974548051252e+00
5.373249499857102052e+01,5.595777211935020645e+00
5.375250071448985523e+01,6.250079797533659054e+00
5.377250643040868994e+01,5.772949562712142324e+00
5.379251214632752465e+01,5.038222664456945665e+00
5.381251786224635936e+01,6.222452939942018091e+00
5.383252357816519407e+01,6.561061701862301199e+00
5.385252929408402878e+01,6.132542204028112565e+00
5.387253501000286349e+01,6.485755079779627508e+00
5.389254072592169109e+01,5.245547970894763878e+00
5.391254644184052580e+01,5.460919974625035422e+00
5.393255215775936051e+01,5.786446497054125615e+00
5.395255787367819522e+01,5.617970676880801761e+00
5.397256358959702993e+01,5.562899005464796431e+00
5.399256930551586464e+01,5.586251957469730023e+00
5.401257502143469935e+01,6.054149821630971928e+00
5.403258073735353406e+01,5.906495992241184823e+00
5.405258645327236877e+01,6.342273651368182996e+00
5.407259216919120348e+01,5.642168260098707755e+00
5.409259788511003109e+01,6.028776233933509587e+00
5.411260360102886580e+01,5.743440329292292645e+00
5.413260931694770051e+01,6.655205886520309200e+00
5.415261503286653522e+01,5.935882868589956729e+00
5.417262074878536993e+01,5.473084883256113642e+00
5.419262646470420464e+01,5.920895631804693693e+00
5.421263218062303935e+01,6.066388840502000335e+00
5.423263789654187406e+01,6.651323308837307380e+00
5.425264361246070877e+01,6.482529030063392206e+00
5.427264932837953637e+01,6.636718290898365957e+00
5.429265504429837108e+01,6.784260077709574510e+00
5.431266076021720579e+01,6.130125903199898474e+00
5.433266647613604050e+01,6.489444894659638585e+00
5.435267219205487521e+01,6.832336397376009174e+00
5.437267790797370992e+01,6.935946619974607152e+00
5.439268362389254463e+01,6.819295850863195341e+00
5.441268933981137934e+01,7.823641954672620358e+00
5.443269505573021405e+01,7.047024268946588066e+00
5.445270077164904166e+01,7.869169758241104873e+00
5.447270648756787637e+01,8.047209292828465976e+00
5.449271220348671108e+01,8.533208440916565607e+00
5.451271791940554579e+01,9.419139008691525206e+00
5.453272363532438050e+01,9.239154291730184099e+00
5.455272935124321521e+01,9.729215529500185866e+00
5.457273506716204992e+01,1.099487094709900958e+01
5.459274078308088463e+01,1.202641674064938826e+01
5.461274649899971934e+01,1.234150138111911232e+01
5.463275221491855405e+01,1.403225227960044208e+01
5.465275793083738165e+01,1.530100556906759834e+01
5.467276364675621636e+01,1.553377993702535242e+01
5.469276936267505107e+01,1.727284217925462428e+01
5.471277507859388578e+01,1.956262685089166808e+01
5.473278079451272049e+01,2.136377458600970414e+01
5.475278651043155520e+01,2.161189165421469482e+01
5.477279222635038991e+01,2.336808651861078090e+01
5.479279794226922462e+01,2.502157440325030535e+01
5.481280365818805933e+01,2.622681688323008231e+01
5.483280937410688693e+01,2.666259068484259132e+01
5.485281509002572164e+01,2.799230315945091263e+01
5.487282080594455635e+01,2.875392607897646613e+01
5.489282652186339106e+01,2.893180049864860948e+01
5.491283223778222577e+01,2.945766752567217139e+01
5.493283795370106048e+01,2.987852977134424748e+01
5.495284366961989519e+01,2.894055097419363420e+01
5.497284938553872990e+01,2.893120381592910206e+01
5.499285510145756461e+01,2.723948730502032589e+01
5.501286081737639222e+01,2.722775779690849873e+01
5.503286653329522693e+01,2.623244945170425169e+01
5.505287224921406164e+01,2.452218550025349941e+01
5.507287796513289635e+01,2.285114288112554704e+01
5.509288368105173106e+01,2.183232320426495221e+01
5.511288939697056577e+01,2.133118616779448473e+01
5.513289511288940048e+01,2.057725845220355154e+01
5.515290082880823519e+01,1.846096051185753950e+01
5.517290654472706990e+01,1.844840214690659863e+01
5.519291226064590461e+01,1.800829064799490098e+01
5.521291797656473221e+01,1.721680065430212281e+01
5.523292369248356692e+01,1.559661157801632925e+01
5.525292940840240163e+01,1.580441443532445689e+01
5.527293512432123634e+01,1.571136641167746717e+01
5.529294084024007105e+01,1.547913361335562499e+01
5.531294655615890576e+01,1.482775071216761376e+01
5.533295227207774047e+01,1.490142898308774022e+01
5.535295798799657518e+01,1.488618767403662346e+01
5.537296370391540989e+01,1.555373760310122933e+01
5.539296941983423750e+01,1.568040278814088317e+01
5.541297513575307221e+01,1.602457779046665465e+01
5.543298085167190692e+01,1.618357488835871294e+01
5.545298656759074163e+01,1.598320110640213088e+01
5.547299228350957634e+01,1.656222162815206644e+01
5.549299799942841105e+01,1.616459003693410779e+01
5.551300371534724576e+01,1.551449931558061479e+01
5.553300943126608047e+01,1.567657982978352926e+01
5.555301514718491518e+01,1.590336499675944282e+01
5.557302086310374989e+01,1.455837413508756306e+01
5.559302657902257749e+01,1.504749774542087337e+01
5.561303229494141220e+01,1.473333903116290777e+01
5.563303801086024691e+01,1.484757729909628665e+01
5.565304372677908162e+01,1.422210679610871331e+01
5.567304944269791633e+01,1.493941529347569386e+01
5.569305515861675104e+01,1.461541814078352886e+01
5.571306087453558575e+01,1.405325784487797236e+01
5.573306659045442046e+01,1.475168150660111088e+01
5.575307230637325517e+01,1.608249492835241767e+01
5.577307802229208278e+01,1.617188975984079491e+01
5.579308373821091749e+01,1.668723024381977638e+01
5.581308945412975220e+01,1.659265594611922978e+01
5.583309517004858691e+01,1.721871525022258709e+01
5.585310088596742162e+01,1.742229726988005467e+01
5.587310660188625633e+01,1.734699273831810729e+01
5.589311231780509104e+01,1.675415086487447525e+01
5.591311803372392575e+01,1.709770377697250865e+01
5.593312374964276046e+01,1.669930555886016066e+01
5.595312946556158806e+01,1.576750426704138697e+01
5.597313518148042277e+01,1.591575606733783843e+01
5.599314089739925748e+01,1.453852007991851636e+01
5.601314661331809219e+01,1.331752229438591328e+01
5.603315232923692690e+01,1.377685912110788280e+01
5.605315804515576161e+01,1.267616946534180933e+01
5.607316376107459632e+01,1.118912121988665476e+01
5.609316947699343103e+01,1.197040061214516626e+01
5.611317519291226574e+01,1.112561813205563155e+01
5.613318090883110045e+01,1.049685286353486191e+01
5.615318662474992806e+01,1.064243962972505919e+01
5.617319234066876277e+01,1.031259929525964125e+01
5.619319805658759748e+01,1.063624708191669477e+01
5.621320377250643219e+01,9.669524056334623197e+00
5.623320948842526690e+01,9.677843968383626816e+00
5.625321520434410161e+01,9.105396919966757707e+00
5.627322092026293632e+01,9.413526080639265103e+00
5.629322663618177103e+01,9.009127474803472424e+00
5.631323235210060574e+01,8.387872798168503508e+00
5.633323806801943334e+01,7.857088747340075230e+00
5.635324378393826805e+01,7.680826920505190003e+00
5.637324949985710276e+01,7.835382168129880753e+00
5.639325521577593747e+01,7.761725379982519435e+00
5.641326093169477218e+01,6.475606349938487938e+00
5.643326664761360689e+01,7.380546391127555950e+00
5.645327236353244160e+01,6.741462424792260322e+00
5.647327807945127631e+01,6.377053437885640719e+00
5.649328379537011102e+01,6.142366466964899629e+00
5.651328951128894573e+01,6.245217838517321596e+00
5.653329522720777334e+01,6.126744560862357858e+00
5.655330094312660805e+01,5.580911421686123752e+00
5.657330665904544276e+01,6.652941875233798541e+00
5.659331237496427747e+01,6.237142883388514747e+00
5.661331809088311218e+01,6.369963604202738772e+00
5.663332380680194689e+01,6.888287531457496726e+00
5.665332952272078160e+01,6.174526283960075190e+00
5.667333523863961631e+01,6.394622263791482908e+00
5.669334095455845102e+01,5.900958189257960562e+00
5.671334667047727862e+01,5.667934466046986586e+00
5.673335238639611333e+01,6.029006785536428659e+00
5.675335810231494804e+01,6.307921101898468663e+00
5.677336381823378275e+01,7.056589947448936861e+00
5.679336953415261746e+01,6.404649231618964045e+00
5.681337525007145217e+01,6.102026336052077227e+00
5.683338096599028688e+01,6.161569386484321065e+00
5.685338668190912159e+01,6.777344624031265141e+00
5.687339239782795630e+01,6.109109328477392964e+00
5.689339811374678391e+01,6.285299903578435377e+00
5.691340382966561862e+01,6.458870254095325336e+00
5.693340954558445333e+01,6.081552220397695052e+00
5.695341526150328804e+01,6.055166727541893223e+00
5.697342097742212275e+01,6.619506920134887729e+00
5.699342669334095746e+01,6.603640578727728361e+00
5.701343240925979217e+01,6.238293723382354550e+00
5.703343812517862688e+01,6.362983615127808967e+00
5.705344384109746159e+01,5.966371826704024883e+00
5.707344955701629630e+01,6.032939614526698691e+00
5.709345527293512390e+01,6.561800900253405899e+00
5.711346098885395861e+01,5.822454390344018016e+00
5.713346670477279332e+01,6.332858364134587248e+00
5.715347242069162803e+01,5.815377441849657103e+00
5.717347813661046274e+01,6.361300031068705785e+00
5.719348385252929745e+01,6.651655395992098541e+00
5.721348956844813216e+01,6.937311229622876496e+00
5.723349528436696687e+01,6.205041243260204453e+00
5.725350100028580158e+01,6.803510945632151419e+00
5.727350671620462919e+01,7.691270680579011199e+00
5.729351243212346390e+01,6.401024993800358942e+00
5.731351814804229861e+01,7.236390307907011987e+00
5.733352386396113332e+01,8.248967943881199361e+00
5.735352957987996803e+01,7.366060150519511573e+00
5.737353529579880274e+01,8.386801004393765524e+00
5.739354101171763745e+01,9.023187133840554708e+00
5.741354672763647216e+01,9.061486206842133129e+00
5.743355244355530687e+01,9.513664340912944439e+00
5.745355815947414158e+01,1.017935521465683202e+01
5.747356387539296918e+01,1.175950877646523018e+01
5.749356959131180389e+01,1.298390648966077876e+01
5.751357530723063860e+01,1.378328729041455958e+01
5.753358102314947331e+01,1.506951381302004123e+01
5.755358673906830802e+01,1.585376069102091279e+01
5.757359245498714273e+01,1.754833396961787884e+01
5.759359817090597744e+01,1.904875698841079412e+01
5.761360388682481215e+01,2.120019725610081451e+01
5.763360960274364686e+01,2.223646374513398527e+01
5.765361531866247446e+01,2.357328976042552782e+01
5.767362103458130917e+01,2.548230018397025276e+01
5.769362675050014388e+01,2.665945204080065878e+01
5.771363246641897859e+01,2.748691431200135682e+01
5.773363818233781330e+01,2.781998057851946982e+01
5.775364389825664801e+01,2.861764782697569842e+01
5.777364961417548272e+01,2.932081654939690196e+01
5.779365533009431743e+01,2.977164552222900085e+01
5.781366104601315214e+01,2.962681803164377925e+01
5.783366676193197975e+01,2.972635425230418349e+01
5.785367247785081446e+01,2.907541741940941193e+01
5.787367819376964917e+01,2.865760763635193697e+01
5.789368390968848388e+01,2.821309128098521057e+01
5.791368962560731859e+01,2.882890593118157341e+01
5.793369534152615330e+01,2.854708992305952364e+01
5.795370105744498801e+01,2.700991091365237651e+01
5.797370677336382272e+01,2.644828127793157790e+01
5.799371248928265743e+01,2.557544010979894367e+01
5.801371820520149214e+01,2.528167931689185721e+01
5.803372392112031974e+01,2.418040978366753535e+01
5.805372963703915445e+01,2.296499915685874527e+01
5.807373535295798916e+01,2.178437411952346991e+01
5.809374106887682387e+01,2.051476778514306432e+01
5.811374678479565858e+01,1.893755038231003596e+01
5.813375250071449329e+01,1.750020919059561209e+01
5.815375821663332800e+01,1.559877723610619427e+01
5.817376393255216271e+01,1.503171292635383516e+01
5.819376964847099742e+01,1.273549498383225576e+01
5.821377536438982503e+01,1.199345031324903310e+01
5.823378108030865974e+01,1.124647625479017776e+01
5.825378679622749445e+01,1.008347185976690419e+01
5.827379251214632916e+01,9.412320580009229332e+00
5.829379822806516387e+01,8.837562725347080317e+00
5.831380394398399858e+01,8.254691065385911131e+00
5.833380965990283329e+01,8.194217745294617217e+00
5.835381537582166800e+01,7.195563935105477427e+00
5.837382109174050271e+01,7.010679826635425549e+00
5.839382680765933742e+01,6.584307712203411711e+00
5.841383252357816502e+01,7.595293190718436449e+00
5.843383823949699973e+01,6.718868795039206532e+00
5.845384395541583444e+01,6.969735177419170036e+00
5.847384967133466915e+01,6.337631691704142867e+00
5.849385538725350386e+01,5.715466216246056774e+00
5.851386110317233857e+01,6.600081312999557248e+00
5.853386681909117328e+01,5.806798904124521599e+00
5.855387253501000799e+01,5.905687484342596605e+00
5.857387825092884270e+01,6.258151655922016054e+00
5.859388396684767031e+01,6.395346922843456738e+00
5.861388968276650502e+01,6.100703986698361447e+00
5.863389539868533973e+01,6.674749410171507691e+00
5.865390111460417444e+01,5.650257587192536235e+00
5.867390683052300915e+01,6.067666687866234199e+00
5.869391254644184386e+01,6.351054732124634228e+00
5.871391826236067857e+01,6.405811675671452932e+00
5.873392397827951328e+01,5.490322714954883665e+00
5.875392969419834799e+01,5.652891167457539723e+00
5.877393541011717559e+01,5.899349802046390145e+00
5.879394112603601030e+01,5.815963217394358509e+00
5.881394684195484501e+01,6.241897269073103161e+00
5.883395255787367972e+01,6.032389035161315860e+00
5.885395827379251443e+01,5.684940805055225255e+00
5.887396398971134914e+01,6.578854657472423817e+00
5.889396970563018385e+01,5.703601487093944655e+00
5.891397542154901856e+01,5.893923862968944327e+00
5.893398113746785327e+01,5.330881682743765282e+00
5.895398685338668798e+01,5.764454306620320878e+00
5.897399256930551559e+01,5.944513670020894480e+00
5.899399828522435030e+01,5.818321410174981168e+00
5.901400400114318501e+01,6.197488614408973362e+00
5.903400971706201972e+01,6.015579209321031406e+00
5.905401543298085443e+01,5.545199879656775188e+00
5.907402114889968914e+01,5.402856198474301763e+00
5.909402686481852385e+01,5.937836347377954738e+00
5.911403258073735856e+01,5.707822875200104562e+00
5.913403829665619327e+01,6.649045302732915275e+00
5.915404401257502087e+01,5.833607876441574192e+00
5.917404972849385558e+01,6.382161182432518842e+00
5.919405544441269029e+01,5.829705186189168664e+00
5.921406116033152500e+01,5.806519860614470119e+00
5.923406687625035971e+01,5.120059477439786733e+00
5.925407259216919442e+01,5.629345609758074076e+00
5.927407830808802913e+01,6.170238685515375465e+00
5.929408402400686384e+01,5.749015212030036182e+00
5.931408973992569855e+01,5.920258521642335126e+00
5.933409545584453326e+01,6.062388245445738733e+00
5.935410117176336087e+01,5.815871724892052619e+00
5.937410688768219558e+01,5.658075104973619318e+00
5.939411260360103029e+01,6.077612961202897068e+00
5.941411831951986500e+01,5.082650477768407171e+00
5.943412403543869971e+01,6.002410709893586827e+00
5.945412975135753442e+01,5.714422955934034043e+00
5.947413546727636913e+01,5.371635856314843416e+00
5.949414118319520384e+01,5.984384801080502747e+00
5.951414689911403855e+01,5.758925162044299384e+00
5.953415261503286615e+01,5.148679998410780279e+00
5.955415833095170086e+01,5.350266598539029417e+00
5.957416404687053557e+01,6.156320765077500923e+00
5.959416976278937028e+01,6.615580056461494607e+00
5.961417547870820499e+01,5.988642701200660667e+00
5.963418119462703970e+01,5.733889171601250112e+00
5.965418691054587441e+01,5.516990908168065921e+00
5.967419262646470912e+01,6.213219859544809154e+00
5.969419834238354383e+01,6.165771483559550958e+00
5.971420405830237144e+01,6.536374431944985908e+00
5.973420977422120615e+01,5.531421742684543119e+00
5.975421549014004086e+01,5.801600566570744633e+00
5.977422120605887557e+01,6.057217235947094380e+00
5.979422692197771028e+01,5.897315635475662177e+00
5.981423263789654499e+01,5.351472333586139385e+00
5.983423835381537970e+01,5.151685662554230660e+00
5.985424406973421441e+01,5.187059489318961880e+00
5.987424978565304912e+01,5.883151988374507368e+00
5.989425550157188383e+01,6.528264597491479471e+00
5.991426121749071143e+01,6.602597856881676108e+00
5.993426693340954614e+01,6.079472141201248903e+00
5.995427264932838085e+01,5.857313485436314693e+00
5.997427836524721556e+01,5.687793028113370397e+00
5.999428408116605027e+01,5.353412323521515859e+00
6.001428979708488498e+01,6.482295207538170345e+00
6.003429551300371969e+01,5.679276425253355853e+00
6.005430122892255440e+01,6.239518366284013240e+00
6.007430694484138911e+01,5.712184302540411984e+00
6.009431266076021672e+01,6.177058303155373409e+00
6.011431837667905143e+01,6.140695062253613834e+00
6.013432409259788614e+01,6.514544070111350393e+00
6.015432980851672085e+01,6.076073451023365379e+00
6.017433552443555556e+01,6.708423611164340272e+00
6.019434124035439027e+01,5.818570962260782409e+00
6.021434695627322498e+01,6.152218347604048176e+00
6.023435267219205969e+01,5.516330602238371128e+00
6.025435838811089440e+01,5.983817414413934443e+00
6.027436410402972911e+01,6.034208773265650194e+00
6.029436981994855671e+01,6.190009760924883864e+00
6.031437553586739142e+01,6.001723909654430145e+00
6.033438125178622613e+01,5.801634076814504049e+00
6.035438696770506084e+01,5.676801519830572573e+00
6.037439268362389555e+01,5.703438764922475812e+00
6.039439839954273026e+01,6.028286394824313277e+00
6.041440411546156497e+01,5.946457224069911618e+00
6.043440983138039968e+01,6.819956292390223496e+00
6.045441554729923439e+01,6.183240233173759037e+00
6.047442126321806199e+01,7.039606721945173895e+00
6.049442697913689670e+01,5.826307561387343625e+00
6.051443269505573141e+01,6.470160744859596136e+00
6.053443841097456612e+01,6.627523036719084715e+00
6.055444412689340083e+01,6.771884761324336033e+00
6.057444984281223554e+01,6.434541570043753822e+00
6.059445555873107025e+01,7.112497338152472537e+00
6.061446127464990496e+01,6.629838805221641707e+00
6.063446699056873967e+01,7.383177223899038744e+00
6.065447270648756728e+01,7.413550180081756480e+00
6.067447842240640199e+01,7.840593265980395188e+00
6.069448413832523670e+01,6.987488757732599254e+00
6.071448985424407141e+01,6.810492903245546792e+00
6.073449557016290612e+01,7.397251716456541004e+00
6.075450128608174083e+01,6.597622122345343953e+00
6.077450700200057554e+01,6.603037738832206571e+00
6.079451271791941025e+01,6.962211952455398034e+00
6.081451843383824496e+01,7.334230916241297749e+00
6.083452414975707967e+01,6.567384957956162950e+00
6.085452986567590727e+01,7.362873072554476650e+00
6.087453558159474198e+01,7.234091372265987196e+00
6.089454129751357669e+01,7.233136713097524151e+00
6.091454701343241140e+01,7.325069093151833854e+00
6.093455272935124611e+01,6.392895516922211030e+00
6.095455844527008082e+01,5.919085862092183348e+00
6.097456416118891553e+01,6.499876999731912797e+00
6.099456987710775024e+01,7.016840004995096081e+00
6.101457559302658495e+01,6.553359839769449025e+00
6.103458130894541256e+01,6.998688001765223099e+00
6.105458702486424727e+01,6.068728777671868357e+00
6.107459274078308198e+01,6.202399823900174525e+00
6.109459845670191669e+01,5.642648454667199331e+00
6.111460417262075140e+01,5.688559225597273894e+00
6.113460988853958611e+01,7.089567838253653775e+00
6.115461560445842082e+01,6.167121388459690046e+00
6.117462132037725553e+01,5.788469687999509006e+00
6.119462703629609024e+01,6.416144000533705594e+00
6.121463275221492495e+01,5.813586885309609542e+00
6.123463846813375255e+01,5.877217873333867360e+00
6.125464418405258726e+01,6.242417566887690228e+00
6.127464989997142197e+01,5.496028830413320243e+00
6.129465561589025668e+01,6.302746230314733467e+00
6.131466133180909139e+01,5.972198813733232470e+00
6.133466704772792610e+01,5.753824251214092911e+00
6.135467276364676081e+01,5.651120726234097447e+00
6.137467847956559552e+01,5.836960880266778062e+00
6.139468419548443023e+01,6.666261808524271082e+00
6.141468991140325784e+01,5.738258448321078120e+00
6.143469562732209255e+01,5.914398338802426380e+00
6.145470134324092726e+01,5.213667709837938702e+00
6.147470705915976197e+01,6.508971586074620674e+00
6.149471277507859668e+01,5.735148805246987891e+00
6.151471849099743139e+01,5.802133180447695437e+00
6.153472420691626610e+01,5.290366223329823647e+00
6.155472992283510081e+01,5.981782344442647670e+00
6.157473563875393552e+01,5.349192974703994352e+00
6.159474135467276312e+01,5.905751179891912450e+00
6.161474707059159783e+01,6.113002104460644404e+00
6.163475278651043254e+01,5.782772435091152019e+00
6.165475850242926725e+01,5.485291828758974475e+00
6.167476421834810196e+01,6.040247483781103099e+00
6.169476993426693667e+01,6.497496038976969146e+00
6.171477565018577138e+01,5.828051674826776996e+00
6.173478136610460609e+01,5.711582576441468717e+00
6.175478708202344080e+01,5.938800318576570092e+00
6.177479279794227551e+01,5.172056843304385865e+00
6.179479851386110312e+01,5.496060228485544208e+00
6.181480422977993783e+01,6.574219402947826474e+00
6.183480994569877254e+01,5.865270550646663139e+00
6.185481566161760725e+01,5.165991781749484701e+00
6.187482137753644196e+01,6.148507558018463826e+00
6.189482709345527667e+01,5.892983450622947927e+00
6.191483280937411138e+01,5.980960916439352459e+00
6.193483852529294609e+01,6.128823612646174368e+00
6.195484424121178080e+01,5.947092799645292693e+00
6.197484995713060840e+01,5.574081837088716185e+00
6.199485567304944311e+01,5.825939602561454933e+00
6.201486138896827782e+01,6.208781389153753771e+00
6.203486710488711253e+01,6.372657097877053367e+00
6.205487282080594724e+01,5.450297941517036726e+00
6.207487853672478195e+01,6.302128336840043588e+00
6.209488425264361666e+01,5.694065475934188214e+00
6.211488996856245137e+01,6.166342888643558950e+00
6.213489568448128608e+01,5.687695379515852245e+00
6.215490140040011369e+01,5.516584859988038048e+00
6.217490711631894840e+01,5.966614061844389028e+00
6.219491283223778311e+01,5.875762773207330092e+00
6.221491854815661782e+01,5.262528239009286679e+00
6.223492426407545253e+01,5.862034883539584129e+00
6.225492997999428724e+01,5.702167939252812623e+00
6.227493569591312195e+01,5.939467272268287523e+00
6.229494141183195666e+01,5.900374471419945088e+00
6.231494712775079137e+01,5.916848528368971571e+00
6.233495284366962608e+01,5.816367377891377366e+00
6.235495855958845368e+01,5.504175945413868121e+00
6.237496427550728839e+01,5.938440353198664923e+00
6.239496999142612310e+01,5.640149610272970016e+00
6.241497570734495781e+01,5.480570618416290785e+00
6.243498142326379252e+01,5.130762763367882506e+00
6.245498713918262723e+01,5.093982736901542019e+00
6.247499285510146194e+01,5.372312273728773846e+00
6.249499857102029665e+01,6.203114363892089145e+00
6.251500428693913136e+01,5.659425477849499231e+00
6.253501000285795897e+01,6.089463858278090669e+00
6.255501571877679368e+01,5.938051367375022593e+00
6.257502143469562839e+01,5.366733519765304550e+00
6.259502715061446310e+01,6.273323560605719607e+00
6.261503286653329781e+01,5.773340357956866953e+00
6.263503858245213252e+01,5.854278585481604402e+00
6.265504429837096723e+01,5.849737260444576314e+00
6.267505001428980194e+01,5.287416194854912099e+00
6.269505573020863665e+01,5.740551024702478244e+00
6.271506144612747136e+01,5.840462198014670037e+00
6.273506716204629896e+01,5.383838024114671050e+00
6.275507287796513367e+01,6.157423347993434604e+00
6.277507859388396838e+01,6.524524713969141132e+00
6.279508430980280309e+01,6.028887362272330463e+00
6.281509002572163780e+01,5.258397178186733356e+00
6.283509574164047251e+01,6.110813636617820066e+00
6.285510145755930722e+01,6.197496231843509840e+00
6.287510717347814193e+01,6.227369156956376273e+00
6.289511288939697664e+01,5.775415348454874476e+00
6.291511860531580425e+01,6.580157816301665186e+00
6.293512432123463896e+01,6.036134953661919766e+00
6.295513003715347367e+01,6.639672372802737144e+00
6.297513575307230838e+01,5.682439306670057810e+00
6.299514146899114309e+01,6.568083145062993289e+00
6.301514718490997780e+01,5.360861686324387421e+00
6.303515290082881251e+01,5.689268870468652040e+00
6.305515861674764722e+01,5.877423428076268053e+00
6.307516433266648193e+01,5.546735957205545020e+00
6.309517004858530953e+01,5.691752339158977492e+00
6.311517576450414424e+01,5.591655318780970774e+00
6.313518148042297895e+01,5.816547948118142131e+00
6.315518719634181366e+01,5.081071747125481153e+00
6.317519291226064837e+01,5.511343434278886733e+00
6.319519862817948308e+01,5.757955919539183398e+00
6.321520434409831779e+01,5.787054869100583865e+00
6.323521006001715250e+01,6.238003404544317121e+00
6.325521577593598721e+01,5.246066727851243172e+00
6.327522149185482192e+01,5.071128629177818148e+00
6.329522720777364952e+01,5.921228266621534786e+00
6.331523292369248423e+01,6.083327542952376099e+00
6.333523863961131894e+01,6.223581160232948051e+00
6.335524435553015365e+01,5.249261881395262286e+00
6.337525007144898836e+01,6.441582568408506404e+00
6.339525578736782307e+01,6.241186517929313560e+00
6.341526150328665778e+01,6.018214256055317790e+00
6.343526721920549249e+01,5.609103027951150011e+00
6.345527293512432720e+01,6.166060257953725809e+00
6.347527865104315481e+01,5.798525204636471031e+00
6.349528436696198952e+01,5.472448955945523608e+00
6.351529008288082423e+01,5.746054007634315397e+00
6.353529579879965894e+01,5.755865027461963379e+00
6.355530151471849365e+01,5.038444146340738783e+00
6.357530723063732836e+01,6.128051297013793253e+00
6.359531294655616307e+01,6.396332975753150407e+00
6.361531866247499778e+01,5.963207219948321480e+00
6.363532437839383249e+01,5.913043411872600075e+00
6.365533009431266720e+01,5.709978406174032628e+00
6.367533581023149480e+01,5.842733162332039321e+00
6.369534152615032951e+01,6.515941301616436476e+00
6.371534724206916422e+01,5.665587635623642981e+00
6.373535295798799893e+01,5.847897880667561665e+00
6.375535867390683364e+01,6.177275394428541233e+00
6.377536438982566835e+01,5.850889520263117483e+00
6.379537010574450306e+01,5.545860732505698110e+00
6.381537582166333777e+01,6.358121705008397129e+00
6.383538153758217248e+01,5.726569379180372010e+00
6.385538725350100009e+01,5.761940800567778354e+00
6.387539296941983480e+01,5.629353179757699444e+00
6.389539868533866951e+01,6.187002800590811091e+00
6.391540440125750422e+01,4.884763605551403209e+00
6.393541011717633893e+01,6.325278958088912162e+00
6.395541583309517364e+01,5.130168675447574600e+00
6.397542154901400835e+01,5.583251989723829745e+00
6.399542726493284306e+01,5.824398834565808869e+00
6.401543298085167066e+01,6.587271494836024033e+00
6.403543869677051248e+01,5.829378515630917690e+00
6.405544441268934008e+01,5.903858978548597314e+00
6.407545012860816769e+01,5.249478424575722002e+00
6.409545584452700950e+01,5.586658170582517791e+00
6.411546156044585132e+01,5.376967407870882454e+00
6.413546727636467892e+01,6.088021843683705470e+00
6.415547299228350653e+01,5.234119326708306374e+00
6.417547870820234834e+01,6.057193367123769434e+00
6.419548442412119016e+01,5.857111733699556844e+00
6.421549014004001776e+01,5.380970959300434231e+00
6.423549585595884537e+01,5.832633902387620140e+00
6.425550157187768718e+01,5.115903946164833016e+00
6.427550728779651479e+01,5.091060031304801115e+00
6.429551300371534239e+01,6.080989998268612418e+00
6.431551871963418421e+01,5.917175716293978205e+00
6.433552443555302602e+01,6.212573372942479466e+00
6.435553015147185363e+01,5.696796786694820369e+00
6.437553586739068123e+01,5.728168926847904352e+00
6.439554158330952305e+01,5.664212584421706609e+00
6.441554729922835065e+01,6.251552878202955910e+00
6.443555301514717826e+01,5.175588895472799322e+00
6.445555873106602007e+01,6.043398175784234994e+00
6.447556444698486189e+01,5.648911754850709954e+00
6.449557016290368949e+01,4.810581289451823395e+00
6.451557587882251710e+01,5.713397680919028332e+00
6.453558159474135891e+01,5.566023118483461651e+00
6.455558731066020073e+01,5.609110254806171980e+00
6.457559302657902833e+01,5.535192367062411023e+00
6.459559874249785594e+01,5.987808169629197153e+00
6.461560445841669775e+01,5.133679461530714860e+00
6.463561017433552536e+01,5.705465098432391358e+00
6.465561589025435296e+01,5.675311639746810854e+00
6.467562160617319478e+01,5.897534021794793802e+00
6.469562732209203659e+01,5.679504752857962302e+00
6.471563303801086420e+01,6.387266172004848030e+00
6.473563875392969180e+01,5.946809601208554064e+00
6.475564446984853362e+01,5.871423917798216152e+00
6.477565018576737543e+01,5.146653498979257613e+00
6.479565590168618883e+01,6.123006662909849851e+00
6.481566161760503064e+01,5.409019488789976293e+00
6.483566733352387246e+01,5.332519595447444694e+00
6.485567304944270006e+01,5.613541942949272112e+00
6.487567876536152767e+01,5.315865612254734529e+00
6.489568448128036948e+01,6.092435444947597034e+00
6.491569019719921130e+01,5.679114476070257211e+00
6.493569591311803890e+01,5.496417350221282305e+00
6.495570162903686651e+01,5.422086645456926313e+00
6.497570734495570832e+01,5.025233898649762665e+00
6.499571306087453593e+01,5.422011688083899550e+00
6.501571877679336353e+01,5.331251312205914417e+00
6.503572449271220535e+01,5.721781900547583177e+00
6.505573020863104716e+01,5.278411758217735894e+00
6.507573592454987477e+01,5.742240452810605689e+00
6.509574164046870237e+01,5.250699567232086196e+00
6.511574735638754419e+01,5.468362757490774939e+00
6.513575307230638600e+01,5.523351062886193930e+00
6.515575878822521361e+01,5.628124749593849785e+00
6.517576450414404121e+01,5.269685329574290478e+00
6.519577022006288303e+01,5.883421027707738560e+00
6.521577593598171063e+01,5.657741855918382079e+00
6.523578165190053824e+01,5.589540759423611505e+00
6.525578736781938005e+01,5.207710058337053916e+00
6.527579308373822187e+01,5.740545862761577744e+00
6.529579879965704947e+01,5.261995725866490226e+00
6.531580451557587708e+01,5.659502590396106925e+00
6.533581023149471889e+01,5.277252309038638067e+00
6.535581594741354650e+01,6.393367362390926623e+00
6.537582166333237410e+01,5.447391983945342631e+00
6.539582737925121592e+01,5.922334220832977891e+00
6.541583309517005773e+01,6.091479282862971800e+00
6.543583881108888534e+01,5.320723476539200192e+00
6.545584452700771294e+01,6.289324845967952271e+00
6.547585024292655476e+01,5.188306929423016634e+00
6.549585595884539657e+01,5.408440593376306005e+00
6.551586167476422418e+01,5.659916029192424425e+00
6.553586739068305178e+01,6.005928060781644540e+00
6.555587310660189360e+01,5.675746643130298530e+00
6.557587882252072120e+01,6.050792391818072602e+00
6.559588453843954881e+01,6.184060339466425305e+00
6.561589025435839062e+01,5.892672809783702448e+00
6.563589597027723244e+01,5.855057935795183965e+00
6.565590168619606004e+01,5.449382592185290974e+00
6.567590740211488765e+01,6.156655815007666455e+00
6.569591311803372946e+01,6.684478587881235612e+00
6.571591883395257128e+01,6.421338059982442559e+00
6.573592454987138467e+01,5.723450964234567451e+00
6.575593026579022649e+01,6.040782996249646430e+00
6.577593598170906830e+01,6.376016718681501771e+00
6.579594169762789591e+01,5.678833951911538058e+00
6.581594741354672351e+01,6.311428554677780411e+00
6.583595312946556533e+01,6.613535245883838343e+00
6.585595884538440714e+01,5.923330141818514250e+00
6.587596456130323475e+01,7.016033272768318341e+00
6.589597027722206235e+01,6.535170002345674689e+00
6.591597599314090417e+01,6.618501080815395454e+00
6.593598170905973177e+01,7.340144078824028639e+00
6.595598742497855937e+01,7.394086030196232784e+00
6.597599314089740119e+01,7.587325679614798979e+00
6.599599885681624301e+01,6.220551626894469166e+00
6.601600457273507061e+01,6.376669603959652655e+00
6.603601028865389821e+01,7.199652521257245752e+00
6.605601600457274003e+01,7.034123313249104115e+00
6.607602172049158185e+01,6.471635869535374397e+00
6.609602743641040945e+01,7.043494098923082980e+00
6.611603315232923705e+01,6.422888823673469361e+00
6.613603886824807887e+01,6.883281930298933204e+00
6.615604458416690647e+01,7.438921528807522776e+00
6.617605030008573408e+01,6.062047990892105886e+00
6.619605601600457589e+01,7.046100627033517583e+00
6.621606173192341771e+01,6.678115273787565087e+00
6.623606744784224531e+01,6.259656681022487845e+00
6.625607316376107292e+01,6.245981571580868419e+00
6.627607887967991473e+01,6.960226819447132840e+00
6.629608459559874234e+01,5.670836469478109265e+00
6.631609031151756994e+01,6.656445909196314403e+00
6.633609602743641176e+01,6.637009669081965768e+00
6.635610174335525357e+01,5.862174112948462579e+00
6.637610745927408118e+01,5.820976060306874089e+00
6.639611317519290878e+01,6.373134803653424996e+00
6.641611889111175060e+01,6.041417586036785359e+00
6.643612460703059241e+01,6.449317295736965328e+00
6.645613032294942002e+01,5.749008646082791607e+00
6.647613603886824762e+01,6.828345617970908776e+00
6.649614175478708944e+01,6.093813324057707703e+00
6.651614747070591704e+01,6.173961127822121142e+00
6.653615318662474465e+01,6.258552191995683245e+00
6.655615890254358646e+01,6.165933395864948707e+00
6.657616461846242828e+01,5.477406738704251765e+00
6.659617033438125588e+01,6.020036576833140529e+00
6.661617605030008349e+01,6.241745123953918117e+00
6.663618176621892530e+01,6.799556218107191796e+00
6.665618748213776712e+01,6.416320488578246994e+00
6.667619319805658051e+01,6.402282454983378557e+00
6.669619891397542233e+01,6.010953255192504230e+00
6.671620462989426414e+01,5.711812176785109330e+00
6.673621034581309175e+01,6.377291426394352314e+00
6.675621606173191935e+01,5.966605818191131227e+00
6.677622177765076117e+01,5.445825206931483642e+00
6.679622749356960298e+01,6.032949932942153204e+00
6.681623320948843059e+01,6.365467602987921580e+00
6.683623892540725819e+01,5.706679217750882493e+00
6.685624464132610001e+01,6.115197605286576632e+00
6.687625035724492761e+01,5.531508799638505280e+00
6.689625607316375522e+01,6.730161875599519838e+00
6.691626178908259703e+01,5.815974082799847622e+00
6.693626750500143885e+01,5.824987402444978812e+00
6.695627322092026645e+01,6.148743602416322673e+00
6.697627893683909406e+01,5.986668768493291992e+00
6.699628465275793587e+01,6.116378025820933928e+00
6.701629036867677769e+01,6.042423689570782130e+00
6.703629608459560529e+01,5.540046482282207307e+00
6.705630180051443290e+01,6.556572087992098119e+00
6.707630751643327471e+01,6.802137694916048360e+00
6.709631323235210232e+01,6.300871746436872201e+00
6.711631894827092992e+01,6.922205100529126298e+00
6.713632466418977174e+01,6.846594371132992407e+00
6.715633038010861355e+01,7.245778450542581517e+00
6.717633609602744116e+01,7.699733551568142431e+00
6.719634181194626876e+01,7.889077110422530126e+00
6.721634752786511058e+01,8.236424559956237346e+00
6.723635324378393818e+01,8.721373578325133380e+00
6.725635895970276579e+01,9.408254539146845730e+00
6.727636467562160760e+01,8.818295969505028253e+00
6.729637039154044942e+01,9.807748348815220396e+00
6.731637610745927702e+01,1.148534565221852333e+01
6.733638182337810463e+01,1.115508914757109160e+01
6.735638753929694644e+01,1.094671956288925685e+01
6.737639325521578826e+01,1.165777083319510510e+01
6.739639897113461586e+01,1.261853585103263953e+01
6.741640468705344347e+01,1.293681262639088558e+01
6.743641040297228528e+01,1.341268892683984149e+01
6.745641611889111289e+01,1.350640976782636571e+01
6.747642183480994049e+01,1.380412257322065095e+01
6.749642755072878231e+01,1.256360227802117180e+01
6.751643326664762412e+01,1.280701535572989513e+01
6.753643898256645173e+01,1.272206629654399990e+01
6.755644469848527933e+01,1.162607367705905581e+01
6.757645041440412115e+01,1.177712721982828548e+01
6.759645613032296296e+01,1.133124141910102622e+01
6.761646184624177636e+01,1.118468251199887398e+01
6.763646756216061817e+01,1.070304600023769481e+01
6.765647327807945999e+01,9.654420378402095437e+00
6.767647899399828759e+01,1.027925418766048438e+01
6.769648470991711520e+01,9.514677253772003240e+00
6.771649042583595701e+01,9.092321228501702990e+00
6.773649614175479883e+01,9.141004489036589575e+00
6.775650185767362643e+01,9.900882164789287287e+00
6.777650757359245404e+01,8.626133728614931329e+00
6.779651328951129585e+01,9.120112949604767039e+00
6.781651900543012346e+01,8.350499987319077277e+00
6.783652472134895106e+01,8.431930373809919388e+00
6.785653043726779288e+01,8.572313933095021099e+00
6.787653615318663469e+01,7.455795133212490100e+00
6.789654186910546230e+01,7.811055404887075504e+00
6.791654758502428990e+01,7.847312678225419447e+00
6.793655330094313172e+01,7.248486318340912504e+00
6.795655901686197353e+01,7.120780871774816667e+00
6.797656473278080114e+01,7.611107730782971537e+00
6.799657044869962874e+01,5.947458544672290515e+00
6.801657616461847056e+01,7.046735176366000886e+00
6.803658188053729816e+01,6.316652432662303696e+00
6.805658759645612577e+01,5.794518317188064316e+00
6.807659331237496758e+01,6.059834614042777901e+00
6.809659902829380940e+01,5.543333847734656317e+00
6.811660474421263700e+01,6.708878979706802248e+00
6.813661046013146461e+01,6.167373051555889774e+00
6.815661617605030642e+01,5.907484990425479587e+00
6.817662189196913403e+01,6.216309713486857902e+00
6.819662760788796163e+01,5.569333607183168056e+00
6.821663332380680345e+01,6.312890529110909199e+00
6.823663903972564526e+01,5.579533011674650211e+00
6.825664475564447287e+01,5.787595403489147472e+00
6.827665047156330047e+01,6.617778175979537103e+00
6.829665618748214229e+01,6.967376504277914329e+00
6.831666190340098410e+01,6.569790967967573891e+00
6.833666761931981171e+01,6.581106213636861213e+00
6.835667333523863931e+01,6.946250531374191794e+00
6.837667905115748113e+01,6.810762877735584198e+00
6.839668476707630873e+01,6.446756414295857773e+00
6.841669048299513634e+01,7.409656152834751097e+00
6.843669619891397815e+01,8.027195589514519725e+00
6.845670191483281997e+01,7.782926162671756742e+00
6.847670763075164757e+01,6.965482111705913582e+00
6.849671334667047518e+01,8.103850724800764738e+00
6.851671906258931699e+01,7.865451645681009296e+00
6.853672477850815881e+01,8.670991531189327972e+00
6.855673049442697220e+01,7.987524410321346302e+00
6.857673621034581402e+01,7.670056075973489484e+00
6.859674192626465583e+01,7.161900088028096967e+00
6.861674764218348344e+01,8.020087150993340686e+00
6.863675335810231104e+01,7.759194558409463482e+00
6.865675907402115286e+01,6.879679719386183834e+00
6.867676478993999467e+01,7.112985104474908837e+00
6.869677050585882228e+01,6.908441068835257326e+00
6.871677622177764988e+01,6.841798718477678953e+00
6.873678193769649170e+01,6.991760740884160441e+00
6.875678765361531930e+01,6.637009930978654992e+00
6.877679336953414690e+01,6.530237726976016788e+00
6.879679908545298872e+01,6.247749872799855275e+00
6.881680480137183054e+01,6.064106178300271210e+00
6.883681051729065814e+01,6.503875386145542947e+00
6.885681623320948574e+01,6.500422863843214216e+00
6.887682194912832756e+01,6.983348224596880982e+00
6.889682766504716938e+01,6.322596717081997220e+00
6.891683338096599698e+01,6.513556779616215486e+00
6.893683909688482458e+01,6.438851187351486871e+00
6.895684481280366640e+01,7.244011110060450065e+00
6.897685052872249400e+01,7.127673291784772047e+00
6.899685624464132161e+01,7.597429935791243594e+00
6.901686196056016342e+01,6.837383624111929237e+00
6.903686767647900524e+01,8.165895732122180561e+00
6.905687339239783284e+01,7.845561336031939170e+00
6.907687910831666045e+01,7.562736564317399157e+00
6.909688482423550226e+01,7.177726845383476828e+00
6.911689054015432987e+01,7.386064791831259413e+00
6.913689625607315747e+01,7.225405624223447454e+00
6.915690197199199929e+01,8.050218633947121560e+00
6.917690768791084110e+01,6.475334499265264832e+00
6.919691340382966871e+01,6.744170428707596088e+00
6.921691911974849631e+01,6.436050617240098859e+00
6.923692483566733813e+01,6.269758525079700995e+00
6.925693055158617994e+01,6.528367842530139242e+00
6.927693626750500755e+01,5.912396543770139345e+00
6.929694198342383515e+01,6.252054612684361246e+00
6.931694769934267697e+01,6.508437899674026639e+00
6.933695341526150457e+01,5.406581891907260129e+00
6.935695913118033218e+01,5.820330770997262704e+00
6.937696484709917399e+01,5.826947376696122838e+00
6.939697056301801581e+01,6.560116227540564893e+00
6.941697627893684341e+01,6.220219500926879697e+00
6.943698199485567102e+01,6.337668157379019895e+00
6.945698771077451283e+01,6.020758576372433168e+00
6.947699342669335465e+01,6.290200283592070285e+00
6.949699914261216804e+01,5.865514325095869452e+00
6.951700485853100986e+01,6.321361928284539466e+00
6.953701057444985167e+01,5.801736135505864311e+00
6.955701629036867928e+01,5.589922361398189210e+00
6.957702200628750688e+01,6.040044953339777756e+00
6.959702772220634870e+01,5.465058943326019048e+00
6.961703343812519051e+01,5.861824281146436277e+00
6.963703915404401812e+01,5.649785875391645007e+00
6.965704486996284572e+01,5.494833727247915078e+00
6.967705058588168754e+01,6.090510715971413802e+00
6.969705630180051514e+01,5.201886957378025755e+00
6.971706201771934275e+01,6.704159961358784336e+00
6.973706773363818456e+01,5.281600310043951474e+00
6.975707344955702638e+01,5.241917646664028041e+00
6.977707916547585398e+01,6.450158488962745906e+00
6.979708488139468159e+01,6.232355284043658017e+00
6.981709059731352340e+01,5.868665250746245121e+00
6.983709631323236522e+01,5.856409000400725873e+00
6.985710202915119282e+01,5.335120728363811793e+00
6.987710774507002043e+01,6.006901302433836243e+00
6.989711346098886224e+01,5.168152592209875884e+00
6.991711917690768985e+01,6.185203146155128451e+00
6.993712489282651745e+01,5.493588315386967125e+00
6.995713060874535927e+01,5.922661912004947737e+00
6.997713632466420108e+01,6.027651507596086589e+00
6.999714204058302869e+01,6.216357556087285019e+00
7.001714775650185629e+01,5.701978288863046807e+00
7.003715347242069811e+01,5.620200712904400930e+00
7.005715918833952571e+01,6.510198888034036457e+00
7.007716490425835332e+01,5.831836179294478839e+00
7.009717062017719513e+01,5.408977705975855699e+00
7.011717633609603695e+01,5.564743425960609891e+00
7.013718205201486455e+01,6.534570807194356235e+00
7.015718776793369216e+01,5.985601002465464227e+00
7.017719348385253397e+01,5.561818175769735362e+00
7.019719919977137579e+01,5.804641634979301301e+00
7.021720491569020339e+01,6.810230936658207668e+00
7.023721063160903100e+01,6.068716745410148050e+00
7.025721634752787281e+01,6.310789651066560424e+00
7.027722206344670042e+01,6.132820021292559431e+00
7.029722777936552802e+01,7.027905476436147936e+00
7.031723349528436984e+01,6.151820406767731342e+00
7.033723921120321165e+01,6.213938848012880989e+00
7.035724492712203926e+01,6.311860690971998977e+00
7.037725064304086686e+01,6.256110780709587260e+00
7.039725635895970868e+01,6.286371251279897265e+00
7.041726207487855049e+01,6.308305590940391561e+00
7.043726779079736389e+01,6.867441804409905259e+00
7.045727350671620570e+01,6.140764670997219454e+00
7.047727922263504752e+01,6.571163313733230815e+00
7.049728493855387512e+01,6.733921297703903797e+00
7.051729065447270273e+01,6.437625744767004221e+00
7.053729637039154454e+01,6.437542681352066865e+00
7.055730208631038636e+01,6.208727169718883054e+00
7.057730780222921396e+01,6.543664436357239822e+00
7.059731351814804157e+01,5.883607910151576803e+00
7.061731923406688338e+01,5.658549620220663101e+00
7.063732494998571099e+01,6.146798917638696125e+00
7.065733066590453859e+01,6.351116003092904805e+00
7.067733638182338041e+01,6.007812189419624360e+00
7.069734209774222222e+01,6.099649253368472301e+00
7.071734781366104983e+01,5.893012757229902476e+00
7.073735352957987743e+01,6.477212401436650779e+00
7.075735924549871925e+01,5.885720452118071933e+00
7.077736496141756106e+01,6.507440182128235051e+00
7.079737067733638867e+01,6.223598291592596254e+00
7.081737639325521627e+01,6.534182531924819237e+00
7.083738210917405809e+01,6.661627140443169282e+00
7.085738782509288569e+01,5.831135158649482619e+00
7.087739354101171330e+01,5.427865197412006459e+00
7.089739925693055511e+01,6.219327484953737439e+00
7.091740497284939693e+01,6.197719183277456523e+00
7.093741068876822453e+01,6.365941730524172115e+00
7.095741640468705214e+01,5.606294320859116276e+00
7.097742212060589395e+01,5.717480840730855718e+00
7.099742783652472156e+01,5.928848638899188117e+00
7.101743355244354916e+01,5.294574612376800715e+00
7.103743926836239098e+01,5.200618138506738042e+00
7.105744498428123279e+01,5.691772204570688665e+00
7.107745070020006040e+01,5.574144691483681413e+00
7.109745641611888800e+01,6.359372774162672215e+00
7.111746213203772982e+01,6.021236516974820319e+00
7.113746784795657163e+01,5.601270346896560781e+00
7.115747356387539924e+01,5.051380268132641405e+00
7.117747927979422684e+01,5.520595255736458817e+00
7.119748499571306866e+01,5.836924838832077356e+00
7.121749071163189626e+01,5.979248821542601178e+00
7.123749642755072387e+01,5.801526620028291781e+00
7.125750214346956568e+01,6.013210046113416141e+00
7.127750785938840750e+01,5.644218852496408090e+00
7.129751357530723510e+01,6.395549779516478850e+00
7.131751929122606271e+01,5.453107510352673160e+00
7.133752500714490452e+01,6.250591461245578628e+00
7.135753072306374634e+01,5.444997327711631030e+00
7.137753643898255973e+01,6.133400941159839803e+00
7.139754215490140155e+01,6.201485656629326826e+00
7.141754787082024336e+01,6.488275822411585736e+00
7.143755358673907097e+01,6.112148828610688867e+00
7.145755930265789857e+01,5.986024175942849190e+00
7.147756501857674039e+01,5.789606560073328190e+00
7.149757073449558220e+01,6.213130483721773345e+00
7.151757645041440981e+01,6.623669475783172444e+00
7.153758216633323741e+01,5.743284627551503263e+00
7.155758788225207923e+01,5.957714586685848523e+00
7.157759359817090683e+01,6.036025036677686195e+00
7.159759931408973443e+01,5.359136445680484861e+00
7.161760503000857625e+01,5.808884676052284313e+00
7.163761074592741807e+01,5.003279066584650714e+00
7.165761646184624567e+01,5.118671044442645091e+00
7.167762217776507327e+01,5.762785720036617931e+00
7.169762789368391509e+01,5.335323689958900495e+00
7.171763360960275691e+01,5.420769731494591070e+00
7.173763932552158451e+01,6.320307343629192331e+00
7.175764504144041211e+01,5.835718106548960726e+00
7.177765075735925393e+01,5.550870281144261398e+00
7.179765647327808153e+01,6.086295181460133819e+00
7.181766218919690914e+01,5.873458001352647173e+00
7.183766790511575095e+01,6.547546564480801301e+00
7.185767362103459277e+01,6.311642001792480805e+00
7.187767933695342037e+01,5.694636886687110433e+00
7.189768505287224798e+01,5.277808716694030622e+00
7.191769076879108979e+01,5.961814369143247916e+00
7.193769648470991740e+01,6.443944570752456968e+00
7.195770220062874500e+01,6.466662312215586184e+00
7.197770791654758682e+01,5.512031744657379662e+00
7.199771363246642863e+01,5.580962813930529620e+00
7.201771934838525624e+01,5.525387275681950427e+00
7.203772506430408384e+01,6.071695714518368092e+00
7.205773078022292566e+01,5.717973393226792211e+00
7.207773649614176747e+01,5.240965531997012761e+00
7.209774221206059508e+01,6.039566866256739885e+00
7.211774792797942268e+01,5.813865970221096191e+00
7.213775364389826450e+01,6.264722379755709447e+00
7.215775935981709210e+01,6.099730980138687642e+00
7.217776507573591971e+01,5.776079626914256693e+00
7.219777079165476152e+01,6.413787830094637599e+00
7.221777650757360334e+01,5.669983638072942256e+00
7.223778222349243094e+01,6.508392890869412639e+00
7.225778793941125855e+01,5.163870176399264267e+00
7.227779365533010036e+01,5.646816637965809349e+00
7.229779937124894218e+01,5.908017914724215558e+00
7.231780508716775557e+01,5.861507696317099558e+00
7.233781080308659739e+01,5.898375561179190818e+00
7.235781651900543920e+01,5.174553575837652630e+00
7.237782223492426681e+01,6.112912202362336345e+00
7.239782795084309441e+01,5.854288622382760821e+00
7.241783366676193623e+01,6.450145451576702271e+00
7.243783938268077804e+01,5.811746428005058362e+00
7.245784509859960565e+01,5.853833610185547265e+00
7.247785081451843325e+01,6.054201568469049555e+00
7.249785653043727507e+01,6.239833310800690924e+00
7.251786224635610267e+01,5.589745674991373647e+00
7.253786796227493028e+01,5.430423313494349813e+00
7.255787367819377209e+01,6.395458059196240441e+00
7.257787939411261391e+01,6.389937099145957866e+00
7.259788511003144151e+01,5.879264209298284527e+00
7.261789082595026912e+01,5.950250374881937532e+00
7.263789654186911093e+01,5.537900189953655072e+00
7.265790225778795275e+01,5.799827322915722227e+00
7.267790797370678035e+01,5.069467211929077344e+00
7.269791368962560796e+01,6.061649431186785009e+00
7.271791940554444977e+01,5.734264240418159631e+00
7.273792512146327738e+01,5.722272712802856987e+00
7.275793083738210498e+01,6.321661540728614526e+00
7.277793655330094680e+01,6.479668806037926387e+00
7.279794226921978861e+01,5.387609926815700057e+00
7.281794798513861622e+01,5.987135438144655097e+00
7.283795370105744382e+01,6.368169128980953886e+00
7.285795941697628564e+01,5.535240691776349919e+00
7.287796513289511324e+01,5.616705375778414222e+00
7.289797084881394085e+01,6.470114609642287462e+00
7.291797656473278266e+01,6.378490077078282638e+00
7.293798228065162448e+01,5.582442123706083947e+00
7.295798799657045208e+01,5.548614523091742967e+00
7.297799371248927969e+01,5.082250566038879924e+00
7.299799942840812150e+01,5.331394956307603294e+00
7.301800514432696332e+01,5.461254949067523512e+00
7.303801086024579092e+01,5.491354930303371518e+00
7.305801657616461853e+01,5.982384279180604558e+00
7.307802229208346034e+01,5.134447489709062395e+00
7.309802800800228795e+01,5.423463710293203732e+00
7.311803372392111555e+01,5.038170498302527278e+00
7.313803943983995737e+01,5.318043308694903715e+00
7.315804515575879918e+01,5.901332806011859056e+00
7.317805087167762679e+01,5.445698550726699949e+00
7.319805658759645439e+01,5.812564290215690654e+00
7.321806230351529621e+01,6.076442464407879385e+00
7.323806801943413802e+01,6.233613650079477431e+00
7.325807373535295142e+01,5.478834681262222617e+00
7.327807945127179323e+01,5.677830145565884834e+00
7.329808516719063505e+01,5.251599073136552498e+00
7.331809088310946265e+01,5.277528802147486431e+00
7.333809659902829026e+01,6.251712974491981711e+00
7.335810231494713207e+01,5.647151310920106582e+00
7.337810803086597389e+01,5.797709470817592248e+00
7.339811374678480149e+01,5.237346666065350931e+00
7.341811946270362910e+01,6.010114915940430791e+00
7.343812517862247091e+01,5.702683875977377248e+00
7.345813089454129852e+01,5.449826926387062898e+00
7.347813661046012612e+01,5.868487796397509726e+00
7.349814232637896794e+01,5.728533487676746638e+00
7.351814804229780975e+01,5.433535766779987952e+00
7.353815375821663736e+01,5.002721773696991114e+00
7.355815947413546496e+01,5.521310940623457064e+00
7.357816519005430678e+01,5.575835024300847209e+00
7.359817090597314859e+01,5.998465036702248732e+00
7.361817662189197620e+01,5.762596020579492162e+00
7.363818233781080380e+01,5.957416774542319438e+00
7.365818805372964562e+01,6.337091581654726191e+00
7.367819376964847322e+01,5.322389498847464928e+00
7.369819948556730083e+01,5.953782906596909896e+00
7.371820520148614264e+01,5.208684993001352126e+00
7.373821091740498446e+01,6.646473907992174190e+00
7.375821663332381206e+01,6.124927310514660661e+00
7.377822234924263967e+01,6.688153157606838484e+00
7.379822806516148148e+01,5.557250331345072070e+00
7.381823378108030909e+01,5.764687024693618156e+00
7.383823949699913669e+01,6.226733160384136490e+00
7.385824521291797851e+01,5.952560536051691997e+00
7.387825092883682032e+01,5.736316457819711445e+00
7.389825664475564793e+01,5.822192592861403782e+00
7.391826236067447553e+01,5.912923057780259839e+00
7.393826807659331735e+01,6.808299731326323823e+00
7.395827379251215916e+01,5.355969728892678638e+00
7.397827950843098677e+01,5.393113903665502917e+00
7.399828522434981437e+01,6.065974507003074834e+00
7.401829094026865619e+01,6.561503251588104213e+00
7.403829665618748379e+01,5.835654148330929658e+00
7.405830237210632561e+01,6.298314609422542176e+00
7.407830808802515321e+01,6.253735583950415844e+00
7.409831380394398082e+01,5.310232808822711092e+00
7.411831951986282263e+01,5.865535581441807089e+00
7.413832523578165024e+01,6.494736564095860309e+00
7.415833095170049205e+01,5.849784498501190200e+00
7.417833666761931966e+01,6.488636648812459384e+00
7.419834238353816147e+01,6.226800141547576217e+00
7.421834809945698908e+01,6.076706418741942173e+00
7.423835381537583089e+01,7.250697908313449958e+00
7.425835953129465850e+01,6.749052455634050318e+00
7.427836524721348610e+01,6.927094634611655088e+00
7.429837096313232792e+01,6.872692072931116947e+00
7.431837667905115552e+01,7.329811028872249778e+00
7.433838239496999734e+01,7.326418241492439698e+00
7.435838811088882494e+01,8.074239402718323078e+00
7.437839382680766676e+01,8.021438170307437332e+00
7.439839954272649436e+01,8.346074344641211340e+00
7.441840525864533618e+01,8.938503308496436262e+00
7.443841097456416378e+01,9.854875027105894247e+00
7.445841669048300560e+01,9.765025186310559491e+00
7.447842240640183320e+01,9.670033362180401326e+00
7.449842812232066080e+01,1.106465959104523655e+01
7.451843383823950262e+01,1.058847977793505279e+01
7.453843955415833022e+01,1.141554304784049023e+01
7.455844527007717204e+01,1.152060574737440390e+01
7.457845098599599964e+01,1.187258881078618700e+01
7.459845670191484146e+01,1.200873857947585499e+01
7.461846241783366906e+01,1.145234776802513643e+01
7.463846813375251088e+01,1.125449247943304520e+01
7.465847384967133848e+01,1.130139592281857475e+01
7.467847956559016609e+01,1.200105368243078985e+01
7.469848528150900790e+01,1.108420050650132183e+01
7.471849099742783551e+01,1.076256916829373012e+01
7.473849671334667732e+01,1.101521338498591973e+01
7.475850242926550493e+01,1.028702584882489646e+01
7.477850814518434674e+01,1.023221282680538735e+01
7.479851386110317435e+01,9.883550340091662889e+00
7.481851957702201616e+01,9.798434927715007348e+00
7.483852529294084377e+01,9.901895752465209810e+00
7.485853100885967137e+01,1.017343096080255016e+01
7.487853672477851319e+01,9.122237166769894046e+00
7.489854244069734079e+01,1.019736682747787526e+01
7.491854815661618261e+01,9.903471475605543972e+00
7.493855387253501021e+01,1.061384707255498583e+01
7.495855958845385203e+01,9.987863581230605803e+00
7.497856530437267963e+01,1.080374182929223181e+01
7.499857102029152145e+01,1.162948952196409103e+01
7.501857673621034905e+01,1.120169700292279913e+01
7.503858245212917666e+01,1.129123736871922112e+01
7.505858816804801847e+01,1.175563719919835748e+01
7.507859388396684608e+01,1.191236415069754173e+01
7.509859959988568789e+01,1.110114789497069410e+01
7.511860531580451550e+01,1.154216007444340875e+01
7.513861103172335731e+01,1.178292137793472527e+01
7.515861674764218492e+01,1.170492201086738859e+01
7.517862246356102673e+01,1.157886470344473295e+01
7.519862817947985434e+01,1.080436058898445850e+01
7.521863389539868194e+01,1.104400456471113756e+01
7.523863961131752376e+01,1.086211743319256584e+01
7.525864532723635136e+01,1.050912109150138463e+01
7.527865104315519318e+01,1.051856914487911254e+01
7.529865675907402078e+01,9.670342711254033219e+00
7.531866247499286260e+01,1.033681021433794456e+01
7.533866819091169020e+01,1.098855067005218800e+01
7.535867390683053202e+01,1.026000109631528545e+01
7.537867962274935962e+01,1.070761197848365853e+01
7.539868533866820144e+01,1.161227377687342432e+01
7.541869105458702904e+01,1.116125131487791045e+01
7.543869677050585665e+01,1.082126521961410504e+01
7.545870248642469846e+01,1.119203612970905759e+01
7.547870820234352607e+01,1.125607792338692548e+01
7.549871391826236788e+01,1.105238425802533442e+01
7.551871963418119549e+01,1.101444773971853408e+01
7.553872535010003730e+01,1.141641866009294048e+01
7.555873106601886491e+01,1.069591324384855469e+01
7.557873678193770672e+01,1.054904203950952812e+01
7.559874249785653433e+01,9.986713587143370319e+00
7.561874821377536193e+01,9.807922857528073024e+00
7.563875392969420375e+01,9.206656118862074578e+00
7.565875964561303135e+01,8.688549300729784264e+00
7.567876536153187317e+01,8.054327873706515817e+00
7.569877107745070077e+01,8.478098813243100551e+00
7.571877679336954259e+01,8.211977746864835837e+00
7.573878250928837019e+01,8.052643387078690651e+00
7.575878822520721201e+01,7.471335965385023314e+00
7.577879394112603961e+01,8.048793318081978398e+00
7.579879965704486722e+01,7.886726572920768952e+00
7.581880537296370903e+01,7.264106905467963671e+00
7.583881108888253664e+01,7.677614253864744498e+00
7.585881680480137845e+01,6.995764187375586474e+00
7.587882252072020606e+01,7.209402970112472886e+00
7.589882823663904787e+01,6.789698280144739861e+00
7.591883395255787548e+01,7.274548497604679476e+00
7.593883966847671729e+01,7.615226599250876305e+00
7.595884538439554490e+01,6.727901340261649210e+00
7.597885110031437250e+01,7.226055519914831748e+00
7.599885681623321432e+01,6.934387038318818419e+00
7.601886253215204192e+01,6.167648006681348605e+00
7.603886824807088374e+01,6.322627615337314211e+00
7.605887396398971134e+01,7.018293135776463743e+00
7.607887967990855316e+01,6.708162206913224068e+00
7.609888539582738076e+01,6.109864413324819665e+00
7.611889111174622258e+01,5.591892017546365778e+00
7.613889682766505018e+01,6.209670161622870665e+00
7.615890254358387779e+01,6.085559217106998986e+00
7.617890825950271960e+01,5.834461675535584035e+00
7.619891397542154721e+01,6.492493058495109715e+00
7.621891969134038902e+01,6.238541358305198514e+00
7.623892540725921663e+01,6.332236877523387264e+00
7.625893112317805844e+01,6.652797162457103397e+00
7.627893683909688605e+01,6.837179965771456480e+00
7.629894255501572786e+01,7.003851522945931940e+00
7.631894827093455547e+01,5.770853115482689866e+00
7.633895398685339728e+01,6.542416560396688396e+00
7.635895970277222489e+01,7.115237006488570159e+00
7.637896541869105249e+01,6.703044230225966515e+00
7.639897113460989431e+01,7.266057645773210893e+00
7.641897685052872191e+01,7.157434240967621264e+00
7.643898256644756373e+01,6.896242351546227667e+00
7.645898828236639133e+01,7.338473156027983890e+00
7.647899399828523315e+01,8.248806165783763689e+00
7.649899971420406075e+01,7.437196747076004755e+00
7.651900543012290257e+01,8.900265580029255830e+00
7.653901114604173017e+01,9.808319987662859063e+00
7.655901686196055778e+01,9.138330450621547030e+00
7.657902257787939959e+01,1.086192466640617482e+01
7.659902829379822720e+01,1.067104567754382316e+01
7.661903400971706901e+01,1.143954453848119002e+01
7.663903972563589662e+01,1.193564422863174812e+01
7.665904544155473843e+01,1.333248452311172016e+01
7.667905115747356604e+01,1.340563937857656640e+01
7.669905687339240785e+01,1.473724217590811314e+01
7.671906258931123546e+01,1.517983791114396119e+01
7.673906830523006306e+01,1.665267031124202290e+01
7.675907402114890488e+01,1.664782354279597598e+01
7.677907973706773248e+01,1.795439963441193143e+01
7.679908545298657430e+01,1.822837448453031328e+01
7.681909116890540190e+01,1.924902572626031372e+01
7.683909688482424372e+01,1.852593269176315616e+01
7.685910260074307132e+01,1.865160032334292595e+01
7.687910831666191314e+01,1.954021220970075134e+01
7.689911403258074074e+01,1.939034022722112383e+01
7.691911974849956835e+01,1.958544024444651654e+01
7.693912546441841016e+01,1.973784982007648381e+01
7.695913118033723777e+01,1.949177011639933710e+01
7.697913689625607958e+01,1.888764478336053187e+01
7.699914261217490719e+01,1.802521802838127840e+01
7.701914832809374900e+01,1.797045247035713444e+01
7.703915404401257661e+01,1.807664462609987055e+01
7.705915975993141842e+01,1.679769958636527960e+01
7.707916547585024603e+01,1.702267551614427532e+01
7.709917119176907363e+01,1.639103745721941507e+01
7.711917690768791545e+01,1.647086592323973875e+01
7.713918262360674305e+01,1.502274470894092140e+01
7.715918833952558487e+01,1.460263464491061391e+01
7.717919405544441247e+01,1.402224058270338070e+01
7.719919977136325429e+01,1.381637133601980949e+01
7.721920548728208189e+01,1.179526505311429929e+01
7.723921120320092371e+01,1.210440870683915549e+01
7.725921691911975131e+01,1.139622156453108914e+01
7.727922263503859313e+01,1.096212470398653238e+01
7.729922835095742073e+01,9.906079293244680173e+00
7.731923406687624833e+01,9.830378363054503410e+00
7.733923978279509015e+01,9.946174227714678295e+00
7.735924549871391775e+01,1.066264235617965639e+01
7.737925121463275957e+01,9.525439103700776400e+00
7.739925693055158717e+01,9.993690835592468957e+00
7.741926264647042899e+01,1.021883456179786265e+01
7.743926836238925659e+01,9.688994787603736114e+00
7.745927407830809841e+01,1.036506028760068077e+01
7.747927979422692601e+01,1.045487047422423821e+01
7.749928551014575362e+01,1.026860203175452568e+01
7.751929122606459543e+01,1.104628079359088488e+01
7.753929694198342304e+01,1.128364652995620254e+01
7.755930265790226485e+01,9.817525631728900137e+00
7.757930837382109246e+01,1.090564928052870108e+01
7.759931408973993427e+01,1.139607664000114795e+01
7.761931980565876188e+01,1.062267141738089826e+01
7.763932552157760369e+01,1.135560469202708944e+01
7.765933123749643130e+01,1.094082030875916089e+01
7.767933695341525890e+01,1.094062811984558259e+01
7.769934266933410072e+01,1.099112044457269377e+01
7.771934838525292832e+01,1.176524975770950121e+01
7.773935410117177014e+01,1.171031926209739638e+01
7.775935981709059774e+01,1.214076917824104385e+01
7.777936553300943956e+01,1.196881210380895055e+01
7.779937124892826716e+01,1.105528326534579087e+01
7.781937696484710898e+01,1.153085242928800902e+01
7.783938268076593658e+01,1.127246971439704026e+01
7.785938839668476419e+01,1.111945833283646756e+01
7.787939411260360600e+01,1.013181706941375282e+01
7.789939982852243361e+01,1.027056946613272714e+01
7.791940554444127542e+01,1.036437729334949864e+01
7.793941126036010303e+01,9.043991880117395965e+00
7.795941697627894484e+01,8.321289893914149971e+00
7.797942269219777245e+01,8.462532028514655025e+00
7.799942840811661426e+01,7.470101333497581209e+00
7.801943412403544187e+01,8.259486541604186272e+00
7.803943983995426947e+01,7.301217869353366474e+00
7.805944555587311129e+01,7.402471706117639272e+00
7.807945127179193889e+01,6.837787926755249046e+00
7.809945698771078071e+01,6.944776228612795421e+00
7.811946270362960831e+01,7.287358161046688210e+00
7.813946841954845013e+01,7.280276527638951833e+00
7.815947413546727773e+01,7.010060884269413428e+00
7.817947985138611955e+01,6.813169020169922874e+00
7.819948556730494715e+01,8.459178431448233226e+00
7.821949128322378897e+01,7.318696995444488707e+00
7.823949699914261657e+01,8.781686517942432602e+00
7.825950271506144418e+01,8.290081352802353365e+00
7.827950843098028599e+01,8.863965316808645412e+00
7.829951414689911360e+01,8.974037241242715623e+00
7.831951986281795541e+01,8.400856964997519327e+00
7.833952557873678302e+01,1.002367463207092868e+01
7.835953129465562483e+01,9.624573637036260010e+00
7.837953701057445244e+01,9.206199706979449005e+00
7.839954272649329425e+01,9.706238494569213060e+00
7.841954844241212186e+01,9.203101430197532906e+00
7.843955415833094946e+01,8.968686827826125807e+00
7.845955987424979128e+01,9.394918769049240836e+00
7.847956559016861888e+01,8.551720162096525968e+00
7.849957130608746070e+01,8.597157364254005785e+00
7.851957702200628830e+01,8.419545937501849764e+00
7.853958273792513012e+01,7.840716574273953299e+00
7.855958845384395772e+01,7.839730741302415318e+00
7.857959416976279954e+01,7.247177308199769463e+00
7.859959988568162714e+01,7.471003096956220446e+00
7.861960560160045475e+01,7.363783586188641372e+00
7.863961131751929656e+01,5.917834663894089076e+00
7.865961703343812417e+01,6.263516771546954409e+00
7.867962274935696598e+01,5.821944780661787888e+00
7.869962846527579359e+01,5.690781145657126672e+00
7.871963418119463540e+01,5.924707366671603026e+00
7.873963989711346301e+01,6.242741221578352651e+00
7.875964561303230482e+01,6.231722440938126439e+00
7.877965132895113243e+01,6.294239658342820398e+00
7.879965704486996003e+01,6.061900725105987320e+00
7.881966276078880185e+01,5.903972964033810555e+00
7.883966847670762945e+01,5.212195185359240313e+00
7.885967419262647127e+01,5.682876283051166766e+00
7.887967990854529887e+01,6.222502188187212013e+00
7.889968562446414069e+01,6.802280016167302712e+00
7.891969134038296829e+01,6.147771286446469752e+00
7.893969705630181011e+01,5.719982111559597016e+00
7.895970277222063771e+01,5.253807030284363577e+00
7.897970848813946532e+01,6.213953057068129837e+00
7.899971420405830713e+01,6.105830911298712138e+00
7.901971991997713474e+01,6.633311785410926475e+00
7.903972563589597655e+01,6.636179833477932277e+00
7.905973135181480416e+01,6.452375624332454151e+00
7.907973706773364597e+01,6.280434767917874694e+00
7.909974278365247358e+01,6.160315512866525900e+00
7.911974849957131539e+01,6.028205580150764575e+00
7.913975421549014300e+01,5.342194257638036348e+00
7.915975993140898481e+01,6.580156763768627570e+00
7.917976564732781242e+01,6.448242536794539959e+00
7.919977136324664002e+01,6.534321779981522305e+00
7.921977707916548184e+01,5.706182869419728299e+00
7.923978279508430944e+01,5.983211851736038867e+00
7.925978851100315126e+01,5.912910116316025366e+00
7.927979422692197886e+01,6.312211840664545548e+00
7.929979994284082068e+01,5.321887671663177777e+00
7.931980565875964828e+01,5.603760961326447188e+00
7.933981137467849010e+01,6.057863857110447725e+00
7.935981709059731770e+01,5.852166319995056654e+00
7.937982280651614531e+01,5.511589695269949019e+00
7.939982852243498712e+01,5.314784109569379744e+00
7.941983423835381473e+01,5.660685870909583528e+00
7.943983995427265654e+01,5.590639368728361092e+00
7.945984567019148415e+01,5.959070752819354055e+00
7.947985138611032596e+01,5.943675292545236744e+00
7.949985710202915357e+01,5.987692900827061848e+00
7.951986281794799538e+01,5.769401969394008844e+00
7.953986853386682299e+01,6.022268195850646322e+00
7.955987424978565059e+01,6.519821882853717554e+00
7.957987996570449241e+01,6.075019636808573154e+00
7.959988568162332001e+01,5.810696304821577840e+00
7.961989139754216183e+01,5.651309746073862605e+00
7.963989711346098943e+01,5.572138740672389012e+00
7.965990282937983125e+01,5.950003855166994704e+00
7.967990854529865885e+01,5.385955811002710369e+00
7.969991426121750067e+01,5.579029581459890252e+00
7.971991997713632827e+01,5.430571510413081171e+00
7.973992569305515588e+01,6.280326118120525436e+00
7.975993140897399769e+01,5.276238783766096674e+00
7.977993712489282530e+01,6.082133538339697054e+00
7.979994284081166711e+01,5.545741802861879677e+00
7.981994855673049472e+01,5.583001740619046416e+00
7.983995427264933653e+01,6.064441274929894377e+00
7.985995998856816414e+01,5.668729608240330897e+00
7.987996570448700595e+01,5.196435866879072663e+00
7.989997142040583356e+01,5.776706935169498180e+00
7.991997713632466116e+01,5.764205869676862548e+00
7.993998285224350298e+01,5.515773483294781343e+00
7.995998856816233058e+01,5.162942837011994968e+00
7.997999428408117240e+01,5.084010312757883732e+00
8.000000000000000000e+01,4.861958419772715700e+00
